Data properties:
 
Recording date: 02/05/2008
Recording time : 11:11:29:015 (corresponds to time 0)
Study: AlasdairTPOnlyRoughness
Subject: AM
Recording: AM1
Screen resolution: 1600 x 1200
Coordinate unit: Pixels
 
 
Filter settings:
 
Eye: Average
Validity level: Normal
Fixation radius: 50
Min duration: 100
 
Fix number	Timestamp	Duration	GazepointX	GazepointY
 
1	304	399	757	675
2	1241	120	851	790
3	1380	179	790	585
4	1799	239	1321	713
5	2098	100	718	564
6	2357	279	735	441
7	2696	219	776	353
8	3055	279	691	236
9	3374	1037	1139	704
10	4451	439	808	616
11	4909	199	992	599
12	5148	897	830	602
13	6066	399	831	591
14	6484	140	916	600
15	6644	698	683	530
16	7361	359	761	527
17	7740	219	750	486
18	7979	1356	794	503
19	9355	160	616	465
20	9554	140	1010	678
21	9714	558	916	616
22	10292	239	844	596
23	10551	319	790	518
24	10890	1495	907	612
25	12405	159	860	484
26	12585	777	825	464
27	13621	160	774	263
28	13801	1416	813	438
29	15256	698	566	472
30	15974	299	620	475
31	16452	179	836	431
32	16652	299	679	400
33	16971	279	604	414
34	17270	259	716	420
35	17549	359	798	436
36	17928	120	514	451
37	18087	140	865	485
38	18247	538	785	490
39	18845	159	1507	501
40	19044	738	801	527
41	19802	977	803	445
42	20818	738	1040	743
43	21755	219	779	359
44	22015	219	876	488
45	22274	159	978	900
46	22473	179	859	572
47	22673	439	1020	703
48	23131	339	968	793
49	23490	359	739	781
50	23889	199	728	379
51	24108	179	786	429
52	24507	1096	784	450
53	25623	279	750	367
54	25922	399	643	421
55	26361	179	1064	479
56	26660	618	829	187
57	27298	120	863	248
58	27617	199	775	403
59	27856	160	1014	209
60	28195	219	1553	359
61	28534	100	810	228
62	28653	259	908	234
63	28933	678	842	195
64	29650	199	514	230
65	29910	199	1174	204
66	30149	339	600	774
67	30627	199	456	906
68	30866	159	682	985
69	31046	339	723	1001
70	31584	120	1412	639
71	31744	100	1963	516
72	32043	100	1840	713
73	32162	120	1940	506
74	32461	199	849	628
75	32700	319	788	578
76	33040	399	886	564
77	33498	618	679	243
78	34136	100	739	277
79	34315	518	1688	396
80	34993	179	641	400
81	35193	199	834	422
82	35412	498	758	268
83	35930	279	699	232
84	36229	259	652	198
85	36548	299	1059	582
86	36887	279	437	621
87	37206	179	463	924
88	37425	239	1106	992
89	37705	120	1083	683
90	37844	339	1002	555
91	38223	219	990	271
92	38462	139	954	399
93	38642	219	1164	249
94	38881	239	1172	132
95	39160	419	448	183
96	39599	239	424	452
97	39858	279	639	614
98	40177	259	816	801
99	40476	319	538	863
100	40835	259	1142	762
101	41134	558	1019	420
102	41732	159	871	658
103	41911	219	947	547
104	42170	239	1063	236
105	42449	239	941	342
106	42709	678	961	410
107	43426	279	1159	187
108	43745	199	653	246
109	43985	120	650	260
110	44144	239	451	285
111	44423	159	481	825
112	44623	319	906	781
113	44981	399	760	941
114	45420	538	1082	1038
115	45998	279	320	1070
116	46317	558	406	849
117	46935	239	1182	904
118	47194	718	1090	680
119	47952	239	1057	460
120	48211	259	964	431
121	48510	459	1194	195
122	49008	399	563	214
123	49427	399	415	320
124	49846	359	339	431
125	50245	179	612	400
126	50783	279	635	1867
127	51102	279	1281	1885
128	51441	538	761	758
129	51999	219	664	632
130	52298	259	1293	1965
131	52577	359	1264	1894
132	53036	259	968	762
133	53315	239	1137	846
134	53574	120	1119	660
135	53734	159	1152	415
136	53913	179	1188	229
137	54132	199	1015	514
138	54351	399	984	423
139	54810	299	1226	1051
140	55149	160	878	910
141	55328	399	1230	1005
142	55767	279	810	775
143	56066	179	738	872
144	56285	199	731	402
145	56525	997	728	1026
146	57701	179	720	489
147	57960	199	1552	699
148	58319	239	1791	669
149	58658	698	806	569
150	59376	239	783	585
151	59635	159	570	690
152	59814	518	509	727
153	60831	120	1805	648
154	61349	159	573	618
155	61529	578	784	582
156	62127	299	700	644
157	62446	658	590	713
158	63124	139	668	691
159	63343	219	1619	555
160	63602	359	768	632
161	63981	339	824	592
162	64360	319	611	676
163	64699	159	544	659
164	64878	279	649	592
165	65177	120	597	651
166	65317	558	754	682
167	66114	219	1905	814
168	66373	399	1941	809
169	66812	120	1931	824
170	67031	179	750	739
171	67230	219	699	615
172	67470	239	775	538
173	67749	259	828	426
174	68028	219	701	440
175	68287	199	583	303
176	68526	219	980	505
177	68785	439	955	409
178	69264	179	1079	599
179	69463	239	993	803
180	69742	299	520	668
181	70081	259	649	926
182	70380	199	808	961
183	70659	359	1069	123
184	71058	379	622	133
185	71477	399	443	353
186	71915	399	1169	279
187	72334	319	986	329
188	72673	219	1153	404
189	72932	419	940	404
190	73391	339	1103	768
191	73750	399	1020	784
192	74188	319	482	801
193	74547	359	462	459
194	74926	219	407	471
195	75185	259	434	255
196	75484	279	900	366
197	75783	279	894	207
198	76102	459	1213	171
199	76620	459	462	483
200	77219	159	617	658
201	77418	319	949	422
202	77797	279	1094	582
203	78096	199	1012	631
204	78315	359	1251	642
205	78734	199	982	822
206	78973	159	593	780
207	79152	678	676	868
208	79850	159	569	944
209	80050	199	505	1088
210	80289	259	1223	967
211	80568	658	1167	1081
212	81266	299	1161	589
213	81605	239	1138	268
214	81864	199	1106	224
215	82103	239	676	135
216	82382	339	385	238
217	82741	219	452	336
218	83000	259	680	402
219	83299	219	810	318
220	83578	279	1205	196
221	83897	239	1162	556
222	84156	459	1089	420
223	84635	299	950	412
224	84974	698	1135	578
225	85711	479	472	571
226	86210	439	748	659
227	86668	339	485	727
228	87067	199	1089	740
229	87286	1156	959	777
230	88822	199	2213	398
231	89101	439	864	597
232	89559	239	795	601
233	89838	678	937	598
234	90636	738	715	497
235	91593	120	1554	524
236	91832	100	1846	653
237	92031	379	748	497
238	92430	179	661	413
239	92629	279	797	415
240	92928	498	706	428
241	93447	120	616	460
242	93606	179	523	220
243	93806	179	477	160
244	94005	179	535	133
245	94224	299	1005	526
246	94563	179	1190	291
247	94763	299	1209	163
248	95121	279	854	831
249	95460	279	364	690
250	95779	179	376	914
251	95999	299	1164	950
252	96338	239	1146	801
253	96617	199	613	871
254	96836	120	614	843
255	96976	598	755	1039
256	98092	159	558	641
257	98271	678	790	619
258	98969	279	726	649
259	99308	239	860	1006
260	99567	239	821	916
261	99826	219	746	989
262	100066	419	782	1023
263	100564	100	1316	741
264	100724	199	1914	675
265	100983	279	813	670
266	101282	319	787	586
267	101641	159	841	708
268	101820	199	846	521
269	102159	379	842	504
270	102578	120	665	524
271	102737	140	737	766
272	102897	339	679	825
273	103515	399	808	452
274	103933	439	837	551
275	104392	319	732	441
276	104731	219	839	482
277	104970	339	768	450
278	105349	279	657	570
279	105827	259	965	141
280	106126	299	1120	739
281	106465	199	1050	859
282	106685	199	1180	897
283	106924	259	422	900
284	107223	259	446	384
285	107522	179	636	410
286	107741	319	939	162
287	108100	239	1266	201
288	108379	259	1062	521
289	108678	219	925	627
290	108917	379	922	752
291	109336	339	1081	967
292	109735	239	345	967
293	110014	100	393	809
294	110134	219	345	622
295	110393	219	564	1118
296	110632	179	546	947
297	110871	419	468	287
298	111330	339	962	271
299	111709	259	669	448
300	112028	359	1157	164
301	112406	219	1181	275
302	112646	219	1100	396
303	112885	219	1084	497
304	113124	299	997	614
305	113443	419	1145	668
306	113902	359	1181	966
307	114280	120	1239	882
308	114440	140	1268	1157
309	114599	279	1243	1110
310	114898	219	1304	1030
311	115177	259	1190	275
312	115457	259	1252	228
313	115756	239	1129	550
314	116015	160	1034	586
315	116214	299	1005	210
316	116553	239	532	247
317	116832	259	829	220
318	117131	259	498	618
319	117410	299	458	727
320	117729	379	678	487
321	118128	100	800	648
322	118268	937	438	779
323	119504	120	1647	622
324	119683	199	658	597
325	119902	638	784	595
326	120560	299	842	577
327	120879	439	780	593
328	121338	439	848	676
329	122075	120	1045	578
330	122235	399	783	577
331	122654	618	853	572
332	123292	678	843	638
333	124009	179	669	634
334	124229	199	692	321
335	124468	299	1049	717
336	124807	279	1140	892
337	125126	259	445	953
338	125445	259	521	148
339	125764	259	1110	274
340	126043	319	1151	327
341	126402	239	731	292
342	126681	399	907	942
343	127099	199	930	984
344	127339	219	1213	930
345	127618	279	1222	254
346	127917	259	1248	154
347	128196	299	888	330
348	128535	259	502	897
349	128814	259	852	850
350	129133	279	1179	942
351	129532	399	1191	688
352	129970	279	862	722
353	130289	459	911	1036
354	130788	259	521	755
355	131206	219	505	217
356	131466	359	1213	258
357	131864	239	1276	593
358	132123	139	1277	655
359	132303	399	1139	196
360	132741	179	782	363
361	132961	299	682	747
362	133280	179	702	874
363	133499	359	1236	983
364	133898	159	1101	645
365	134097	259	875	1011
366	134396	199	1116	728
367	134616	120	1059	800
368	134755	578	1079	678
369	135513	199	2183	484
370	136191	618	899	593
371	136828	299	1037	606
372	137147	279	1134	622
373	137466	179	922	563
374	137666	159	895	479
375	137845	219	959	324
376	138104	319	1146	752
377	138443	139	1128	865
378	138643	359	1181	216
379	139061	259	643	789
380	139360	618	566	967
381	140218	100	1377	476
382	140776	459	851	631
383	141274	259	756	560
384	141553	479	809	592
385	142072	160	616	609
386	142271	159	560	359
387	142451	638	488	448
388	143308	179	1759	617
389	143527	259	1889	784
390	143826	758	1732	572
391	144663	160	1636	440
392	144883	379	701	549
393	145281	100	593	517
394	145421	160	480	343
395	145620	179	927	259
396	145820	778	894	211
397	146617	239	857	208
398	147096	120	1621	468
399	147534	179	1613	429
400	147774	439	816	425
401	148232	239	923	366
402	148491	239	832	392
403	148750	279	764	274
404	149049	219	884	203
405	149309	379	583	600
406	149727	179	1074	639
407	149967	259	1098	136
408	150246	319	1115	244
409	150604	259	1078	946
410	150884	259	946	817
411	151163	179	945	966
412	151382	159	1270	1071
413	151601	219	535	1051
414	151861	399	1252	1050
415	152279	179	1262	938
416	152518	319	1180	246
417	152897	319	464	244
418	153256	279	442	866
419	153555	957	510	658
420	154731	179	2712	707
421	154991	199	914	522
422	155230	359	787	554
423	155768	120	283	567
424	155947	219	746	569
425	156386	219	1056	476
426	156645	219	642	511
427	156884	638	693	597
428	157542	578	784	616
429	158200	359	860	541
430	158599	299	1328	624
431	158938	558	807	577
432	159536	259	571	506
433	159855	120	644	921
434	159995	419	635	851
435	160632	239	1666	638
436	160912	139	1906	747
437	161151	598	805	597
438	162088	439	741	587
439	162546	100	614	742
440	162686	139	911	618
441	162845	498	939	586
442	163424	199	1966	708
443	163643	199	1962	806
444	163942	179	929	596
445	164161	1176	794	560
446	165377	598	585	556
447	165995	140	657	579
448	166155	199	783	577
449	166893	1156	786	555
450	168168	199	650	385
451	168408	159	928	754
452	168587	538	981	832
453	169405	139	1347	599
454	169584	379	761	594
455	170003	140	906	372
456	170182	179	1119	187
457	170421	199	839	676
458	170660	199	856	550
459	170880	498	874	371
460	171398	100	897	567
461	171538	777	1044	756
462	172694	419	880	582
463	173491	239	859	709
464	173751	658	1011	765
465	174528	718	903	316
466	175405	179	1620	470
467	175645	199	805	396
468	175924	259	1612	501
469	176223	219	877	375
470	176462	578	909	294
471	177060	159	830	321
472	177240	638	967	534
473	178416	439	838	512
474	178894	199	685	423
475	179133	219	916	513
476	179373	399	979	512
477	179791	977	872	497
478	180788	817	782	566
479	181646	179	1056	486
480	181845	159	902	493
481	182024	937	1019	459
482	183181	179	1925	814
483	183539	459	914	511
484	184038	877	1054	435
485	184935	359	1059	618
486	185812	159	1013	567
487	185992	479	778	557
488	186510	259	1012	531
489	186789	219	855	528
490	187048	339	1056	590
491	187507	797	943	265
492	189301	219	1027	326
493	189540	199	823	257
494	189779	379	963	387
495	190198	239	805	229
496	190477	159	457	613
497	190657	498	509	582
498	191195	479	725	562
499	191873	279	719	423
500	192212	379	453	1325
501	192670	239	802	397
502	193049	140	460	1241
503	193248	299	819	413
504	193587	319	773	192
505	193926	758	772	479
506	194704	199	884	661
507	194943	718	1093	813
508	195900	239	805	671
509	196319	179	2081	1011
510	196598	100	1026	587
511	196717	518	788	569
512	197455	100	1069	696
513	197595	219	836	600
514	197834	558	701	546
515	198492	199	1691	479
516	198791	339	1841	641
517	199150	179	1874	696
518	199349	199	1951	855
519	199568	179	1928	822
520	199807	259	796	637
521	200107	379	747	468
522	200505	179	648	459
523	200705	279	737	336
524	201004	219	868	166
525	201263	279	893	690
526	201582	179	671	922
527	201781	1714	670	1027
528	203576	179	2038	884
529	203855	120	1918	835
530	204014	299	1910	818
531	204333	159	1913	839
532	204712	159	530	548
533	204891	618	712	594
534	205529	120	673	514
535	205689	100	677	365
536	205808	179	408	505
537	206008	339	374	565
538	206407	399	1136	588
539	207124	379	1927	813
540	207842	299	1936	819
541	208181	139	1935	828
542	208380	199	906	620
543	208620	279	741	596
544	208938	139	662	432
545	209118	239	591	206
546	209417	219	518	705
547	209656	140	382	852
548	209855	259	1088	292
549	210135	259	831	335
550	210434	319	1099	822
551	210773	139	944	803
552	210952	319	577	997
553	211291	199	842	1049
554	211530	299	358	1007
555	211889	239	823	1102
556	212228	259	804	448
557	212527	259	746	250
558	212826	259	1265	212
559	213105	319	1151	261
560	213444	279	1162	519
561	213743	299	1200	759
562	214062	199	1207	876
563	214281	598	1121	958
564	214939	259	679	363
565	215218	339	598	220
566	215597	359	373	621
567	215996	359	845	543
568	216375	179	789	594
569	216594	299	1211	435
570	216913	239	1109	427
571	217192	319	1165	144
572	217551	279	631	192
573	217890	279	529	887
574	218209	199	772	1028
575	218448	299	1028	847
576	218787	359	1242	1025
577	219206	379	1171	509
578	219604	219	1230	544
579	219844	299	1244	667
580	220203	319	378	928
581	220561	219	526	718
582	220821	498	560	344
583	221359	219	414	155
584	221638	239	770	554
585	221937	259	983	145
586	222236	100	1171	185
587	222356	219	1269	166
588	222615	299	1086	618
589	222934	219	1035	718
590	223173	239	1067	857
591	223452	379	514	974
592	223851	219	672	874
593	224110	399	718	737
594	224549	279	976	994
595	224868	379	1168	1035
596	225286	219	1089	611
597	225526	239	1201	544
598	225825	199	1248	766
599	226064	339	1201	270
600	226482	299	1155	393
601	226821	279	1173	155
602	227140	399	986	473
603	227579	259	1093	728
604	227858	179	1116	857
605	228097	319	747	554
606	228456	279	918	549
607	228775	279	799	294
608	229094	259	878	840
609	229393	478	688	386
610	229892	339	649	611
611	230270	239	555	829
612	230549	359	321	546
613	230928	239	361	760
614	231207	459	386	222
615	231706	259	910	332
616	232005	299	729	317
617	232324	239	786	262
618	232583	339	688	368
619	232962	319	1021	335
620	233301	239	1129	454
621	233560	259	1045	612
622	233859	339	1006	841
623	234238	299	1163	876
624	234577	299	666	634
625	234916	159	461	681
626	235115	319	881	882
627	235454	299	853	981
628	235793	199	981	1017
629	236012	179	933	980
630	236231	518	1158	1063
631	236790	339	921	998
632	237168	339	410	1016
633	237547	279	794	1083
634	237866	319	1118	981
635	238205	319	1203	918
636	238544	259	946	952
637	238923	319	1136	798
638	239262	379	943	747
639	239720	219	1143	778
640	240039	259	1166	493
641	240358	199	1254	424
642	240697	379	1168	675
643	241116	499	584	716
644	241714	159	344	637
645	241893	618	739	566
646	242551	219	710	379
647	242790	279	924	313
648	243089	259	1150	216
649	243369	279	1123	138
650	243688	239	640	295
651	243947	199	705	290
652	244166	279	693	144
653	244485	319	374	164
654	244824	279	314	304
655	245143	319	582	134
656	245482	319	471	193
657	245861	279	1184	284
658	246160	239	1139	345
659	246419	299	1205	439
660	246758	439	743	308
661	247236	159	1098	330
662	247416	1356	840	267
663	248931	179	873	440
664	249270	140	1867	705
665	249509	359	894	542
666	249888	179	1068	516
667	250267	199	799	272
668	250506	259	912	300
669	250805	379	769	238
670	251224	618	584	268
671	251881	399	1086	231
672	252918	239	868	337
673	253177	219	791	323
674	253417	797	772	307
675	254234	179	731	441
676	254433	459	770	486
677	255131	379	1862	591
678	255550	179	1863	642
679	255789	538	789	472
680	256347	797	770	369
681	257264	259	1103	205
682	257543	359	1155	200
683	257942	279	540	221
684	258261	339	733	751
685	258620	259	793	663
686	258919	199	575	759
687	259158	1296	615	668
688	260474	339	968	833
689	260853	419	782	857
690	261311	399	1103	930
691	261750	299	1125	633
692	262069	239	1056	649
693	262348	259	1073	994
694	262667	279	412	982
695	262986	379	517	711
696	263405	100	600	444
697	263524	279	539	365
698	263823	319	395	507
699	264182	419	1170	505
700	264621	359	1151	317
701	265020	279	1207	610
702	265339	279	774	559
703	265658	359	572	649
704	266036	140	603	638
705	266216	259	636	300
706	266495	259	630	208
707	266794	259	870	180
708	267073	160	948	180
709	267272	279	448	194
710	267591	279	456	208
711	267890	239	396	284
712	268150	239	389	196
713	268409	159	474	157
714	268608	339	877	140
715	268987	299	1050	154
716	269306	279	943	251
717	269625	179	1115	315
718	269824	499	1226	251
719	270343	1096	1135	446
720	271459	319	1083	622
721	271898	239	555	487
722	272177	758	1089	626
723	272974	718	1195	1010
724	273712	159	1212	953
725	273891	439	1189	1104
726	274350	459	1213	914
727	274848	239	952	932
728	275107	259	778	1028
729	275406	459	383	995
730	275885	140	519	1100
731	276244	199	700	1000
732	276642	379	434	734
733	277041	159	471	659
734	277221	339	426	505
735	277599	379	410	323
736	278018	239	511	235
737	278297	219	728	155
738	278536	419	393	325
739	279075	159	440	123
740	279274	419	1050	132
741	279733	259	845	149
742	280012	179	645	141
743	280231	319	1060	324
744	280590	239	1224	351
745	280869	319	1236	670
746	281208	578	1239	786
747	281826	279	1260	932
748	282165	299	1235	568
749	282524	279	1166	1097
750	282863	1116	1159	536
751	284019	199	1054	925
752	284278	558	1091	443
753	284856	279	931	543
754	285155	299	979	394
755	285474	279	1079	226
756	285793	219	931	726
757	286032	439	1004	693
758	286491	339	809	891
759	286850	179	1043	1017
760	287089	538	849	549
761	287667	179	909	344
762	287887	1415	888	572
763	289322	498	656	585
764	289860	179	580	209
765	290080	319	863	589
766	290419	399	612	690
767	290857	199	937	544
768	291076	598	889	574
769	291714	379	722	208
770	292133	259	629	691
771	292412	299	639	921
772	292751	459	341	985
773	293230	179	466	1088
774	293469	698	380	598
775	294206	259	447	285
776	294486	518	654	363
777	295024	1874	689	475
778	297476	120	703	531
779	297636	179	859	513
780	297835	279	699	406
781	298134	478	817	437
782	298832	279	822	470
783	299131	199	663	580
784	299350	159	679	434
785	299549	239	885	335
786	299848	319	1203	230
787	300207	299	1223	903
788	300566	239	590	966
789	300865	339	366	596
790	301244	179	543	484
791	301443	339	639	712
792	301822	279	1023	553
793	302121	319	939	616
794	302500	359	1013	189
795	302899	279	769	175
796	303218	339	512	263
797	303616	279	819	864
798	303935	199	1311	952
799	304195	279	1077	389
800	304534	399	1228	173
801	304952	219	1288	380
802	305191	279	1253	509
803	305510	239	1163	272
804	305790	379	1271	606
805	306188	199	1227	720
806	306408	259	1152	804
807	306707	100	1151	635
808	306826	279	1086	522
809	307145	379	1247	839
810	307564	339	957	478
811	307923	419	1057	492
812	308381	339	1132	258
813	308740	100	1131	386
814	308880	299	1230	668
815	309219	279	1168	840
816	309637	219	816	961
817	309876	698	862	973
818	310634	319	942	208
819	310993	179	776	188
820	311212	239	813	971
821	311471	1216	852	975
822	312727	359	1263	1032
823	313106	199	1145	1050
824	313345	379	474	1040
825	313744	399	673	1059
826	314163	279	584	1054
827	314462	658	585	848
828	315140	977	729	799
829	316136	419	598	763
830	316595	379	1057	792
831	316994	179	1165	789
832	317193	359	1195	673
833	317572	379	1215	465
834	317971	159	1250	431
835	318170	359	1215	189
836	318569	379	1088	421
837	318967	439	1156	248
838	319446	379	1102	535
839	319845	239	1040	687
840	320124	498	1149	917
841	320662	339	990	745
842	321021	419	1016	684
843	321479	439	984	375
844	321938	379	1046	264
845	322357	538	867	210
846	322935	439	854	496
847	323393	319	903	660
848	323732	179	918	753
849	323932	259	876	979
850	324231	439	752	795
851	324689	199	738	647
852	324909	439	747	491
853	325367	299	613	362
854	325686	179	636	283
855	325885	758	529	365
856	327122	219	1988	802
857	327640	179	779	534
858	327859	199	928	362
859	328078	718	832	399
860	328816	319	672	297
861	329175	219	990	764
862	329434	658	555	953
863	330590	159	667	506
864	330770	399	868	520
865	331208	239	743	458
866	331468	219	829	462
867	331707	179	716	495
868	331926	279	661	770
869	332345	239	565	388
870	332624	219	944	696
871	332883	139	632	550
872	333043	439	887	780
873	334657	139	876	526
874	334837	319	748	551
875	335176	199	885	573
876	335395	419	797	553
877	335854	239	851	316
878	336133	279	1118	745
879	336472	239	864	826
880	336751	299	480	783
881	337090	259	1029	922
882	337389	459	545	780
883	337907	279	696	428
884	338226	120	855	314
885	338385	399	628	691
886	338824	299	1028	336
887	339143	279	893	356
888	339442	857	1127	463
889	341217	120	2068	593
890	341416	179	1934	836
891	341675	259	940	553
892	342094	159	836	456
893	342293	179	1076	431
894	342492	578	932	417
895	343290	100	2087	577
896	343768	159	755	513
897	343968	319	969	512
898	344307	239	1084	459
899	344566	179	896	434
900	344785	140	1012	389
901	345084	379	929	366
902	345483	179	824	406
903	345682	558	974	520
904	346300	219	1752	637
905	346759	718	1955	824
906	347556	299	892	525
907	347875	239	936	476
908	348134	239	1041	466
909	348394	140	958	634
910	348553	578	952	985
911	349709	319	1936	842
912	350088	179	863	633
913	350288	319	844	475
914	350627	259	932	461
915	350906	339	870	429
916	351284	120	671	275
917	351444	439	1021	452
918	352142	179	1934	843
919	352361	419	1962	827
920	352859	239	786	488
921	353118	259	917	461
922	353398	598	1031	430
923	354016	140	891	362
924	354175	499	1009	497
925	355072	179	1926	837
926	355312	239	1011	638
927	355591	439	811	561
928	356069	179	1248	493
929	356288	219	1047	477
930	356528	459	957	471
931	357006	219	1015	367
932	357265	578	411	518
933	358043	140	543	336
934	358262	279	1606	482
935	358581	219	1882	705
936	359040	159	1022	497
937	359219	698	801	509
938	359957	199	543	425
939	360196	219	928	371
940	360455	339	464	1004
941	360814	159	560	975
942	360993	499	575	1102
943	361552	319	1105	324
944	361970	159	1111	214
945	362170	259	1123	756
946	362449	738	1131	879
947	363545	120	2242	786
948	363705	199	1962	863
949	364044	160	926	605
950	364223	319	778	566
951	364562	558	873	556
952	365160	219	1080	681
953	365399	160	964	768
954	365579	698	890	853
955	366296	140	878	808
956	366616	359	796	409
957	366994	259	888	477
958	367273	299	801	450
959	367592	179	866	477
960	367792	159	784	494
961	367971	359	726	443
962	368370	219	841	361
963	368609	379	786	761
964	369008	100	895	727
965	369167	339	1091	287
966	369566	538	825	372
967	370144	299	471	566
968	370463	279	378	844
969	370802	379	1128	850
970	371201	199	1101	990
971	371420	159	1123	1037
972	371620	319	754	681
973	371978	339	985	900
974	372377	239	964	353
975	372656	339	1217	266
976	373035	139	958	209
977	373214	279	1247	539
978	373513	798	1266	687
979	374331	199	1220	729
980	374570	259	1173	951
981	374889	239	741	585
982	375168	279	878	370
983	375487	299	1054	385
984	375846	159	883	762
985	376065	977	948	377
986	377321	259	1702	429
987	377620	399	906	518
988	378238	179	962	394
989	378458	319	808	520
990	378797	339	940	433
991	379155	339	850	357
992	379514	459	652	364
993	380013	359	861	231
994	380412	259	362	249
995	380730	279	820	688
996	381030	140	763	717
997	381209	299	934	819
998	381528	1116	916	892
999	382943	379	1959	810
1000	383402	359	785	575
1001	383781	339	866	585
1002	384259	478	844	672
1003	384758	219	846	772
1004	385017	179	577	390
1005	385216	498	515	337
1006	386034	139	1536	347
1007	386372	219	466	503
1008	386632	219	796	552
1009	387349	259	844	524
1010	387648	259	711	423
1011	388007	179	699	254
1012	388207	319	874	272
1013	388565	239	1230	319
1014	388845	319	520	820
1015	389203	279	1075	864
1016	389502	598	940	953
1017	390958	459	873	576
1018	391436	319	803	570
1019	391775	259	892	609
1020	392074	199	982	775
1021	392294	658	940	826
1022	393171	199	991	380
1023	393410	459	778	564
1024	393888	359	839	589
1025	394287	718	1015	798
1026	395025	259	856	775
1027	395324	120	570	671
1028	395464	538	505	916
1029	396301	120	1381	438
1030	396460	219	841	448
1031	396700	339	810	543
1032	397098	499	450	1385
1033	397656	538	801	562
1034	398235	219	645	800
1035	398474	139	709	838
1036	398653	299	542	309
1037	398992	120	671	398
1038	399172	279	1184	327
1039	399471	319	1009	215
1040	399830	259	1283	174
1041	400129	159	959	160
1042	400348	259	470	579
1043	400647	100	608	753
1044	400786	518	608	529
1045	401325	160	762	576
1046	401684	239	1068	567
1047	401963	1376	815	557
1048	403358	199	625	537
1049	403598	159	584	368
1050	403797	239	941	250
1051	404096	339	552	173
1052	404475	259	881	243
1053	404754	160	801	280
1054	404933	239	809	452
1055	405212	199	1025	578
1056	405452	239	1165	883
1057	405711	518	1106	916
1058	406747	140	2002	790
1059	406927	598	1967	829
1060	407585	179	1955	832
1061	407824	199	951	647
1062	408063	279	791	581
1063	408522	219	2469	1619
1064	408761	139	2578	1673
1065	409020	339	833	471
1066	409399	379	568	818
1067	409798	279	425	1000
1068	410137	159	871	439
1069	410336	279	1154	257
1070	410655	140	887	161
1071	410854	219	423	221
1072	411114	160	538	488
1073	411333	259	999	604
1074	411632	319	1210	647
1075	411971	299	1211	918
1076	412310	259	798	566
1077	412609	319	1043	781
1078	412988	279	1111	205
1079	413306	758	799	194
1080	414343	100	1757	565
1081	414722	120	1962	819
1082	414862	399	1962	803
1083	415300	478	1953	801
1084	415839	319	815	475
1085	416197	339	710	239
1086	416576	259	987	528
1087	416855	678	896	539
1088	417852	100	1494	467
1089	417992	219	2109	682
1090	418251	299	1989	765
1091	418709	259	868	575
1092	418988	459	796	547
1093	419467	299	852	448
1094	419786	199	845	343
1095	420005	638	1039	453
1096	420942	419	1983	795
1097	421660	160	979	525
1098	421859	159	902	448
1099	422039	199	1031	437
1100	422258	897	927	389
1101	423195	259	522	371
1102	423494	259	695	721
1103	423773	179	677	901
1104	423972	917	716	1012
1105	424910	100	840	941
1106	425049	299	387	1410
1107	425408	219	963	554
1108	426006	339	760	547
1109	426365	618	840	595
1110	427003	299	725	680
1111	427402	179	583	1012
1112	427621	160	1181	985
1113	427820	179	1100	484
1114	428040	140	1241	905
1115	428199	219	1277	818
1116	428438	299	1286	761
1117	428777	259	1193	268
1118	429076	100	997	273
1119	429196	399	1262	170
1120	429635	279	729	326
1121	429953	159	907	404
1122	430153	359	539	289
1123	430532	239	451	180
1124	430791	120	409	144
1125	430970	259	948	381
1126	431289	1076	422	136
1127	432406	379	397	463
1128	432804	259	514	487
1129	433083	259	539	656
1130	433363	299	513	840
1131	433682	239	500	1011
1132	433961	339	949	1012
1133	434320	100	1010	933
1134	434459	379	970	748
1135	434858	518	1131	1016
1136	435396	877	1201	907
1137	436293	219	888	873
1138	436532	239	813	763
1139	436792	299	748	704
1140	437130	219	439	810
1141	437390	578	1077	677
1142	438008	359	1260	738
1143	438426	439	771	449
1144	438885	299	923	492
1145	439204	259	927	257
1146	439483	259	1015	265
1147	439762	399	1203	402
1148	440221	478	1246	156
1149	440739	359	849	149
1150	441118	379	526	222
1151	441517	159	603	237
1152	441716	239	462	400
1153	441975	279	387	463
1154	442294	239	730	428
1155	442553	499	623	458
1156	443072	937	729	533
1157	444806	179	1957	786
1158	445065	100	1982	783
1159	445364	140	1558	593
1160	445544	259	732	534
1161	445843	259	870	434
1162	446142	100	683	413
1163	446281	159	928	434
1164	446461	379	997	450
1165	447378	538	1978	811
1166	448096	199	750	503
1167	448315	778	875	432
1168	449112	159	892	368
1169	449312	239	481	308
1170	449591	299	1019	526
1171	449910	100	1010	667
1172	450049	359	795	844
1173	450428	478	740	892
1174	450966	199	1154	477
1175	451206	279	1114	293
1176	451525	139	1133	547
1177	451704	239	963	885
1178	451963	279	980	803
1179	452302	319	1158	515
1180	452641	140	1091	533
1181	452801	638	1123	489
1182	453718	120	2209	818
1183	453857	199	1982	861
1184	454136	120	1973	794
1185	454575	239	825	532
1186	454854	179	1062	414
1187	455053	140	975	486
1188	455213	618	911	566
1189	455851	139	966	596
1190	456010	239	1076	781
1191	456289	319	795	488
1192	456628	299	677	412
1193	456987	159	1136	359
1194	457187	738	570	372
1195	458463	100	1878	703
1196	458602	359	1970	798
1197	459300	159	669	409
1198	459479	538	806	382
1199	460117	598	1043	290
1200	461194	140	1939	810
1201	461353	459	1976	783
1202	462151	618	916	417
1203	462809	339	955	248
1204	463187	179	472	339
1205	463387	259	632	746
1206	463686	219	666	1008
1207	463925	698	683	1045
1208	465002	479	1983	777
1209	465680	140	720	495
1210	465839	718	841	521
1211	466577	259	755	531
1212	466876	678	1022	760
1213	467932	718	1985	778
1214	468710	259	795	583
1215	469009	678	908	627
1216	469727	259	815	348
1217	470026	199	1117	625
1218	470285	698	619	995
1219	471302	179	2248	708
1220	471581	199	622	470
1221	471820	618	810	536
1222	472458	319	764	589
1223	472797	159	815	546
1224	472996	299	961	464
1225	473315	100	1118	376
1226	473455	518	426	476
1227	474013	120	1043	517
1228	474591	100	2009	469
1229	474890	159	656	545
1230	475070	718	810	572
1231	475987	339	780	522
1232	476405	199	1081	490
1233	476625	558	1027	521
1234	477362	319	1957	807
1235	477741	299	950	591
1236	478060	239	781	528
1237	478499	219	877	523
1238	478758	219	1114	518
1239	478997	897	810	504
1240	479954	239	1910	649
1241	480213	618	1962	798
1242	480871	558	1953	809
1243	481489	459	796	559
1244	481988	219	723	306
1245	482227	279	605	468
1246	482546	179	1177	555
1247	482765	379	576	477
1248	483722	538	1979	810
1249	484300	479	1976	793
1250	484838	339	786	562
1251	485197	179	708	417
1252	485397	219	686	322
1253	485656	179	1051	344
1254	485855	319	1082	178
1255	486214	319	1095	624
1256	486553	279	1078	803
1257	486852	159	1265	917
1258	487051	259	504	794
1259	487410	199	517	638
1260	487669	199	356	933
1261	488028	259	426	114
1262	488347	239	944	197
1263	488606	718	757	178
1264	489364	359	1180	123
1265	489763	339	797	178
1266	490122	638	749	190
1267	490799	239	1001	571
1268	491756	120	1964	732
1269	491936	259	824	373
1270	492215	219	911	473
1271	492454	239	860	351
1272	492713	339	878	302
1273	493092	419	716	222
1274	493551	299	1184	186
1275	493890	279	990	148
1276	494208	219	370	270
1277	494468	219	687	607
1278	494707	279	566	621
1279	495026	120	1024	728
1280	495185	578	616	578
1281	496222	1655	852	532
1282	497917	578	1029	520
1283	498774	159	1161	427
1284	498973	179	785	561
1285	499213	299	1689	755
1286	499552	518	942	594
1287	500090	558	1007	608
1288	500688	199	892	533
1289	500927	219	854	367
1290	501166	139	697	303
1291	501346	259	433	507
1292	501645	877	676	503
1293	502781	199	1853	652
1294	503240	179	650	528
1295	503439	738	830	523
1296	504197	518	807	436
1297	504735	279	664	432
1298	505034	319	1010	443
1299	505393	239	1091	709
1300	505672	140	902	438
1301	505851	459	597	448
1302	506330	159	443	224
1303	506549	299	1129	171
1304	506908	179	1137	974
1305	507127	179	1039	791
1306	507327	319	1019	750
1307	507686	339	528	905
1308	508044	259	650	997
1309	508324	359	985	1027
1310	508722	359	716	587
1311	509121	159	894	587
1312	509320	339	1167	660
1313	509759	239	1180	239
1314	510018	279	1230	172
1315	510337	259	683	210
1316	510616	239	816	331
1317	510875	279	869	459
1318	511194	219	767	696
1319	511434	199	696	721
1320	511673	957	1060	708
1321	513048	120	1985	775
1322	513188	379	1988	789
1323	513607	618	1967	793
1324	514484	100	1961	814
1325	514683	279	818	534
1326	514982	439	956	569
