Data properties:
 
Recording date: 02/05/2008
Recording time : 11:28:29:906 (corresponds to time 0)
Study: AlasdairTPOnlyRoughness
Subject: AM
Recording: AM3
Screen resolution: 1600 x 1200
Coordinate unit: Pixels
 
 
Filter settings:
 
Eye: Average
Validity level: Normal
Fixation radius: 50
Min duration: 100
 
Fix number	Timestamp	Duration	GazepointX	GazepointY
 
1	271	399	821	550
2	829	359	1536	287
3	1387	199	843	402
4	1607	538	861	499
5	2165	159	959	481
6	2424	738	870	731
7	3202	219	785	577
8	4338	100	1927	815
9	4517	319	1934	808
10	4876	139	1929	832
11	5136	120	848	550
12	5275	1176	765	706
13	6750	538	1942	823
14	7349	897	834	574
15	8285	658	727	488
16	9322	199	1957	818
17	9701	120	501	505
18	9860	219	791	539
19	10100	179	865	503
20	10299	239	912	495
21	10558	419	822	494
22	11017	139	620	408
23	11176	479	848	715
24	11874	179	2026	558
25	12313	179	897	615
26	12512	419	802	556
27	12951	738	856	596
28	13708	100	744	639
29	13848	339	756	213
30	14246	179	1125	452
31	14486	339	674	253
32	14865	339	459	573
33	15243	239	906	895
34	15562	239	1122	587
35	15821	179	1177	434
36	16041	179	1170	218
37	16240	499	1072	263
38	16978	199	1763	473
39	17217	299	1753	482
40	17576	259	837	497
41	18134	199	990	234
42	18353	219	1136	287
43	18593	279	1006	234
44	18892	259	769	262
45	19191	120	941	376
46	19350	279	791	619
47	19669	598	583	835
48	20307	179	767	775
49	20506	160	806	991
50	20766	179	807	476
51	21125	140	836	496
52	21424	140	1651	420
53	21623	299	746	572
54	21962	140	715	730
55	22141	259	581	747
56	22440	658	927	534
57	23158	179	1750	488
58	23557	658	813	497
59	24255	239	979	482
60	24613	239	851	393
61	24873	199	829	375
62	25112	239	1007	559
63	25371	339	1073	366
64	25750	179	770	923
65	25989	638	992	411
66	27105	120	1949	776
67	27305	299	1035	363
68	27743	159	2082	535
69	27923	219	1937	767
70	28202	299	927	481
71	28521	459	992	337
72	28999	777	620	424
73	29996	120	1582	494
74	30196	139	2158	716
75	30395	618	1953	801
76	31033	120	1948	807
77	31272	239	623	416
78	31551	339	770	408
79	31910	120	759	357
80	32070	100	922	101
81	32209	419	932	146
82	32668	299	925	153
83	33126	419	1619	461
84	33744	179	1776	236
85	34063	140	1800	270
86	34322	100	852	431
87	34462	159	1057	307
88	34641	199	987	235
89	34861	160	945	182
90	35060	678	950	634
91	35758	299	823	565
92	36256	1176	795	520
93	37452	299	870	379
94	37791	199	744	451
95	38031	179	1067	743
96	38250	239	676	487
97	38509	598	721	523
98	39287	179	1854	664
99	39486	199	1907	760
100	39984	140	1833	329
101	40244	179	821	576
102	40463	199	872	412
103	40682	219	803	350
104	40921	219	884	372
105	41181	239	742	467
106	41460	199	865	282
107	41699	219	731	647
108	41938	439	703	653
109	42397	160	763	623
110	42636	179	1944	742
111	42935	279	1966	805
112	43254	100	1956	805
113	43553	259	786	550
114	43832	259	848	453
115	44111	399	781	412
116	44550	738	1113	885
117	45347	159	845	533
118	45567	359	1777	489
119	46005	359	829	588
120	46384	100	841	506
121	46504	139	838	497
122	46862	159	1087	633
123	47062	339	959	595
124	47441	159	782	845
125	47620	459	739	864
126	48218	139	1998	829
127	48378	778	1973	784
128	49374	738	819	547
129	50132	638	652	538
130	50850	279	1820	614
131	51248	419	1937	804
132	51886	199	721	535
133	52106	718	802	537
134	52863	160	731	370
135	53083	678	647	790
136	53800	100	887	748
137	54060	518	1940	797
138	54618	219	1942	800
139	54917	239	717	613
140	55176	179	819	575
141	55375	439	870	436
142	55834	199	735	413
143	56073	199	978	662
144	56292	578	1199	684
145	56990	139	2140	666
146	57369	478	1888	742
147	57867	578	1951	811
148	58505	199	951	644
149	58745	179	1146	596
150	58964	558	970	569
151	59602	239	1970	750
152	59861	199	1960	791
153	60439	578	1956	795
154	61217	159	827	530
155	61416	279	1148	551
156	61735	159	888	545
157	61914	698	845	481
158	62911	279	1948	781
159	63230	199	1949	799
160	63649	439	807	523
161	64107	538	885	477
162	64686	359	688	408
163	65084	239	729	686
164	65363	299	931	391
165	65702	359	1058	740
166	66101	279	349	853
167	66420	179	493	835
168	66639	179	397	463
169	66859	159	467	251
170	67078	259	985	201
171	67357	199	904	263
172	67596	239	1175	316
173	67875	419	1125	405
174	68334	299	1190	644
175	68653	598	1137	829
176	69271	299	1217	952
177	69590	239	1104	791
178	69849	778	1148	846
179	71045	538	790	567
180	71643	199	1168	748
181	71863	199	1053	748
182	72082	618	1042	680
183	72740	299	846	687
184	73079	419	854	296
185	73876	219	1874	673
186	74215	179	1148	546
187	74435	179	955	572
188	74634	239	815	568
189	74893	658	883	582
190	75571	1017	837	644
191	76767	199	737	382
192	77026	160	901	668
193	77206	379	853	548
194	77604	578	795	520
195	78222	219	532	414
196	78462	399	493	419
197	78880	140	586	417
198	79120	120	1518	622
199	79439	140	1973	493
200	79618	100	1999	461
201	79917	159	652	446
202	80116	1475	807	380
203	81771	279	1904	392
204	82349	219	1924	794
205	82688	140	746	435
206	82848	777	818	468
207	83665	578	681	406
208	84363	239	1709	592
209	85200	1057	867	471
210	86297	538	653	412
211	87513	199	1952	795
212	87792	239	921	564
213	88071	319	760	435
214	88410	478	844	450
215	88908	259	752	421
216	89207	139	585	300
217	89467	159	659	224
218	89666	259	1021	315
219	89965	279	1042	658
220	90284	259	955	853
221	90583	259	1235	711
222	90882	419	393	941
223	91341	179	330	723
224	91560	359	809	961
225	91959	279	1179	954
226	92278	219	1114	723
227	92517	259	1008	751
228	92816	179	952	436
229	93035	239	1080	306
230	93294	279	1030	202
231	93633	239	1226	443
232	93912	219	1143	563
233	94172	299	1120	833
234	94490	259	1033	927
235	94770	120	909	891
236	94949	279	992	313
237	95248	359	799	299
238	95627	379	888	432
239	96026	319	612	607
240	96364	379	569	745
241	96783	219	519	257
242	97042	439	569	769
243	97521	259	436	224
244	97820	379	864	193
245	98239	299	1159	169
246	98558	339	1070	186
247	98936	259	916	250
248	99235	439	468	315
249	99694	299	671	334
250	100013	179	892	334
251	100252	339	1178	274
252	100631	319	1099	435
253	100990	279	573	420
254	101309	219	485	488
255	101568	160	796	525
256	101747	678	507	571
257	102465	299	827	563
258	102804	279	944	637
259	103123	239	1028	734
260	103402	359	1188	657
261	103781	279	1090	791
262	104080	379	1117	921
263	104499	1017	1109	794
264	105894	359	767	554
265	106273	219	827	568
266	106552	199	2017	753
267	106771	199	2001	775
268	107030	379	871	583
269	107429	199	961	614
270	107649	618	768	698
271	108586	239	1912	737
272	108865	359	1978	790
273	109263	100	1970	785
274	109463	259	834	561
275	109742	199	733	613
276	109961	259	824	579
277	110240	359	819	554
278	110639	120	750	742
279	110798	658	690	985
280	111975	259	1946	799
281	112433	339	800	539
282	112792	239	743	535
283	113051	479	841	527
284	113550	179	882	903
285	113749	359	957	936
286	114307	120	907	725
287	114726	1475	1958	816
288	116261	199	959	668
289	116480	379	1212	737
290	116979	379	1944	830
291	117457	120	970	557
292	117776	379	816	538
293	118215	359	1099	610
294	118594	379	995	528
295	119092	159	870	237
296	119271	160	1030	419
297	119451	419	1003	411
298	119929	219	1872	677
299	120248	140	1965	834
300	121524	140	885	462
301	121684	239	1024	398
302	121943	199	1196	428
303	122182	259	1098	948
304	122481	160	643	624
305	122661	738	418	661
306	123777	658	866	558
307	124854	160	905	552
308	125033	279	834	471
309	125372	159	572	726
310	125551	359	576	883
311	125930	120	648	778
312	126110	179	346	1318
313	126668	319	750	594
314	127007	239	814	585
315	127286	359	667	686
316	127665	319	569	739
317	128004	159	379	888
318	128303	279	892	335
319	128622	199	995	455
320	128841	259	925	638
321	129120	120	874	709
322	129280	259	941	897
323	129559	339	1056	917
324	129937	219	1163	613
325	130256	279	1139	253
326	130595	299	560	502
327	130914	299	709	668
328	131233	359	803	676
329	131652	279	1030	988
330	131951	239	1160	1056
331	132270	479	1089	157
332	132768	319	1136	129
333	133127	339	589	297
334	133486	738	590	383
335	135260	259	871	435
336	135540	738	770	436
337	136297	199	674	392
338	136516	219	821	291
339	136756	758	901	430
340	137673	299	1828	650
341	137992	140	1917	560
342	138171	299	1926	561
343	138670	140	858	515
344	138849	179	1010	301
345	139048	618	923	333
346	139686	259	833	372
347	139966	239	934	558
348	140245	259	1142	225
349	140564	299	1190	769
350	140922	239	753	727
351	141222	239	456	885
352	141501	160	810	895
353	141720	359	613	264
354	142119	179	852	330
355	142318	219	877	225
356	142557	399	904	494
357	142996	439	1124	214
358	143474	299	387	384
359	143793	279	659	468
360	144112	239	934	725
361	144391	299	1121	984
362	144710	339	1211	1076
363	145069	159	1220	743
364	145269	698	1211	1096
365	146006	279	609	1052
366	146325	299	1054	988
367	146664	359	1214	892
368	147043	419	1078	819
369	147501	279	710	886
370	147800	339	496	789
371	148179	339	577	872
372	148538	100	554	798
373	148658	299	759	660
374	148977	219	860	736
375	149216	259	1028	650
376	149495	399	1213	661
377	149914	299	812	615
378	150253	399	498	645
379	150691	658	780	535
380	151369	259	860	567
381	151688	319	1037	345
382	152027	339	987	435
383	152406	319	1205	309
384	152745	259	905	555
385	153024	319	931	514
386	153423	478	896	548
387	153941	179	1221	308
388	154280	279	1106	325
389	154579	359	1095	195
390	154978	339	739	330
391	155336	179	688	318
392	155536	279	855	456
393	155855	279	353	447
394	156154	279	394	140
395	156573	279	1000	164
396	156872	219	1203	213
397	157131	259	781	137
398	157430	299	1157	282
399	157749	319	1210	458
400	158088	399	1202	566
401	158506	259	1016	571
402	158805	359	599	662
403	159184	498	602	737
404	159703	279	521	791
405	160041	379	860	931
406	160440	239	784	916
407	160699	638	1217	1077
408	161377	379	1207	735
409	161816	379	503	999
410	162215	299	687	1027
411	162533	379	898	1034
412	162952	518	1258	1099
413	163510	199	1195	649
414	163750	239	1105	356
415	164009	319	1095	247
416	164388	379	589	213
417	164826	239	157	268
418	165125	100	655	302
419	165703	140	1955	733
420	166002	239	847	371
421	166740	179	1170	313
422	166939	578	965	224
423	167557	219	684	150
424	167817	319	1011	185
425	168176	219	613	176
426	168415	299	792	158
427	168734	239	495	201
428	168993	299	755	398
429	169332	259	997	385
430	169631	638	1194	266
431	170309	419	920	566
432	170767	299	444	529
433	171086	399	565	670
434	171525	299	491	1005
435	171844	299	830	961
436	172163	339	1206	1017
437	172542	459	1207	731
438	173020	439	1248	872
439	173518	359	687	868
440	173917	299	585	751
441	174236	299	356	663
442	174575	179	587	681
443	174794	359	501	299
444	175193	359	843	304
445	175592	339	1197	356
446	175951	399	1032	513
447	176389	778	1205	581
448	177207	159	1033	361
449	177386	319	1137	159
450	177725	339	882	130
451	178124	259	357	198
452	178423	279	757	254
453	178722	120	709	319
454	178881	219	893	522
455	179141	199	894	284
456	179380	219	864	168
457	179639	339	449	149
458	180038	777	1189	186
459	180855	319	912	221
460	181214	279	504	218
461	181513	279	687	363
462	181832	439	901	509
463	182310	479	1053	326
464	182829	459	1202	411
465	183327	319	701	409
466	183666	299	661	491
467	184005	279	571	627
468	184304	419	620	707
469	184763	239	924	541
470	185042	718	1036	681
471	185779	837	1157	607
472	186637	339	1017	730
473	187035	558	1206	879
474	187614	199	925	881
475	187833	299	786	883
476	188152	419	575	708
477	188590	239	525	745
478	188869	319	547	980
479	189248	239	1160	1035
480	189527	379	1215	895
481	189926	339	1127	955
482	190305	279	829	946
483	190963	678	854	1044
484	191661	299	1103	1031
485	191980	100	1041	1017
486	192119	359	1210	878
487	192518	379	826	879
488	192937	319	489	829
489	193275	459	464	702
490	193754	319	745	718
491	194113	279	968	702
492	194412	199	1067	685
493	194651	279	1144	607
494	195050	259	961	546
495	195329	877	909	495
496	196246	678	1059	340
497	196964	379	612	252
498	197382	279	745	280
499	197721	359	1213	240
500	198100	319	1038	139
501	198459	239	792	136
502	198758	239	448	250
503	199017	299	505	366
504	199336	319	466	463
505	199675	419	683	519
506	200134	339	795	654
507	200492	419	937	507
508	200931	179	1151	433
509	201130	459	874	561
510	201609	199	904	447
511	201828	219	874	353
512	202087	299	1247	334
513	202406	199	1243	415
514	202646	339	1216	204
515	203044	319	816	158
516	203423	259	491	174
517	203742	259	388	573
518	204041	259	554	748
519	204340	299	1053	668
520	204659	259	1129	888
521	204938	299	1210	1029
522	205257	179	1248	917
523	205477	618	1202	1106
524	206114	100	1246	1116
525	206274	279	576	1104
526	206593	399	709	930
527	207151	140	1251	939
528	207311	399	1129	917
529	207749	379	1128	760
530	208168	439	950	728
531	208626	359	697	773
532	209025	319	531	709
533	209364	239	629	800
534	209623	439	816	691
535	210102	299	942	589
536	210421	379	980	465
537	210820	598	897	575
538	211457	279	1200	622
539	211756	459	1188	528
540	212255	379	667	523
541	212654	339	448	491
542	213012	199	402	567
543	213252	319	661	433
544	213611	439	900	531
545	214069	498	983	454
546	214587	399	821	477
547	215006	399	694	436
548	215425	459	629	323
549	215923	658	1016	387
550	216601	419	1152	440
551	217040	379	1005	457
552	217438	837	1127	438
553	218296	319	1128	326
554	218654	279	831	305
555	218974	359	483	272
556	219472	299	779	219
557	219811	379	1169	169
558	220249	379	1040	898
559	220668	239	1114	1061
560	220927	239	1066	975
561	221206	339	683	876
562	221565	339	828	958
563	221944	279	586	1051
564	222263	299	821	1033
565	222602	319	1243	1075
566	222961	319	1151	660
567	223300	279	1152	747
568	223599	379	1230	858
569	223997	179	1161	929
570	224217	159	805	905
571	224615	698	769	988
572	225353	538	417	1080
573	225931	120	795	1077
574	226091	758	333	1002
575	226888	658	837	846
576	227566	379	810	660
577	227985	339	1004	669
578	228344	678	1050	810
579	229061	299	1190	935
580	229380	239	1276	1069
581	229639	120	1203	1092
582	230178	259	511	1090
583	230457	578	727	1061
584	231314	279	1237	939
585	231613	319	1181	1001
586	231972	319	873	1029
587	232311	259	999	1082
588	232610	239	1043	924
589	232869	259	1275	935
590	233168	239	1248	696
591	233447	159	1235	514
592	233627	120	1213	374
593	233786	259	1308	880
594	234105	359	1190	324
595	234484	299	1283	362
596	234803	140	1200	421
597	234982	478	1181	143
598	235501	439	823	175
599	235979	239	1134	378
600	236258	219	1199	479
601	236498	199	1209	648
602	236737	379	1207	860
603	237136	239	1078	879
604	237395	678	1022	624
605	238112	319	1103	955
606	238471	159	1056	729
607	238651	279	1065	634
608	238950	159	1072	579
609	239149	259	1068	409
610	239428	279	1071	249
611	239727	179	984	242
612	239927	478	999	440
613	240425	479	959	271
614	240943	718	933	583
615	241701	259	963	830
616	241980	299	862	890
617	242319	279	870	617
618	242638	179	883	498
619	242837	399	911	554
620	243276	379	841	390
621	243754	379	850	215
622	244153	817	733	438
623	244990	658	815	575
624	245668	359	817	709
625	246047	279	790	598
626	246346	339	805	667
627	246705	399	783	894
628	247124	279	733	969
629	247423	379	800	1020
630	247841	239	711	822
631	248101	279	846	1065
632	248499	399	770	850
633	248938	259	694	724
634	249217	199	714	611
635	249436	419	706	567
636	249875	199	721	432
637	250094	279	725	283
638	250393	319	643	191
639	250732	578	587	373
640	251330	179	604	551
641	251530	837	615	404
642	252387	239	611	461
643	252666	299	631	642
644	252985	359	604	773
645	253364	299	622	865
646	253703	419	514	535
647	254141	219	467	384
648	254380	439	497	442
649	254839	259	545	310
650	255138	179	366	481
651	255338	319	355	610
652	255796	159	455	259
653	256015	299	370	949
654	256354	239	432	476
655	256633	518	413	833
656	257172	319	389	684
657	257530	140	400	453
658	257690	359	373	275
659	258089	478	683	203
660	258607	279	1193	221
661	258906	279	999	342
662	259285	359	952	428
663	259664	558	1111	598
664	260242	299	1218	495
665	260581	319	909	571
666	260940	359	1200	660
667	261338	279	1166	1037
668	261637	100	1195	1081
669	261777	279	849	871
670	262096	159	1097	1106
671	262275	399	1227	1096
672	262734	199	784	1109
673	262993	279	497	1115
674	263312	359	1083	1056
675	263711	319	1235	1024
676	264050	319	1271	935
677	264408	658	833	1002
678	265106	120	710	891
679	265385	140	869	441
680	265764	199	892	335
681	265984	299	977	257
682	266303	199	923	332
683	266522	399	864	432
684	266941	777	948	447
685	267758	1276	1161	472
686	269074	259	538	593
687	269353	160	642	467
688	269552	1834	849	486
689	271406	199	893	510
690	271626	977	896	565
691	272622	159	809	531
692	272802	159	821	351
693	273001	179	878	496
694	273220	499	855	660
695	273739	179	993	561
696	273938	758	1105	475
697	274736	279	1092	943
698	275035	219	1117	864
699	275294	140	658	601
700	275473	239	421	563
701	275752	199	539	350
702	275992	299	722	363
703	276331	179	406	184
704	276570	299	1009	222
705	276889	1296	1138	442
706	278224	299	1146	796
707	278543	299	1153	895
708	278862	239	1250	1108
709	279142	160	919	878
710	279341	319	1220	1069
711	279680	299	875	862
712	279999	259	916	900
713	280298	1097	1213	1115
714	281434	359	404	980
715	281813	179	564	1101
716	282052	299	526	487
717	282471	299	988	194
718	282830	359	1190	265
719	283229	339	897	509
720	283607	259	915	621
721	283906	718	1195	1080
722	284664	479	1198	724
723	285282	279	1119	430
724	285581	359	1166	503
725	285980	299	1166	509
726	286319	359	1238	763
727	286717	160	1090	645
728	286937	319	623	433
729	287276	199	524	436
730	287515	239	687	182
731	287794	299	1165	1100
732	288113	558	1204	1100
733	288791	419	834	632
734	289249	239	1008	647
735	289528	997	826	590
736	290625	159	848	619
737	290824	160	1115	704
738	291004	1116	1181	732
739	292439	120	1751	619
740	292938	219	843	591
741	293197	239	1077	667
742	293456	479	1013	598
743	294154	259	972	599
744	294433	219	1165	666
745	294772	199	1038	892
746	294991	339	1040	941
747	296008	219	951	550
748	296247	419	801	573
749	296706	239	1009	846
750	296965	199	1086	903
751	297184	518	980	887
752	297782	857	589	296
753	298679	120	714	378
754	299477	100	2021	519
755	299696	459	732	439
756	300174	638	822	491
757	300852	279	1204	629
758	301171	319	680	863
759	301510	678	478	855
760	302547	179	683	463
761	302746	439	811	523
762	303225	239	965	471
763	303524	199	1192	480
764	303743	239	1004	516
765	304002	279	1078	524
766	304301	159	857	562
767	304481	558	891	499
768	305358	140	2044	747
769	305617	219	926	557
770	305896	359	1975	708
771	306315	279	908	559
772	306614	419	990	481
773	307073	159	807	344
774	307272	259	884	227
775	307571	339	895	656
776	307950	379	484	716
777	308388	299	1147	825
778	308707	279	1230	652
779	309026	259	1233	1037
780	309345	279	1162	148
781	309644	299	1104	223
782	309983	459	1175	373
783	310501	179	639	518
784	310721	299	1134	555
785	311040	199	1152	639
786	311259	259	1115	727
787	311558	339	1152	1025
788	311937	160	834	1026
789	312136	259	1071	1006
790	312435	419	991	684
791	312874	159	1034	565
792	313073	299	999	340
793	313392	100	1038	355
794	313532	399	1014	182
795	313970	319	847	351
796	314329	319	862	524
797	314668	339	774	478
798	315047	439	873	688
799	315506	259	929	821
800	315785	239	739	869
801	316044	459	933	870
802	316542	239	826	984
803	316821	199	740	736
804	317061	279	695	553
805	317360	299	754	300
806	317778	199	686	169
807	318018	359	521	331
808	318396	279	686	445
809	318715	279	654	658
810	319014	339	686	851
811	319393	419	509	773
812	319832	179	436	706
813	320031	179	598	950
814	320250	578	453	718
815	321088	100	1825	806
816	321307	279	1932	823
817	321606	199	1932	831
818	322005	100	618	578
819	322124	897	798	574
820	323081	319	1050	386
821	323440	658	617	306
822	324317	239	1891	403
823	324776	478	1955	801
824	325554	379	814	446
825	325952	339	789	372
826	326311	199	825	360
827	326550	259	483	617
828	326830	638	405	621
829	327627	319	675	506
830	328504	140	1950	450
831	328923	120	576	645
832	329102	279	830	593
833	329481	299	882	315
834	329800	219	917	382
835	330059	159	693	434
836	330239	558	654	494
837	331036	219	1805	668
838	331415	120	1813	355
839	331814	199	903	543
840	332053	259	719	408
841	332332	319	843	428
842	332671	219	760	431
843	332910	120	575	436
844	333050	159	847	655
845	333229	299	919	681
846	333807	120	2027	737
847	333967	439	1933	804
848	334565	419	882	556
849	335023	319	987	668
850	335362	299	929	567
851	335701	159	786	510
852	335881	678	580	476
853	336917	279	1962	736
854	337216	339	1976	785
855	337595	419	1957	802
856	338054	179	1953	817
857	338353	359	728	510
858	338732	618	616	459
859	339429	319	1847	642
860	340027	100	1899	681
861	340147	100	1968	455
862	340645	299	877	489
863	341263	478	631	405
864	341782	159	1018	531
865	341961	618	1238	572
866	343118	219	1905	790
867	343357	538	1945	823
868	343995	219	943	540
869	344234	199	870	521
870	344473	319	1016	524
871	344812	159	911	713
872	344992	678	952	841
873	346008	100	1988	867
874	346128	758	1956	817
875	346985	199	907	547
876	347204	339	811	581
877	347563	239	930	632
878	347823	877	1065	647
879	349078	179	1958	821
880	349298	120	1967	798
881	349477	618	912	609
882	350115	359	1036	598
883	350494	279	967	611
884	350813	797	730	690
885	351989	120	1940	806
886	352547	219	773	623
887	352787	598	879	602
888	353425	299	765	556
889	353744	698	547	692
890	354780	140	1941	741
891	354940	1076	1973	779
892	356076	259	743	662
893	356355	239	839	560
894	356634	100	829	690
895	356754	159	1065	800
896	356953	359	612	630
897	357352	379	794	279
898	358668	199	622	678
899	358907	937	794	556
900	359884	239	586	616
901	360143	179	590	793
902	360382	239	521	258
903	360662	299	1111	381
904	360981	259	1023	414
905	361280	199	1246	173
906	361539	299	1050	746
907	361858	279	1190	690
908	362157	179	1236	692
909	362376	179	535	717
910	362615	359	1178	955
911	363014	279	568	983
912	363333	179	676	792
913	363532	239	797	713
914	363792	219	874	934
915	364051	179	871	462
916	364290	159	1010	277
917	364469	199	1180	285
918	364689	618	928	213
919	365586	140	2169	571
920	366304	319	890	477
921	366682	199	642	384
922	366922	498	881	359
923	367440	658	689	439
924	368716	140	1896	604
925	368975	120	1907	620
926	369414	100	656	469
927	369533	498	807	444
928	370052	319	705	371
929	370410	578	656	777
930	371427	159	1908	774
931	371607	518	1948	814
932	372404	718	813	593
933	373142	139	757	694
934	373321	479	1072	895
935	374697	159	689	520
936	374896	977	859	496
937	375893	159	706	439
938	376072	478	692	354
939	377109	100	2155	738
940	377249	179	1859	672
941	377548	179	895	454
942	377747	419	811	398
943	378186	558	932	441
944	378784	179	606	475
945	378983	518	488	473
946	379940	100	1801	707
947	380418	179	743	458
948	380618	459	894	468
949	381096	498	772	437
950	381615	199	663	525
951	381854	219	1149	610
952	382133	339	681	243
953	382492	199	800	408
954	382731	239	436	330
955	383030	439	649	776
956	383509	159	944	534
957	383708	319	1066	357
958	384067	419	1175	288
959	384525	259	1265	693
960	384805	239	1188	756
961	385064	199	1246	938
962	385323	159	1156	224
963	385522	339	812	290
964	385881	139	910	338
965	386061	299	559	330
966	386400	139	749	157
967	386599	479	365	367
968	387117	479	420	620
969	387616	478	475	911
970	388114	199	547	972
971	388353	379	923	1002
972	388772	239	1173	1061
973	389051	139	923	698
974	389210	339	945	572
975	389569	259	900	664
976	389868	279	1098	668
977	390167	977	1105	716
978	391184	359	893	459
979	391583	479	742	705
980	392081	837	764	773
981	393198	219	2017	920
982	393457	179	1901	789
983	393676	179	1936	855
984	393876	139	1960	846
985	394095	339	825	607
986	394454	618	786	580
987	395112	140	1002	739
988	395271	159	1090	784
989	395490	459	855	424
990	396108	120	1923	762
991	396308	100	2091	641
992	396547	120	1977	798
993	396746	159	859	769
994	396926	239	922	679
995	397185	937	994	713
996	398142	120	1106	765
997	398321	219	835	321
998	398581	518	1106	403
999	399378	179	2196	735
1000	399597	159	2104	618
1001	399856	399	1977	791
1002	400315	179	962	458
1003	400534	199	1222	413
1004	400754	239	1093	398
1005	401013	319	1177	395
1006	401471	239	884	347
1007	401751	100	634	345
1008	401890	478	1212	337
1009	402408	479	1248	781
1010	402907	179	1177	950
1011	403146	379	1023	313
1012	403565	179	722	334
1013	403784	299	600	637
1014	404103	219	500	733
1015	404342	160	449	877
1016	404542	319	420	418
1017	404920	359	899	398
1018	405319	179	987	720
1019	405538	359	1091	605
1020	405917	319	938	876
1021	406256	219	724	692
1022	406535	459	757	250
1023	407034	259	1188	263
1024	407313	120	1114	288
1025	407452	359	791	297
1026	407871	339	928	851
1027	408230	339	1020	1038
1028	408628	259	422	993
1029	408928	179	441	532
1030	409147	538	426	315
1031	409745	359	796	793
1032	410124	179	904	832
1033	410323	219	1205	796
1034	410562	259	1279	758
1035	410881	459	1231	275
1036	411360	379	1260	161
1037	411779	279	1060	527
1038	412097	199	1158	361
1039	412337	259	1125	226
1040	412636	359	1164	967
1041	413034	259	1101	743
1042	413314	299	1075	574
1043	413633	299	1036	476
1044	414071	319	1060	1002
1045	414450	299	1075	404
1046	414769	379	1027	264
1047	415168	179	1080	327
1048	415387	159	1049	640
1049	415606	359	1014	250
1050	415985	259	901	306
1051	416284	219	941	485
1052	416543	259	948	493
1053	416822	239	970	604
1054	417241	359	951	744
1055	417620	179	925	816
1056	417819	219	837	597
1057	418058	140	840	499
1058	418218	239	823	388
1059	418477	319	836	310
1060	418836	120	608	426
1061	419015	259	1179	329
1062	419294	439	1197	365
1063	419773	319	446	482
1064	420132	279	708	724
1065	420431	219	726	856
1066	420690	319	953	1043
1067	421049	259	1228	1063
1068	421348	279	404	1067
1069	421667	658	632	975
1070	422385	299	1091	980
1071	422704	219	1025	930
1072	422943	219	1202	858
1073	423182	399	1283	758
1074	423621	419	1119	929
1075	424079	219	1225	824
1076	424318	797	861	831
1077	425156	259	451	858
1078	425455	379	666	747
1079	425854	917	580	771
1080	426811	259	428	535
1081	427209	159	546	300
1082	427409	279	812	226
1083	427708	239	1057	238
1084	427987	179	1209	367
1085	428226	179	603	775
1086	428465	299	1175	347
1087	428944	179	1220	736
1088	429143	279	1291	753
1089	429462	299	1076	654
1090	429781	339	1180	669
1091	430140	140	1106	720
1092	430319	718	734	650
1093	431077	359	431	681
1094	431476	319	761	629
1095	431815	279	875	573
1096	432134	399	1177	587
1097	432552	459	1113	575
1098	433051	279	822	540
1099	433370	179	547	563
1100	433589	1196	1159	549
1101	434805	279	1257	519
1102	435184	299	1217	384
1103	435503	399	906	476
1104	435922	219	731	459
1105	436181	299	541	412
1106	436500	279	644	324
1107	436819	279	956	294
1108	437118	339	1128	230
1109	437496	199	1243	349
1110	437736	279	1171	865
1111	438035	578	1275	771
1112	438673	259	770	856
1113	438972	239	627	986
1114	439251	279	1174	970
1115	439829	419	591	666
1116	440288	160	755	653
1117	440467	239	709	698
1118	440766	259	730	162
1119	441065	638	929	318
1120	441723	259	1053	417
1121	442022	319	938	531
1122	442361	179	1066	587
1123	442580	299	888	424
1124	442899	100	887	526
1125	443039	179	933	934
1126	443238	199	911	852
1127	443477	359	799	722
1128	443876	199	702	603
1129	444095	518	791	539
1130	444634	219	686	464
1131	444873	518	794	444
1132	445411	678	839	314
1133	446129	319	1028	673
1134	446468	160	961	600
1135	446647	379	920	470
1136	447146	419	954	449
1137	447584	319	1070	394
1138	447923	1296	1208	396
1139	449259	439	1149	207
1140	449757	219	1202	1002
1141	450036	279	776	390
1142	450336	299	822	455
1143	450674	259	1013	498
1144	450954	219	844	467
1145	451193	339	703	398
1146	451572	179	801	445
1147	451771	379	811	542
1148	452170	100	767	616
1149	452289	339	803	677
1150	452648	339	710	731
1151	453027	2552	853	538
1152	455599	159	849	510
1153	455798	459	916	398
1154	456276	120	804	408
1155	456436	459	1018	381
1156	456914	279	621	385
1157	457214	259	752	423
1158	457493	498	815	468
1159	458031	299	518	424
1160	458350	319	411	449
1161	458709	339	782	292
1162	459088	299	1072	307
1163	459407	139	1202	341
1164	459566	140	1205	333
1165	459726	538	1232	193
1166	460324	299	1027	792
1167	460663	199	977	915
1168	460922	159	368	1018
1169	461141	239	1240	867
1170	461400	219	1283	752
1171	461659	219	1179	469
1172	461919	439	1231	220
1173	462377	219	1143	286
1174	462796	379	1061	528
1175	463194	299	1162	401
1176	463514	518	1205	362
1177	464092	259	490	285
1178	464391	219	846	267
1179	464650	399	417	167
1180	465088	279	783	141
1181	465388	199	628	113
1182	465627	339	1151	123
1183	465986	199	1258	147
1184	466205	479	1052	138
1185	466723	299	1255	171
1186	467062	478	892	146
1187	467561	379	1011	240
1188	467979	319	722	175
1189	468338	279	549	216
1190	468637	479	488	289
1191	469155	299	1052	304
1192	469474	239	1249	268
1193	469734	339	1237	392
1194	470112	259	1269	637
1195	470392	578	1269	788
1196	471030	259	544	844
1197	471329	299	419	542
1198	471648	299	462	444
1199	471967	219	638	410
1200	472206	578	604	438
1201	472824	479	905	384
1202	473322	219	815	419
1203	473581	538	679	411
1204	474160	279	1031	460
1205	474459	299	1003	534
1206	474798	279	850	714
1207	475116	179	1061	668
1208	475316	399	1076	605
1209	475754	379	558	691
1210	476153	279	731	812
1211	476472	399	1097	871
1212	476891	239	1234	833
1213	477190	279	589	1037
1214	477728	159	1184	841
1215	478207	439	1229	859
1216	478665	299	1293	935
1217	479024	159	885	852
1218	479662	359	1120	1004
1219	480081	359	898	729
1220	480459	379	1254	730
1221	480878	379	1190	364
1222	481277	219	1277	284
1223	481536	359	1240	183
1224	481955	359	1064	612
1225	482333	299	1119	466
1226	482692	279	1146	922
1227	482991	279	908	932
1228	483330	279	1148	719
1229	483649	578	1171	964
1230	484267	339	1271	716
1231	484666	319	681	904
1232	485464	239	947	920
1233	485743	379	652	845
1234	486161	319	485	874
1235	486540	299	974	898
1236	486879	498	723	702
1237	487397	339	806	774
1238	487776	100	1002	748
1239	488115	279	1102	631
1240	488434	319	1000	725
1241	488773	399	1114	748
1242	489192	339	739	970
1243	489570	359	968	1005
1244	489949	399	1148	1043
1245	490388	459	1259	741
1246	490906	239	826	922
1247	491185	359	496	1012
1248	491564	259	706	1054
1249	491863	339	1101	979
1250	492222	379	1138	1029
1251	492641	339	871	997
1252	492999	259	626	861
1253	493279	319	524	933
1254	493637	319	985	891
1255	493976	399	893	869
1256	494395	538	1126	857
1257	494973	618	746	782
1258	495631	179	537	870
1259	495850	299	887	805
1260	496169	179	956	708
1261	496389	100	957	702
1262	496508	359	1070	763
1263	496887	758	1221	775
1264	497684	758	738	723
1265	498582	339	433	701
1266	498980	698	907	581
1267	499698	359	1097	595
1268	500097	239	1299	593
1269	500376	419	1226	363
1270	500834	339	832	398
1271	501193	379	697	497
1272	501612	538	887	629
1273	502170	219	1045	598
1274	502409	160	1098	593
1275	502609	319	483	556
1276	502948	379	563	674
1277	503386	319	1022	849
1278	503725	179	1010	898
1279	503944	758	1264	766
1280	504742	459	1211	985
1281	505240	359	878	1007
1282	505639	359	687	1066
1283	506038	259	1106	1066
1284	506317	219	1171	982
1285	506576	359	734	942
1286	506975	279	442	969
1287	507294	558	859	925
1288	507872	379	967	842
1289	508291	359	650	806
1290	508689	439	1116	746
1291	509148	319	1197	804
1292	509487	359	1256	743
1293	509866	319	1084	568
1294	510204	698	1218	754
1295	510922	259	1269	740
1296	511221	379	992	657
1297	511640	499	651	664
1298	512178	179	432	652
1299	512378	379	633	548
1300	512796	578	987	555
1301	513414	499	1225	508
1302	513953	399	783	498
1303	514371	479	903	408
1304	514870	219	1181	482
1305	515109	439	1141	255
1306	515568	179	1256	248
1307	515767	219	1279	180
1308	516026	578	661	376
1309	516624	279	830	299
1310	516943	798	412	455
1311	517780	518	804	296
1312	518339	299	959	373
1313	518678	259	1159	367
1314	519036	259	969	383
1315	519335	578	1194	380
1316	519973	359	461	296
1317	520372	219	831	211
1318	520611	199	776	160
1319	520851	319	1087	182
1320	521190	179	1028	190
1321	521429	319	1066	849
1322	521768	239	1068	987
1323	522067	219	1215	759
1324	522326	279	1131	473
1325	522645	379	803	344
1326	523064	279	915	229
1327	523402	199	1171	168
1328	523741	339	469	172
1329	524120	179	801	271
1330	524339	259	978	577
1331	524619	199	861	700
1332	524858	459	1272	730
1333	525356	219	985	793
1334	525715	259	904	384
1335	526014	299	1107	238
1336	526333	419	1177	359
1337	526812	459	594	323
1338	527310	199	425	466
1339	527549	359	768	875
1340	527948	199	493	964
1341	528187	179	662	1048
1342	528426	299	851	456
1343	528746	279	1067	559
1344	529064	299	914	345
1345	529383	359	1066	356
1346	529782	159	969	240
1347	529981	1196	1204	383
1348	531198	159	830	495
1349	531596	159	899	414
1350	531796	219	1095	379
1351	532035	239	1002	351
1352	532294	219	1054	356
1353	532533	159	991	371
1354	532852	419	982	391
1355	533311	219	814	538
1356	533550	817	626	594
1357	534407	140	732	591
1358	534726	219	1885	639
1359	535245	299	931	558
1360	535564	379	843	576
1361	536441	139	951	571
1362	536600	758	720	650
1363	538813	219	852	598
1364	539053	538	778	541
1365	539631	179	992	277
1366	539830	199	995	213
1367	540089	219	614	658
1368	540328	159	590	918
1369	540508	399	634	960
1370	541664	578	812	487
1371	542262	738	863	557
1372	543040	120	763	532
1373	543179	419	787	485
1374	543797	120	1046	459
1375	544376	159	769	505
1376	544555	219	895	467
1377	544794	199	814	422
1378	545014	299	895	402
1379	545332	758	779	438
1380	546130	379	861	668
1381	546947	119	1983	741
1382	547466	199	708	485
1383	547685	219	838	436
1384	547924	778	744	420
1385	548742	578	681	781
1386	549639	159	1959	718
1387	550137	319	1947	804
1388	550476	219	1958	797
1389	550775	199	649	724
1390	551014	159	818	600
1391	551214	299	682	710
1392	551533	199	804	780
1393	551752	299	995	757
1394	552091	299	810	336
1395	552490	339	1007	166
1396	552848	100	1116	275
1397	553008	199	1217	1002
1398	553227	179	1101	930
1399	553427	279	831	1058
1400	553766	259	527	521
1401	554065	299	442	317
1402	554424	339	383	967
1403	554802	159	560	1029
1404	554982	1595	331	1020
1405	556637	179	387	567
1406	556836	279	401	480
1407	557155	179	332	705
1408	557394	339	530	254
1409	557793	239	1050	214
1410	558072	219	709	175
1411	558351	279	1057	518
1412	558650	219	1097	646
1413	558889	977	956	874
1414	560484	419	1882	748
1415	560923	160	1928	840
1416	561202	439	887	612
1417	561680	419	790	620
1418	562119	120	962	602
1419	562278	638	1118	321
1420	563993	259	641	475
1421	564292	239	988	486
1422	564551	179	871	442
1423	564770	319	1048	377
1424	565209	638	714	257
1425	566146	100	1842	551
1426	566505	259	814	415
1427	566804	1236	690	279
1428	568060	179	828	437
1429	568299	259	325	260
1430	568598	319	871	656
1431	568937	239	960	818
1432	569196	179	1105	777
1433	569396	199	863	1037
1434	569675	259	1078	215
1435	569974	219	978	323
1436	570213	1116	885	524
1437	571808	279	1975	816
1438	572167	459	830	510
1439	572645	239	914	481
1440	572905	259	832	475
1441	573184	259	874	469
1442	573463	239	879	380
1443	573722	279	830	337
1444	574061	259	1071	682
1445	574340	518	1139	732
1446	575018	120	2060	876
1447	575237	817	1949	806
1448	576114	379	907	651
1449	576533	299	1092	683
1450	576852	179	1051	656
1451	577071	140	901	418
1452	577231	479	800	334
1453	578188	100	1984	494
1454	578307	159	1835	617
1455	578606	179	1882	615
1456	578866	399	1869	627
1457	579543	120	787	609
1458	579683	159	874	504
1459	579982	379	968	335
1460	580540	339	1802	610
1461	580899	578	1918	536
1462	581876	339	826	441
1463	582235	379	955	355
1464	582654	1057	1088	482
1465	584069	100	1958	730
1466	584408	219	916	508
1467	584647	199	1085	503
1468	584866	618	1075	378
1469	585504	239	980	380
1470	585784	279	829	293
1471	586102	219	1065	477
1472	586362	359	688	859
1473	586780	239	1212	636
1474	587059	179	1231	504
1475	587279	359	1281	294
1476	587697	339	438	309
1477	588056	179	497	426
1478	588276	279	717	122
1479	588575	120	653	219
1480	588754	319	968	870
1481	589093	359	1116	849
1482	589691	159	1109	784
1483	589890	578	405	788
1484	590528	239	969	809
1485	590827	498	878	211
1486	591386	299	1193	158
1487	591724	279	936	142
1488	592044	239	438	136
1489	592323	279	1092	171
1490	592642	299	802	164
1491	592981	299	440	254
1492	593320	239	772	241
1493	593598	439	1181	275
1494	594057	279	946	378
1495	594376	219	581	375
1496	594635	419	854	512
1497	595094	379	1082	526
1498	595512	399	596	551
1499	595931	379	712	724
1500	596350	319	947	825
1501	596709	399	1191	814
1502	597147	439	421	813
1503	597805	399	1009	928
1504	598244	299	761	1032
1505	598583	219	353	1021
1506	598842	518	961	1014
1507	599420	159	378	1005
1508	599639	239	700	375
1509	599898	279	650	243
1510	600218	299	1080	190
1511	600536	319	1117	137
1512	600875	379	1264	295
1513	601294	379	722	329
1514	601713	179	501	364
1515	601912	359	832	285
1516	602311	459	986	718
1517	602789	219	1176	666
1518	603029	279	1109	571
1519	603347	459	469	640
1520	603846	339	819	667
1521	604225	359	1107	769
1522	604603	558	1197	848
1523	605202	399	1003	947
1524	605620	319	994	1029
1525	606139	797	567	859
1526	606996	219	518	190
1527	607275	140	645	139
1528	607534	239	1065	151
1529	607813	119	1068	152
1530	607973	239	850	219
1531	608232	499	1193	148
1532	608790	319	582	254
1533	609129	379	533	360
1534	609548	499	834	312
1535	610086	678	388	296
1536	610804	399	754	136
1537	611242	219	905	161
1538	611482	219	922	316
1539	611721	319	874	273
1540	612060	319	958	364
1541	612399	359	1044	574
1542	612797	279	832	672
1543	613116	319	544	509
1544	613455	439	544	681
1545	613914	279	774	754
1546	614233	299	1134	686
1547	614552	319	1159	586
1548	614891	359	967	739
1549	615269	299	1085	822
1550	615588	478	1136	894
1551	616107	279	607	836
1552	616406	439	540	686
1553	616884	259	767	934
1554	617163	339	687	859
1555	617542	379	944	902
1556	617941	199	856	941
1557	618160	518	848	1017
1558	618718	139	1030	1029
1559	618918	219	361	1032
1560	619576	319	1274	946
1561	619934	419	1169	633
1562	620373	239	1193	706
1563	620632	339	1291	819
1564	621011	459	817	878
1565	621490	279	611	892
1566	621809	339	1048	1014
1567	622187	319	1278	1060
1568	622526	179	1221	1083
1569	622746	199	471	1077
1570	622985	359	404	758
1571	623384	379	522	372
1572	623802	199	749	435
1573	624042	219	887	246
1574	624301	319	1119	170
1575	624640	359	1220	204
1576	625038	279	676	245
1577	625337	259	804	287
1578	625656	339	500	151
1579	626035	140	794	202
1580	626414	977	1215	234
1581	627431	359	835	278
1582	628009	359	1009	453
1583	628408	239	546	446
1584	628687	159	745	476
1585	628906	698	1074	461
1586	629624	259	1160	577
1587	629903	339	1180	706
1588	630262	319	1260	779
1589	630600	259	1152	769
1590	630900	219	1064	610
1591	631139	159	1062	607
1592	631418	159	1038	252
1593	631597	239	1041	161
1594	631876	239	1220	169
1595	632156	479	541	198
1596	632674	239	659	174
1597	632933	319	783	209
1598	633272	120	659	162
1599	633432	279	387	122
1600	633750	299	638	232
1601	634069	199	535	255
1602	634309	478	913	243
1603	634827	399	1177	271
1604	635266	339	733	329
1605	635644	399	1026	312
1606	636083	259	745	372
1607	636382	658	479	403
1608	637060	259	446	461
1609	637339	299	741	498
1610	637658	279	672	471
1611	637977	399	1163	464
1612	638396	140	1212	491
1613	638575	399	906	527
1614	639014	140	1110	546
1615	639193	279	671	549
1616	639492	1635	610	640
1617	641167	319	863	633
1618	641526	359	1100	610
1619	641904	299	1094	695
1620	642243	379	514	710
1621	642642	558	702	733
1622	643220	399	516	798
1623	643659	459	985	765
1624	644137	259	1124	785
1625	644436	279	1225	715
1626	644735	179	1190	819
1627	644955	299	831	860
1628	645294	658	586	867
1629	646011	578	847	966
1630	646629	299	1149	913
1631	646948	479	1094	957
1632	647447	439	813	1034
1633	647925	558	409	1045
1634	648503	199	497	948
1635	648763	339	1161	1052
1636	649341	239	1155	295
1637	649620	159	1061	161
1638	649819	319	573	183
1639	650198	299	669	671
1640	650557	339	919	212
1641	650916	1256	873	227
1642	652192	498	857	320
1643	652730	259	859	632
1644	653009	239	743	657
1645	653268	159	669	725
1646	653488	239	929	286
1647	653767	279	1110	353
1648	654066	239	1241	282
1649	654365	339	1144	879
1650	654744	678	893	910
1651	655481	199	544	330
1652	655700	319	453	260
1653	656039	199	432	357
1654	656259	459	482	514
1655	656737	399	552	661
1656	657176	319	484	888
1657	657515	179	436	954
1658	657754	379	448	249
1659	658173	319	759	222
1660	658511	120	693	143
1661	658671	379	1066	145
1662	659090	339	1137	256
1663	659449	339	850	305
1664	659827	159	1038	529
1665	660027	219	863	330
1666	660286	319	1118	572
1667	660625	419	1185	787
1668	661063	239	1221	850
1669	661342	1435	707	899
1670	662798	199	738	1028
1671	663017	199	667	925
1672	663256	379	847	1051
1673	663675	159	1204	1073
1674	664193	578	1094	1047
1675	664811	239	1214	919
1676	665070	439	1162	766
1677	665549	259	1162	547
1678	665848	219	1160	321
1679	666107	179	1149	218
1680	666307	598	1268	369
1681	666945	419	1104	567
1682	667403	778	1163	900
1683	668240	319	1184	216
1684	668579	219	1050	244
1685	668819	279	1081	331
1686	669138	419	1010	537
1687	669596	518	1018	839
1688	670154	419	964	399
1689	670593	319	876	321
1690	670932	279	886	464
1691	671231	319	853	583
1692	671570	259	837	687
1693	671869	399	814	873
1694	672288	259	748	869
1695	672567	199	759	570
1696	672786	339	765	415
1697	673165	179	745	323
1698	673364	439	784	230
1699	673843	518	728	570
1700	674381	319	629	552
1701	674720	558	471	510
1702	675318	319	700	505
1703	675657	379	666	549
1704	676056	578	691	731
1705	676674	339	1009	556
1706	677032	518	1196	582
1707	677591	299	1201	715
1708	677930	379	1165	843
1709	678368	339	560	1010
1710	678727	199	715	1019
1711	678986	319	629	240
1712	679345	618	873	273
1713	680123	479	506	374
1714	680621	259	572	469
1715	680900	100	459	492
1716	681040	857	519	503
1717	681937	299	727	731
1718	682256	478	632	807
1719	682774	738	780	655
1720	683532	339	618	615
1721	683930	279	625	323
1722	684249	259	794	275
1723	684528	399	899	282
1724	684967	399	362	240
1725	685426	339	432	761
1726	685784	319	383	1022
1727	686143	359	888	972
1728	686542	100	1066	946
1729	686682	379	1069	703
1730	687120	259	1201	323
1731	687399	319	1222	218
1732	687778	538	540	692
1733	688336	219	673	650
1734	688596	259	813	835
1735	688875	259	690	808
1736	689154	259	706	721
1737	689453	199	863	647
1738	689692	359	951	270
1739	690071	239	849	283
1740	690350	299	476	267
1741	690669	259	463	500
1742	690948	359	416	358
1743	691327	439	427	280
1744	691805	598	985	266
1745	692762	199	785	454
1746	693002	1236	849	405
1747	694397	598	723	465
1748	695035	359	820	1057
1749	695434	120	928	600
1750	695593	239	556	824
1751	695852	937	518	873
1752	697567	139	1863	706
1753	697926	159	502	598
1754	698105	259	709	601
1755	698404	299	830	553
1756	698723	219	888	505
1757	699062	199	739	257
1758	699281	239	755	203
1759	699561	259	552	777
1760	699880	917	623	240
1761	701096	100	1705	510
1762	701235	199	1371	392
1763	701674	159	355	357
1764	701873	179	553	352
1765	702092	538	716	249
1766	702850	259	885	397
1767	703129	359	1036	317
1768	703548	319	1026	737
1769	704206	239	1898	731
1770	704465	479	1954	770
1771	705023	100	1071	564
1772	705143	279	815	503
1773	705442	279	928	444
1774	705741	399	904	377
1775	706160	100	796	353
1776	706399	937	913	750
1777	707495	219	1930	819
1778	707734	319	1960	792
1779	708093	439	1958	814
1780	708612	339	785	541
1781	708970	499	844	510
1782	709489	239	698	372
1783	709748	299	519	355
1784	710067	479	553	347
1785	710825	319	1810	631
1786	711184	179	1918	764
1787	711383	499	1944	819
1788	712001	159	674	540
1789	712180	179	623	385
1790	712380	159	568	312
1791	712579	259	794	336
1792	712858	120	744	322
1793	713018	578	630	937
1794	713875	1156	1966	795
1795	715111	179	645	538
1796	715310	239	773	474
1797	715570	179	792	422
1798	715789	837	645	587
1799	716706	279	1947	727
1800	717184	279	1958	608
1801	717683	419	1912	381
1802	718161	299	828	519
1803	718480	279	778	486
1804	718779	199	677	419
1805	719018	140	600	512
1806	719218	239	1022	368
1807	719497	738	921	735
1808	720733	120	1940	757
1809	720873	1176	1959	801
1810	722168	239	885	498
1811	722448	439	401	496
