0,0,0,0,5.3391e-005,0.0017681,0.021539,0.096533,0.15916,0.096533,0.021539,0.0017681,5.3391e-005,0,0,1.7911e-008,5.9312e-007,7.2257e-006,3.2383e-005,5.3391e-005,3.2383e-005,7.2257e-006,5.9312e-007,1.7911e-008,0,0,0,0,0,0,0,0,0,0,0,0,0,0,0,0,0,0,0,0,0,0,0,0,0,0,0,0,0,0,0,0,0,0,0,0,0,0,0,0,0,0,0,0,0,0,0,0,0,0,0,0,0,0,0,0,0
0,0,0,0,3.2383e-005,0.0010724,0.013064,0.05855,0.096533,0.05855,0.013064,0.0010724,3.2383e-005,0,0,5.9312e-007,1.9641e-005,0.00023928,0.0010724,0.0017681,0.0010724,0.00023928,1.9641e-005,5.9312e-007,0,0,0,0,0,0,0,0,0,0,0,0,0,0,0,0,0,0,0,0,0,0,0,0,0,0,0,0,0,0,0,0,0,0,0,0,0,0,0,0,0,0,0,0,0,0,0,0,0,0,0,0,0,0,0,0,0
0,0,0,0,7.2257e-006,0.00023928,0.002915,0.013064,0.021539,0.013064,0.002915,0.00023928,7.2257e-006,0,0,7.2257e-006,0.00023928,0.002915,0.013064,0.021539,0.013064,0.002915,0.00023928,7.2257e-006,0,0,0,0,0,0,0,0,0,0,0,0,0,0,0,0,0,0,0,0,0,0,0,0,0,0,0,0,0,0,0,0,0,0,0,0,0,0,0,0,0,0,0,0,0,0,0,0,0,0,0,0,0,0,0,0,0
0,0,0,0,5.9312e-007,1.9641e-005,0.00023928,0.0010724,0.0017681,0.0010724,0.00023928,1.9641e-005,5.9312e-007,0,0,3.2383e-005,0.0010724,0.013064,0.05855,0.096533,0.05855,0.013064,0.0010724,3.2383e-005,0,0,0,0,0,0,0,0,0,0,0,0,0,0,0,0,0,0,0,0,0,0,0,0,0,0,0,0,0,0,0,0,0,0,0,0,0,0,0,0,0,0,0,0,0,0,0,0,0,0,0,0,0,0,0,0,0
0,0,0,0,1.7911e-008,5.9312e-007,7.2257e-006,3.2383e-005,5.3391e-005,3.2383e-005,7.2257e-006,5.9312e-007,1.7911e-008,0,0,5.3391e-005,0.0017681,0.021539,0.096533,0.15916,0.096533,0.021539,0.0017681,5.3391e-005,0,0,0,0,0,0,0,0,0,0,0,0,0,0,0,0,0,0,0,0,0,0,0,0,0,0,0,0,0,0,0,0,0,0,0,0,0,0,0,0,0,0,0,0,0,0,0,0,0,0,0,0,0,0,0,0,0
0,0,0,0,0,0,0,0,0,0,0,0,0,0,0,3.2383e-005,0.0010724,0.013064,0.05855,0.096533,0.05855,0.013064,0.0010724,3.2383e-005,0,0,0,0,0,0,0,0,0,0,0,0,0,0,0,0,0,0,0,0,0,0,0,0,0,0,0,0,0,0,0,0,0,0,0,0,0,0,0,0,0,0,0,0,0,0,0,0,0,0,0,0,0,0,0,0,0
0,0,0,0,0,0,0,0,0,0,0,0,0,0,0,7.2436e-006,0.00023987,0.0029223,0.013097,0.021593,0.013097,0.0029223,0.00023987,7.2436e-006,0,0,0,0,0,0,0,0,0,0,0,0,0,0,0,0,0,0,0,0,0,0,0,0,0,0,0,0,0,0,0,0,0,0,0,0,0,0,0,0,0,0,0,0,0,0,0,0,0,0,0,0,0,0,0,0,0
0,0,0,0,0,0,0,0,0,1.7911e-008,5.9312e-007,7.2257e-006,3.2383e-005,5.3391e-005,3.2383e-005,8.4119e-006,3.9876e-005,0.00047858,0.0021448,0.0035361,0.0021448,0.00047856,3.9283e-005,1.1862e-006,0,0,0,0,0,0,0,0,0,0,0,0,0,0,0,0,0,0,0,0,0,0,0,0,0,0,0,0,0,0,0,0,0,0,0,0,0,0,0,0,0,0,0,0,0,0,0,0,0,0,0,0,0,0,0,0,0
0,0,0,0,0,0,0,0,0,5.9312e-007,1.9641e-005,0.00023928,0.0010724,0.0017681,0.0010724,0.00024652,0.00025952,0.0029229,0.013097,0.021593,0.013097,0.0029223,0.00023987,7.2436e-006,0,0,0,0,0,0,0,0,0,0,0,0,0,0,0,0,0,0,0,0,0,0,0,0,0,0,0,0,0,0,0,0,0,0,0,0,0,0,0,0,0,0,0,0,0,0,0,0,0,0,0,0,0,0,0,0,0
0,0,0,0,0,0,0,0,0,7.2257e-006,0.00023928,0.002915,0.013064,0.021539,0.013064,0.0029474,0.0013117,0.013072,0.058551,0.09654,0.058583,0.013118,0.0011048,3.9609e-005,5.9312e-007,1.7911e-008,0,0,0,0,0,0,0,0,0,0,0,0,0,0,0,0,0,0,0,0,0,0,0,0,0,0,0,0,0,0,0,0,0,0,0,0,0,0,0,0,0,0,0,0,0,0,0,0,0,0,0,0,0,0,0
0,0,0,0,0,0,0,0,0,3.2383e-005,0.0010724,0.013064,0.05855,0.096533,0.058551,0.013125,0.0028728,0.021626,0.096585,0.1594,0.097606,0.023307,0.0028404,0.00029267,1.9641e-005,5.9312e-007,0,0,0,0,0,0,0,0,0,0,0,0,0,0,0,0,0,0,0,0,0,0,0,0,0,0,0,0,0,0,1.7911e-008,5.9312e-007,7.2257e-006,3.2383e-005,5.3391e-005,3.2383e-005,7.2257e-006,5.9312e-007,1.7911e-008,0,0,0,0,0,0,0,0,0,0,0,0,0,0,0,0
0,0,0,0,0,0,0,0,0,5.3391e-005,0.0017681,0.021539,0.096533,0.15916,0.096553,0.021811,0.0039128,0.014893,0.059862,0.099687,0.071634,0.034604,0.014137,0.0029474,0.00023928,7.2257e-006,0,0,0,0,0,0,0,0,0,0,0,0,0,0,0,0,0,0,0,0,0,0,0,0,0,0,0,0,0,0,5.9312e-007,1.9641e-005,0.00023928,0.0010724,0.0017681,0.0010724,0.00023928,1.9641e-005,5.9312e-007,0,0,0,0,0,0,0,0,0,0,0,0,0,0,0,0
0,0,0,0,0,0,0,0,0,3.2383e-005,0.0010724,0.013064,0.05855,0.09654,0.058789,0.015987,0.014376,0.024519,0.027201,0.037519,0.071854,0.099455,0.058789,0.013072,0.0010724,3.2383e-005,0,0,0,0,0,0,0,0,0,0,0,0,0,0,0,0,0,0,0,0,0,0,0,0,0,0,0,0,0,0,7.2257e-006,0.00023928,0.002915,0.013064,0.021539,0.013064,0.0029156,0.00024651,3.9609e-005,5.3391e-005,3.2383e-005,7.2257e-006,5.9312e-007,1.7911e-008,0,0,0,0,0,0,0,0,0,0,0
0,1.7911e-008,5.9312e-007,7.2257e-006,3.2383e-005,5.3391e-005,3.2383e-005,7.2257e-006,5.9312e-007,7.2436e-006,0.00023928,0.002915,0.013064,0.021572,0.014137,0.01598,0.058809,0.096833,0.061391,0.036372,0.098678,0.15943,0.096553,0.02154,0.0017681,5.3391e-005,0,0,0,0,0,0,0,0,0,0,0,0,0,0,0,0,0,0,0,0,0,0,0,0,0,0,0,0,0,0,3.2383e-005,0.0010724,0.013064,0.05855,0.096533,0.058551,0.013084,0.0013117,0.0011048,0.0017681,0.0010724,0.00023928,1.9641e-005,5.9312e-007,0,0,0,0,0,0,0,0,0,0,0
0,5.9312e-007,1.9641e-005,0.00023928,0.0010724,0.0017681,0.0010724,0.00023928,1.9641e-005,1.1862e-006,1.9641e-005,0.00023928,0.0010724,0.0018215,0.0028404,0.021779,0.096553,0.1592,0.097638,0.034657,0.060351,0.096594,0.058551,0.013064,0.0010724,3.2383e-005,0,0,0,0,0,0,0,0,0,0,0,0,0,0,0,0,0,0,0,0,0,0,0,0,0,0,0,0,0,0,5.3391e-005,0.0017681,0.021539,0.096533,0.15916,0.09654,0.021779,0.0046831,0.013118,0.021539,0.013064,0.002915,0.00023928,7.2257e-006,0,0,0,0,0,0,0,0,0,0,0
0,7.2257e-006,0.00023928,0.002915,0.013064,0.021539,0.013064,0.002915,0.00023928,7.2436e-006,5.9312e-007,7.2257e-006,3.2383e-005,8.5792e-005,0.0011054,0.013079,0.058584,0.096601,0.058854,0.01604,0.01417,0.021579,0.013065,0.0029151,0.00023928,7.2257e-006,0,0,0,0,0,0,0,0,0,0,0,0,0,0,0,0,0,0,0,0,0,0,0,0,0,0,0,0,0,0,3.2383e-005,0.0010724,0.013064,0.05855,0.096533,0.058583,0.014137,0.014137,0.058583,0.096533,0.05855,0.013064,0.001073,3.9609e-005,3.2383e-005,5.3391e-005,3.2383e-005,7.2257e-006,5.9312e-007,1.7911e-008,0,0,0,0,0
0,3.2383e-005,0.0010724,0.013064,0.05855,0.096533,0.05855,0.013064,0.0010724,3.2383e-005,0,0,0,7.8188e-006,0.00025892,0.0031549,0.014156,0.023547,0.015229,0.0051617,0.0024037,0.0020152,0.001092,0.00023987,1.9641e-005,5.9312e-007,0,0,0,0,0,0,0,0,0,0,0,0,0,0,0,0,0,0,0,0,0,0,0,0,0,0,0,0,0,0,7.2257e-006,0.00023928,0.002915,0.013064,0.021539,0.013118,0.0046831,0.021779,0.09654,0.15916,0.096533,0.02154,0.0017877,0.00029267,0.0010724,0.0017681,0.0010724,0.00023928,1.9641e-005,5.9312e-007,0,0,0,0,0
0,5.3391e-005,0.0017681,0.021539,0.096533,0.15916,0.096533,0.021539,0.0017681,5.3391e-005,0,0,0,7.8188e-006,0.00025892,0.0031615,0.014376,0.026223,0.027202,0.024701,0.013356,0.0029763,0.00027166,1.4451e-005,5.9312e-007,1.7911e-008,0,0,0,0,0,0,0,0,0,0,0,0,0,0,0,0,0,0,0,0,0,0,0,0,0,0,0,0,0,0,5.9312e-007,1.9641e-005,0.00023928,0.0010724,0.0017681,0.0011048,0.0013117,0.013084,0.058551,0.096533,0.05855,0.013072,0.0013117,0.0029474,0.013064,0.021539,0.013064,0.002915,0.00023928,7.2257e-006,0,0,0,0,0
0,3.2383e-005,0.0010724,0.013064,0.05855,0.096533,0.05855,0.013064,0.0010724,3.2383e-005,0,0,0,3.2401e-005,0.001073,0.013104,0.059655,0.10965,0.11713,0.1096,0.059623,0.013097,0.0010724,3.2383e-005,0,0,0,0,0,0,0,0,0,0,0,0,0,0,0,1.7911e-008,5.9312e-007,7.2257e-006,3.2383e-005,5.3391e-005,3.2383e-005,7.2257e-006,5.9312e-007,1.7911e-008,0,0,0,0,0,0,0,0,1.7911e-008,5.9312e-007,7.2257e-006,3.2383e-005,5.3391e-005,3.9609e-005,0.00024651,0.0029156,0.013064,0.021539,0.013064,0.0029474,0.0013117,0.013072,0.05855,0.096533,0.05855,0.013064,0.0010724,3.2383e-005,0,0,0,0,0
0,7.2257e-006,0.00023928,0.002915,0.013064,0.021539,0.013064,0.002915,0.00023928,7.2257e-006,0,0,0,5.3391e-005,0.0017681,0.021593,0.098301,0.1807,0.19307,0.1807,0.098301,0.021593,0.0017681,5.3391e-005,0,0,0,0,0,0,0,0,0,0,0,0,0,0,0,5.9312e-007,1.9641e-005,0.00023928,0.0010724,0.0017681,0.0010724,0.00023928,1.9641e-005,5.9312e-007,0,0,0,0,0,0,0,0,0,0,0,0,0,5.9312e-007,1.9641e-005,0.00023928,0.0010724,0.0017681,0.0010724,0.00029267,0.0017877,0.02154,0.096533,0.15916,0.096533,0.021539,0.0017681,5.3391e-005,0,0,0,0,0
0,5.9312e-007,1.9641e-005,0.00023928,0.0010724,0.0017681,0.0010724,0.00023928,1.9659e-005,1.1862e-006,7.2257e-006,3.2383e-005,5.3391e-005,6.4766e-005,0.0010796,0.013097,0.059623,0.1096,0.11713,0.10965,0.059655,0.013104,0.001073,3.2401e-005,0,0,0,0,0,0,0,0,0,0,0,0,0,0,0,7.2257e-006,0.00023928,0.002915,0.013064,0.021539,0.013064,0.002915,0.00023928,7.2257e-006,0,0,0,0,0,0,0,0,0,0,0,0,0,1.7911e-008,5.9312e-007,7.2257e-006,3.2383e-005,5.3391e-005,3.2383e-005,3.9609e-005,0.001073,0.013064,0.05855,0.096533,0.05855,0.013064,0.0010724,3.2383e-005,0,0,0,0,0
0,1.7911e-008,5.9312e-007,7.2257e-006,3.2383e-005,5.3391e-005,3.2383e-005,7.2257e-006,1.1862e-006,1.9659e-005,0.00023928,0.0010724,0.0017681,0.0010796,0.00047856,0.0029425,0.013324,0.024694,0.027201,0.026223,0.014376,0.0031615,0.00025894,8.4119e-006,7.2257e-006,3.2383e-005,5.3391e-005,3.2383e-005,7.2257e-006,5.9312e-007,1.7911e-008,0,0,0,0,0,0,0,0,3.2383e-005,0.0010724,0.013064,0.05855,0.096533,0.05855,0.013064,0.0010724,3.2383e-005,0,0,0,0,0,0,0,0,0,0,0,0,0,0,0,0,0,0,0,7.2257e-006,0.00023928,0.002915,0.013064,0.021539,0.013064,0.002915,0.00023928,7.2257e-006,0,0,0,0,0
0,0,0,0,0,0,0,0,7.2257e-006,0.00023928,0.002915,0.013064,0.021539,0.013065,0.0029347,0.00048638,0.0013385,0.0049224,0.015209,0.023547,0.014156,0.0031549,0.00025952,2.746e-005,0.00023928,0.0010724,0.0017681,0.0010724,0.00023928,1.9641e-005,5.9312e-007,0,0,0,0,0,0,0,0,5.3391e-005,0.0017681,0.021539,0.096533,0.15916,0.096533,0.021539,0.0017681,5.3391e-005,0,0,0,0,0,0,0,0,0,0,0,0,0,0,0,0,0,0,0,5.9312e-007,1.9641e-005,0.00023928,0.0010724,0.0017681,0.0010724,0.00023928,1.9641e-005,5.9312e-007,0,0,0,0,0
0,0,0,0,0,0,1.7911e-008,5.9312e-007,3.9609e-005,0.0011048,0.013118,0.058583,0.096547,0.058583,0.013118,0.0011444,0.001145,0.013126,0.058615,0.096594,0.058583,0.013072,0.0010802,0.00027168,0.002915,0.013064,0.021539,0.013064,0.002915,0.00023928,7.2257e-006,0,0,0,0,0,0,0,0,3.2383e-005,0.0010724,0.013064,0.05855,0.096533,0.05855,0.013064,0.0010724,3.2383e-005,0,0,0,0,0,0,0,0,0,0,0,0,0,0,0,0,0,0,0,1.7911e-008,5.9312e-007,7.2257e-006,3.2383e-005,5.3391e-005,3.2383e-005,7.2257e-006,5.9312e-007,1.7911e-008,0,0,0,0,0
0,0,0,0,0,0,5.9312e-007,1.9641e-005,0.00029267,0.0028405,0.023309,0.097632,0.15967,0.097678,0.02334,0.0029011,0.0020613,0.021559,0.096534,0.15916,0.096533,0.021539,0.0018004,0.0011258,0.013064,0.05855,0.096533,0.05855,0.013064,0.0010724,3.2383e-005,0,0,0,0,0,0,0,0,7.2257e-006,0.00023928,0.002915,0.013064,0.021539,0.013064,0.002915,0.00023928,7.2257e-006,0,0,0,0,0,0,0,0,0,0,0,0,0,0,0,0,0,0,0,0,0,0,0,0,0,0,0,0,0,0,0,0,0
0,0,0,0,0,0,7.2257e-006,0.00023928,0.0029474,0.014137,0.034631,0.072093,0.10344,0.073622,0.035683,0.014408,0.0040395,0.013304,0.058557,0.096533,0.05855,0.013064,0.0011258,0.0018004,0.021539,0.096533,0.15916,0.096533,0.021539,0.0017681,5.3391e-005,0,0,0,0,0,0,0,0,5.9312e-007,1.9641e-005,0.00023928,0.0010724,0.0017681,0.0010724,0.00023928,1.9641e-005,5.9312e-007,0,0,0,0,0,0,0,0,0,0,0,0,0,0,0,0,0,0,0,0,0,0,0,0,0,0,0,0,0,0,0,0,0
0,0,0,0,0,0,3.2383e-005,0.0010724,0.013072,0.058797,0.09972,0.075602,0.060732,0.094226,0.11254,0.061712,0.01355,0.0039947,0.013097,0.021547,0.013097,0.0029757,0.00033643,0.0011402,0.013098,0.058565,0.096566,0.058604,0.013105,0.0011192,0.00011875,8.5792e-005,3.9609e-005,7.8188e-006,6.1103e-007,1.7911e-008,0,0,0,1.7911e-008,5.9312e-007,7.2257e-006,3.2383e-005,5.3391e-005,3.2383e-005,7.2257e-006,5.9312e-007,1.7911e-008,0,0,0,0,0,0,1.7911e-008,5.9312e-007,7.2257e-006,3.2383e-005,5.3391e-005,3.2383e-005,7.2257e-006,5.9312e-007,1.7911e-008,0,0,0,0,0,0,0,0,0,0,0,0,0,0,0,0,0,0
0,0,0,0,0,0,5.3391e-005,0.0017681,0.02154,0.096585,0.16052,0.11244,0.1034,0.19591,0.218,0.10962,0.022664,0.0020937,0.0011778,0.0020152,0.0021656,0.0022539,0.002204,0.0023012,0.0040591,0.013551,0.022633,0.014853,0.0042463,0.0017902,0.0028673,0.002841,0.0013117,0.00025892,2.0235e-005,5.9312e-007,0,0,0,0,0,0,0,0,0,0,0,0,0,0,0,0,0,0,5.9312e-007,1.9641e-005,0.00023928,0.0010724,0.0017681,0.0010724,0.00023928,1.9641e-005,5.9312e-007,0,0,0,0,0,0,0,0,0,0,0,0,0,0,0,0,0,0
0,0,0,0,0,0,3.2383e-005,0.0010724,0.013064,0.058604,0.098341,0.081202,0.12275,0.21886,0.19316,0.080337,0.015906,0.0029083,0.0013764,0.0032155,0.013375,0.024702,0.027202,0.026249,0.014855,0.007149,0.015099,0.022866,0.016458,0.018914,0.034844,0.034611,0.015979,0.0031543,0.00024651,7.2257e-006,0,0,0,0,0,0,0,0,0,0,0,0,0,0,0,0,0,0,7.2257e-006,0.00023928,0.002915,0.013064,0.021539,0.013064,0.002915,0.00023928,7.2257e-006,0,0,0,0,0,0,0,0,0,0,0,0,0,0,0,0,0,0
0,0,0,0,0,0,7.2257e-006,0.00023928,0.002915,0.013097,0.022639,0.026607,0.065453,0.11161,0.081408,0.029283,0.017071,0.021844,0.014144,0.016019,0.060101,0.11252,0.13016,0.13117,0.073766,0.029108,0.059948,0.09771,0.072694,0.084679,0.15616,0.15512,0.071614,0.014137,0.0011048,3.2383e-005,0,0,0,0,0,0,0,0,0,0,0,0,0,0,0,0,0,0,3.2383e-005,0.0010724,0.013064,0.05855,0.096533,0.05855,0.013064,0.0010724,3.2383e-005,0,0,0,0,0,0,0,0,0,0,0,0,0,0,0,0,0,0
0,0,0,0,0,0,5.9312e-007,1.9641e-005,0.00023928,0.0010868,0.0022472,0.0069221,0.026607,0.044203,0.02897,0.019967,0.059275,0.096653,0.060372,0.034722,0.10045,0.19379,0.25162,0.27728,0.15862,0.056197,0.099427,0.16106,0.11984,0.13961,0.25746,0.25574,0.11807,0.023307,0.0018215,5.3391e-005,0,0,0,0,0,0,0,0,0,0,0,0,0,0,0,0,0,0,5.3391e-005,0.0017681,0.021539,0.096533,0.15916,0.096533,0.021539,0.0017681,5.3391e-005,0,0,0,0,0,0,0,0,0,0,0,0,0,0,0,0,0,0
0,0,0,0,0,0,1.7911e-008,5.9312e-007,7.2257e-006,6.5359e-005,0.0011454,0.013337,0.059637,0.098387,0.061445,0.034895,0.097872,0.1603,0.099406,0.035815,0.06343,0.13122,0.21363,0.26879,0.15723,0.0477,0.061423,0.097723,0.072687,0.084679,0.15616,0.15512,0.071614,0.014137,0.0011048,3.2383e-005,0,0,0,0,0,0,0,0,0,0,0,0,0,0,0,0,0,0,3.2383e-005,0.0010724,0.013064,0.05855,0.096533,0.05855,0.013064,0.0010724,3.2383e-005,0,0,0,0,0,0,0,0,0,0,0,0,0,0,0,0,0,0
0,0,0,0,0,0,0,0,0,5.3409e-005,0.0017687,0.021547,0.096565,0.15924,0.097645,0.034851,0.063254,0.1099,0.081401,0.030851,0.019436,0.03803,0.084706,0.121,0.072093,0.018902,0.014383,0.021826,0.016219,0.018894,0.034843,0.034611,0.015979,0.0031543,0.0002471,1.4451e-005,3.2383e-005,5.3391e-005,3.2383e-005,7.2257e-006,5.9312e-007,1.7911e-008,0,0,0,0,0,0,0,0,0,0,0,0,7.2257e-006,0.00023928,0.002915,0.013064,0.021539,0.013064,0.002915,0.00023928,7.2257e-006,0,0,0,0,0,0,0,0,0,0,0,0,0,0,0,0,0,0
0,0,0,0,0,0,0,0,0,3.2383e-005,0.0010724,0.013064,0.05855,0.09654,0.058822,0.017059,0.02744,0.083038,0.12269,0.083291,0.027785,0.0090028,0.01552,0.023562,0.014177,0.0033942,0.0013319,0.0017961,0.0013313,0.0015509,0.0028601,0.002841,0.0013117,0.00025952,3.9876e-005,0.00023987,0.0010724,0.0017681,0.0010724,0.00023928,1.9641e-005,5.9312e-007,0,0,0,0,0,0,0,0,0,0,0,1.7911e-008,1.1862e-006,2.6867e-005,0.00027166,0.0011258,0.0018004,0.0010796,0.00023987,1.9659e-005,5.9312e-007,0,0,0,0,0,0,0,0,0,0,0,0,0,0,0,0,0,0
0,0,0,0,0,0,0,0,0,7.2436e-006,0.00023987,0.0029223,0.013097,0.021593,0.01317,0.004962,0.023925,0.11139,0.21904,0.19462,0.083002,0.017973,0.0035746,0.00212,0.0011262,0.00025434,5.2636e-005,5.4613e-005,4.0202e-005,4.6835e-005,8.6367e-005,8.5792e-005,3.9609e-005,1.5044e-005,0.00023989,0.0029151,0.013064,0.021539,0.013064,0.002915,0.00023928,7.2257e-006,0,0,0,0,0,0,0,0,0,0,0,5.9312e-007,1.9659e-005,0.00023987,0.0010796,0.0018004,0.0011258,0.00027166,2.6867e-005,1.1862e-006,1.7911e-008,0,0,0,0,0,0,0,0,0,0,0,0,0,0,0,0,0,0
0,0,0,0,0,0,0,0,0,1.1862e-006,3.9301e-005,0.00047916,0.002152,0.0035685,0.0022311,0.0016439,0.014918,0.080391,0.19625,0.23369,0.1442,0.057223,0.017812,0.0032611,0.00027889,1.4451e-005,5.9312e-007,1.7911e-008,1.7911e-008,5.9312e-007,7.2257e-006,3.2383e-005,5.3391e-005,6.4766e-005,0.0010796,0.013065,0.05855,0.096533,0.05855,0.013064,0.0010724,3.2383e-005,0,0,0,1.7911e-008,5.9312e-007,7.2257e-006,3.2383e-005,5.3391e-005,3.2383e-005,7.2257e-006,5.9312e-007,7.2436e-006,0.00023928,0.002915,0.013064,0.021539,0.013064,0.002915,0.00023928,7.2257e-006,0,0,0,0,0,0,0,0,0,0,0,0,0,0,0,0,0,0,0
0,0,0,0,0,0,1.7911e-008,5.9312e-007,7.2257e-006,3.9627e-005,0.00029386,0.0029743,0.013343,0.022666,0.014872,0.0042663,0.004499,0.02726,0.094227,0.18121,0.21655,0.16839,0.072694,0.014169,0.0011048,3.2383e-005,0,0,5.9312e-007,1.9641e-005,0.00023928,0.0010724,0.0017681,0.0011258,0.0020073,0.021559,0.096534,0.15916,0.096533,0.021539,0.0017681,5.3391e-005,0,0,0,5.9312e-007,1.9641e-005,0.00023928,0.0010724,0.0017681,0.0010724,0.00023928,1.9641e-005,3.2976e-005,0.0010724,0.013064,0.05855,0.096533,0.05855,0.013064,0.0010724,3.2383e-005,0,0,0,0,0,0,0,0,0,0,0,0,0,0,0,0,0,0,0
0,0,0,0,0,0,5.9312e-007,1.9641e-005,0.00023928,0.0011048,0.0028477,0.014377,0.061712,0.10965,0.080144,0.026188,0.0045266,0.0060811,0.038147,0.14068,0.26899,0.25862,0.11831,0.023315,0.0018215,5.3391e-005,0,0,7.2257e-006,0.00023928,0.002915,0.013064,0.021539,0.013097,0.0039874,0.013304,0.058557,0.096533,0.05855,0.013064,0.0010724,3.2383e-005,0,0,0,7.2257e-006,0.00023928,0.002915,0.013064,0.021539,0.013064,0.002915,0.00023928,6.0617e-005,0.0017681,0.021539,0.096533,0.15916,0.096533,0.021539,0.0017681,5.3391e-005,0,0,0,0,0,0,0,0,0,0,0,0,0,0,0,0,0,0,0
0,0,0,0,0,0,7.2257e-006,0.00023928,0.002915,0.013118,0.02334,0.035696,0.11275,0.21902,0.19484,0.081163,0.015131,0.0025218,0.015295,0.073415,0.15616,0.15532,0.071634,0.014137,0.0011048,3.2383e-005,0,0,3.2383e-005,0.0010724,0.013064,0.05855,0.096533,0.058557,0.013304,0.0039874,0.013097,0.021539,0.013064,0.002915,0.00023928,7.2257e-006,0,0,0,3.2383e-005,0.0010724,0.013064,0.05855,0.096533,0.05855,0.013064,0.0010724,6.4766e-005,0.0010724,0.013064,0.05855,0.096533,0.05855,0.013064,0.0010724,3.2383e-005,0,0,0,0,0,0,0,0,0,0,0,0,0,0,0,0,0,0,0
0,0,0,0,0,0,3.2383e-005,0.0010724,0.013064,0.058583,0.097666,0.073622,0.096069,0.2072,0.23929,0.12269,0.025588,0.0023258,0.0032545,0.016033,0.034636,0.034611,0.01598,0.0031543,0.00024651,7.2257e-006,0,0,5.3391e-005,0.0017681,0.021539,0.096533,0.15916,0.096534,0.021559,0.0020073,0.0011258,0.0017681,0.0010724,0.00023928,1.9641e-005,5.9312e-007,0,0,0,5.3391e-005,0.0017681,0.021539,0.096533,0.15916,0.096533,0.021539,0.0017681,6.0617e-005,0.00023928,0.002915,0.013064,0.021539,0.013064,0.002915,0.00023928,7.2257e-006,0,0,0,0,0,1.7911e-008,5.9312e-007,7.2257e-006,3.2383e-005,5.3391e-005,3.2383e-005,7.2257e-006,5.9312e-007,1.7911e-008,0,0,0,0,0
0,0,1.7911e-008,5.9312e-007,7.2257e-006,3.2383e-005,0.00010678,0.0018004,0.021547,0.096541,0.15946,0.10159,0.060733,0.14043,0.20642,0.12109,0.028137,0.0032446,0.00056299,0.0013319,0.0028483,0.0028728,0.0013651,0.00029131,2.746e-005,1.1862e-006,1.7911e-008,0,3.2383e-005,0.0010724,0.013064,0.05855,0.096533,0.05855,0.013065,0.0010796,6.4766e-005,5.3391e-005,3.2383e-005,7.2257e-006,5.9312e-007,1.7911e-008,0,0,0,3.2383e-005,0.0010724,0.013064,0.05855,0.096533,0.05855,0.013064,0.0010724,3.2976e-005,1.9641e-005,0.00023928,0.0010724,0.0017681,0.0010724,0.00023928,1.9641e-005,5.9312e-007,0,0,0,0,0,5.9312e-007,1.9641e-005,0.00023928,0.0010724,0.0017681,0.0010724,0.00023928,1.9641e-005,5.9312e-007,0,0,0,0,0
0,0,5.9312e-007,1.9641e-005,0.00023928,0.0010724,0.0018004,0.0021448,0.013304,0.05857,0.096614,0.060797,0.038598,0.11268,0.18472,0.1229,0.046014,0.015073,0.0029841,0.00029853,0.00033228,0.0011582,0.0018077,0.0010802,0.00023989,1.9659e-005,5.9312e-007,0,7.2257e-006,0.00023928,0.002915,0.013064,0.021539,0.013064,0.002915,0.00023928,7.2257e-006,0,0,0,0,0,0,0,0,7.2257e-006,0.00023928,0.002915,0.013064,0.021539,0.013064,0.002915,0.00023928,7.2436e-006,5.9312e-007,7.2436e-006,3.2976e-005,6.0617e-005,6.4766e-005,6.0617e-005,3.2976e-005,7.2436e-006,5.9312e-007,1.7911e-008,0,0,0,7.2257e-006,0.00023928,0.002915,0.013064,0.021539,0.013064,0.002915,0.00023928,7.2257e-006,0,0,0,0,0
0,0,7.2257e-006,0.00023928,0.002915,0.013064,0.021547,0.013304,0.0058301,0.013304,0.02158,0.014164,0.016283,0.060988,0.1114,0.11818,0.10984,0.059642,0.013105,0.0013123,0.0029547,0.013097,0.021593,0.013097,0.0029223,0.00024049,1.5062e-005,3.9627e-005,8.696e-005,0.00011264,0.00031127,0.0011336,0.0018011,0.0010796,0.00023987,1.9659e-005,5.9312e-007,0,0,0,0,0,0,0,0,5.9312e-007,1.9641e-005,0.00023928,0.0010724,0.0017681,0.0010724,0.00023928,1.9641e-005,5.9312e-007,0,5.9312e-007,1.9641e-005,0.00023928,0.0010724,0.0017681,0.0010724,0.00023928,1.9641e-005,5.9312e-007,0,0,0,3.2383e-005,0.0010724,0.013064,0.05855,0.096533,0.05855,0.013064,0.0010724,3.2383e-005,0,0,0,0,0
0,0,3.2383e-005,0.0010724,0.013064,0.05855,0.096534,0.05857,0.013304,0.0021448,0.0018077,0.0013123,0.0032149,0.014884,0.043133,0.10963,0.16208,0.096773,0.02158,0.0028601,0.013357,0.059623,0.098301,0.059623,0.013304,0.0011123,0.0002919,0.0013123,0.0028601,0.0030803,0.0023913,0.0020594,0.001146,0.00027226,2.6867e-005,1.1862e-006,1.7911e-008,0,0,0,0,0,0,0,0,1.7911e-008,5.9312e-007,7.2257e-006,3.2383e-005,5.3391e-005,3.2383e-005,7.2257e-006,5.9312e-007,1.7911e-008,0,7.2257e-006,0.00023928,0.002915,0.013064,0.021539,0.013064,0.002915,0.00023928,7.2257e-006,0,0,0,5.3391e-005,0.0017681,0.021539,0.096533,0.15916,0.096533,0.021539,0.0017681,5.3391e-005,0,0,0,0,0
0,0,5.3391e-005,0.0017681,0.021539,0.096533,0.15916,0.096534,0.021547,0.0018004,0.00010739,5.2618e-005,0.00028612,0.0021777,0.014886,0.059655,0.096779,0.058571,0.013133,0.0031121,0.02454,0.10963,0.1807,0.10961,0.024494,0.0023072,0.0032473,0.015994,0.034844,0.037519,0.029044,0.024694,0.013311,0.0029223,0.00023928,7.2257e-006,0,0,0,0,1.7911e-008,5.9312e-007,7.2257e-006,3.2383e-005,5.3391e-005,3.2383e-005,7.2257e-006,5.9312e-007,1.7911e-008,0,0,0,0,0,0,3.2383e-005,0.0010724,0.013064,0.05855,0.096533,0.05855,0.013064,0.0010724,3.2383e-005,0,0,0,3.2383e-005,0.0010724,0.013064,0.05855,0.096533,0.05855,0.013064,0.0010724,3.2383e-005,0,0,0,0,0
0,0,3.2383e-005,0.0010724,0.013064,0.05855,0.096533,0.05855,0.013065,0.0010796,6.5377e-005,7.3625e-005,0.00028612,0.0013513,0.0047371,0.014169,0.021787,0.013104,0.0032197,0.0034564,0.027904,0.11817,0.19332,0.11736,0.027234,0.0050176,0.015274,0.071886,0.15618,0.16815,0.13016,0.11067,0.059655,0.013097,0.0010724,3.2383e-005,0,0,0,0,5.9312e-007,1.9641e-005,0.00023928,0.0010724,0.0017681,0.0010724,0.00023928,1.9641e-005,5.9312e-007,0,0,0,0,0,0,5.3391e-005,0.0017681,0.021539,0.096533,0.15916,0.096533,0.021539,0.0017681,5.3391e-005,0,0,0,7.2257e-006,0.00023928,0.002915,0.013064,0.021539,0.013064,0.002915,0.00023928,7.2257e-006,0,0,0,0,0
0,0,7.2257e-006,0.00023928,0.002915,0.013064,0.021539,0.013065,0.0029347,0.00047856,0.0010868,0.0020073,0.003988,0.013323,0.021798,0.014137,0.0046903,0.0015509,0.0032222,0.015091,0.045994,0.12267,0.18385,0.11275,0.037579,0.025368,0.036432,0.12104,0.2577,0.27724,0.21464,0.18252,0.098387,0.0216,0.0017687,5.3409e-005,0,0,0,0,7.2257e-006,0.00023928,0.002915,0.013064,0.021539,0.013064,0.002915,0.00023928,7.2257e-006,0,0,0,0,0,0,3.2383e-005,0.0010724,0.013064,0.05855,0.096533,0.05855,0.013064,0.0010724,3.2383e-005,0,0,0,5.9312e-007,1.9641e-005,0.00023928,0.0010724,0.0017681,0.0010724,0.00023928,1.9641e-005,5.9312e-007,0,0,0,0,0
0,0,5.9312e-007,1.9641e-005,0.00023928,0.0010724,0.0017681,0.0010796,0.00047856,0.0029347,0.013097,0.022612,0.026129,0.061466,0.096779,0.05859,0.01315,0.0021772,0.013137,0.059643,0.10984,0.11821,0.11244,0.073759,0.071919,0.09873,0.07272,0.084712,0.15725,0.16843,0.13127,0.11249,0.06076,0.013343,0.0010926,3.2994e-005,0,0,0,0,3.2383e-005,0.0010724,0.013064,0.05855,0.096533,0.05855,0.013064,0.0010724,3.2383e-005,0,0,0,0,0,1.7911e-008,7.8188e-006,0.00024651,0.0029474,0.013118,0.021572,0.013072,0.0029156,0.0002393,7.2257e-006,0,0,0,1.7911e-008,5.9312e-007,7.2257e-006,3.2383e-005,5.3391e-005,3.2383e-005,7.2257e-006,5.9312e-007,1.7911e-008,0,0,0,0,0
0,0,1.7911e-008,5.9312e-007,7.2257e-006,3.2383e-005,5.3391e-005,6.4766e-005,0.0010796,0.013065,0.058604,0.098301,0.08009,0.1096,0.16023,0.096565,0.021593,0.0035361,0.0216,0.096773,0.16208,0.10968,0.0449,0.036404,0.099516,0.15964,0.099694,0.037534,0.03687,0.040726,0.04318,0.048001,0.027448,0.0060766,0.0004982,1.5044e-005,0,0,0,0,5.3391e-005,0.0017681,0.021539,0.096533,0.15916,0.096533,0.021539,0.0017681,5.3391e-005,0,0,0,0,0,5.9312e-007,2.0235e-005,0.00025892,0.0013117,0.0028404,0.0028404,0.0013117,0.00025892,2.0235e-005,5.9312e-007,0,0,0,0,0,0,0,0,0,0,0,0,0,0,0,0,0
0,0,0,0,0,0,0,5.3409e-005,0.0017687,0.021547,0.096598,0.16028,0.10963,0.080097,0.098302,0.058604,0.013097,0.0021448,0.013097,0.05857,0.096779,0.059687,0.015958,0.015241,0.05883,0.096573,0.05881,0.014416,0.0052441,0.019091,0.073999,0.1201,0.072707,0.016219,0.0013313,4.0202e-005,0,0,0,0,3.2383e-005,0.0010724,0.013064,0.05855,0.096533,0.05855,0.013064,0.0010724,3.2383e-005,0,0,0,0,0,7.2257e-006,0.0002393,0.0029156,0.013072,0.021572,0.013118,0.0029474,0.00024651,7.8188e-006,1.7911e-008,0,0,0,0,0,0,0,0,0,0,0,0,0,0,0,0,0
0,0,0,0,0,0,0,3.2976e-005,0.001092,0.013304,0.05963,0.098547,0.06257,0.026421,0.022664,0.013105,0.0029229,0.00047858,0.0029229,0.013085,0.021786,0.014176,0.0049758,0.0042591,0.013318,0.02156,0.013073,0.0030404,0.0031661,0.034704,0.15516,0.25575,0.15512,0.034611,0.002841,8.5792e-005,0,0,0,0,7.2257e-006,0.00023928,0.002915,0.013064,0.021539,0.013064,0.002915,0.00023928,7.2257e-006,0,0,0,0,0,3.2383e-005,0.0010724,0.013064,0.05855,0.096533,0.05855,0.013064,0.0010724,3.2383e-005,0,0,0,0,0,0,0,0,0,0,0,0,0,0,0,0,0,0
0,0,0,0,0,0,0,1.4451e-005,0.00047856,0.0058307,0.026149,0.043338,0.02744,0.0086705,0.003319,0.0013261,0.00025952,3.9876e-005,0.0002471,0.0013117,0.0046837,0.014145,0.021831,0.013377,0.0040204,0.0020146,0.0010802,0.00032507,0.0028601,0.034604,0.15508,0.25569,0.15508,0.034604,0.0028404,8.5774e-005,0,0,0,0,5.9312e-007,1.9641e-005,0.00023928,0.0010724,0.0017681,0.0010724,0.00023928,1.9641e-005,5.9312e-007,0,0,0,0,0,5.3391e-005,0.0017681,0.021539,0.096533,0.15916,0.096533,0.021539,0.0017681,5.3391e-005,0,0,0,0,0,0,0,0,0,0,0,0,0,0,0,0,0,0
0,0,0,0,0,0,0,3.2976e-005,0.001092,0.013311,0.059862,0.10122,0.072694,0.034875,0.01421,0.0029804,0.00024652,8.4119e-006,3.9627e-005,0.0011054,0.013137,0.058822,0.097613,0.060326,0.014169,0.0013651,8.4408e-005,4.7428e-005,0.0013123,0.015979,0.071614,0.11807,0.071614,0.015979,0.0013117,3.9609e-005,0,0,0,0,1.7911e-008,5.9312e-007,7.2257e-006,3.2383e-005,5.3391e-005,3.2383e-005,7.2257e-006,5.9312e-007,1.7911e-008,0,0,0,0,0,3.2383e-005,0.0010724,0.013064,0.05855,0.096533,0.05855,0.013064,0.0010724,3.2383e-005,0,0,0,0,0,0,0,0,0,0,0,0,0,0,0,0,0,0
0,0,0,0,0,0,0,5.3409e-005,0.0017687,0.021579,0.097638,0.17227,0.15512,0.11808,0.060319,0.013118,0.0010724,3.2383e-005,5.3391e-005,0.0017753,0.021779,0.099448,0.17222,0.11807,0.034604,0.0046831,0.00029267,1.5044e-005,0.00025892,0.0031543,0.014137,0.023307,0.014137,0.0031543,0.00025892,7.8188e-006,0,0,0,0,0,0,0,0,0,0,0,0,0,0,0,0,0,0,7.2257e-006,0.00023928,0.002915,0.013064,0.021539,0.013065,0.0029223,0.00027166,6.0617e-005,3.2383e-005,7.2257e-006,5.9312e-007,1.7911e-008,0,0,0,0,0,0,0,0,0,0,0,0,0,0
0,0,0,0,0,0,0,3.2383e-005,0.0010724,0.013118,0.060318,0.11807,0.15508,0.17222,0.097605,0.021572,0.0017681,5.3391e-005,3.2383e-005,0.0011048,0.014137,0.071614,0.15508,0.15508,0.071614,0.014137,0.0011048,3.2994e-005,2.0235e-005,0.00024651,0.0011048,0.0018215,0.0011048,0.00024651,2.0235e-005,6.1103e-007,0,0,0,0,0,0,0,0,0,0,0,0,0,0,0,0,0,0,5.9312e-007,1.9641e-005,0.00023928,0.0010724,0.0017687,0.001092,0.00047856,0.001092,0.0017687,0.0010724,0.00023928,1.9641e-005,5.9312e-007,0,0,0,0,0,0,0,0,0,0,0,0,0,0
0,0,0,0,1.7911e-008,5.9312e-007,7.2257e-006,3.9609e-005,0.00029267,0.0029798,0.014144,0.034604,0.071615,0.099448,0.058789,0.013072,0.0010724,3.2383e-005,7.2257e-006,0.00029267,0.0046831,0.034604,0.11807,0.17222,0.099448,0.021779,0.0017753,5.3409e-005,5.9312e-007,7.2257e-006,3.2383e-005,5.3391e-005,3.2383e-005,7.2257e-006,5.9312e-007,1.7911e-008,0,0,0,0,0,1.7911e-008,5.9312e-007,7.2257e-006,3.2383e-005,5.3391e-005,3.2383e-005,7.2257e-006,6.1103e-007,6.1103e-007,7.2257e-006,3.2383e-005,5.3391e-005,3.2383e-005,7.2436e-006,1.1862e-006,7.2436e-006,3.2383e-005,6.0617e-005,0.00027166,0.0029223,0.013065,0.021539,0.013064,0.002915,0.00023928,7.2257e-006,0,0,0,0,0,0,0,0,0,0,0,0,0,0
0,0,0,0,5.9312e-007,1.9641e-005,0.00023928,0.001073,0.0017877,0.0013189,0.0015509,0.0047027,0.014137,0.021779,0.013084,0.0029156,0.00023928,7.2257e-006,5.9312e-007,5.2025e-005,0.0013117,0.014137,0.060318,0.097605,0.058789,0.013084,0.001073,3.2383e-005,0,0,0,0,0,0,0,0,1.7911e-008,5.9312e-007,7.2257e-006,3.2383e-005,5.3391e-005,3.2976e-005,2.6867e-005,0.00023989,0.001073,0.0017753,0.0011048,0.00029267,5.2618e-005,2.746e-005,0.00023987,0.0010724,0.0017681,0.0010724,0.00023928,1.9641e-005,5.9312e-007,0,3.2383e-005,0.0010724,0.013064,0.05855,0.096533,0.05855,0.013064,0.0010724,3.2383e-005,0,0,0,0,0,0,0,0,0,0,0,0,0,0
0,0,0,0,7.2257e-006,0.00023928,0.002915,0.013064,0.02154,0.013072,0.0029671,0.00053195,0.001112,0.0017753,0.001073,0.0002393,1.9641e-005,5.9312e-007,1.7911e-008,7.8188e-006,0.00024651,0.0029474,0.013118,0.021572,0.013072,0.0029156,0.0002393,7.2257e-006,0,0,0,0,0,0,0,0,5.9312e-007,1.9641e-005,0.00023928,0.0010724,0.0017681,0.0010796,0.00047856,0.0029353,0.013085,0.021779,0.014137,0.0046831,0.0013189,0.00048579,0.0029347,0.013065,0.021539,0.013064,0.002915,0.00023928,7.2257e-006,0,5.3391e-005,0.0017681,0.021539,0.096533,0.15916,0.096533,0.021539,0.0017681,5.3391e-005,0,0,0,0,0,0,0,0,0,0,0,0,0,0
0,0,0,0,3.2401e-005,0.001073,0.013072,0.058583,0.096586,0.058583,0.013072,0.0010802,6.4784e-005,5.3391e-005,3.2383e-005,7.2257e-006,5.9312e-007,1.7911e-008,1.7911e-008,1.1862e-006,2.6867e-005,0.00027166,0.0011258,0.0018004,0.0010796,0.00023987,1.9659e-005,5.9312e-007,0,0,0,0,0,0,0,0,7.2257e-006,0.00023928,0.002915,0.013064,0.021539,0.013097,0.0039874,0.013311,0.058797,0.099448,0.071614,0.034604,0.014169,0.0040198,0.013304,0.058557,0.096533,0.05855,0.013064,0.0010724,3.2401e-005,5.9312e-007,3.9609e-005,0.0011048,0.013118,0.058583,0.09654,0.058551,0.013064,0.0010724,3.2383e-005,0,0,0,0,0,0,0,0,0,0,0,0,0,0
0,0,0,0,5.3984e-005,0.0017877,0.021779,0.097605,0.16092,0.097605,0.021779,0.0017877,5.3984e-005,0,0,0,0,0,5.9312e-007,1.9659e-005,0.00023987,0.0010796,0.0018004,0.0011258,0.00027166,2.6867e-005,1.1862e-006,1.7911e-008,0,0,0,0,0,0,0,0,3.2383e-005,0.0010724,0.013064,0.05855,0.096533,0.058604,0.014832,0.022644,0.097638,0.17222,0.15508,0.11807,0.060372,0.014886,0.022612,0.096565,0.15916,0.096533,0.021539,0.0017681,5.3984e-005,1.9641e-005,0.00024651,0.0013117,0.0046831,0.014137,0.021779,0.013084,0.0029156,0.00023928,7.2257e-006,1.7911e-008,5.9312e-007,7.2257e-006,3.2383e-005,5.3391e-005,3.2383e-005,7.2257e-006,5.9312e-007,1.7911e-008,0,0,0,0,0
0,0,0,0,3.9609e-005,0.0013117,0.015979,0.071614,0.11807,0.071614,0.015979,0.0013117,3.9609e-005,0,0,0,0,0,7.2257e-006,0.00023928,0.002915,0.013064,0.021539,0.013064,0.002915,0.00023928,7.2257e-006,0,0,0,0,0,0,0,0,0,5.3391e-005,0.0017681,0.021539,0.096533,0.15916,0.096565,0.022612,0.014886,0.060372,0.11807,0.15508,0.17222,0.097638,0.022644,0.014832,0.058604,0.096533,0.05855,0.013064,0.0010724,4.0202e-005,0.00024651,0.002948,0.013137,0.021811,0.014144,0.0046837,0.0013117,0.00024651,1.9641e-005,5.9312e-007,5.9312e-007,1.9641e-005,0.00023928,0.0010724,0.0017681,0.0010724,0.00023928,1.9641e-005,5.9312e-007,0,0,0,0,0
0,0,0,0,3.9609e-005,0.0013117,0.015979,0.071615,0.11807,0.071622,0.016012,0.0013651,7.1992e-005,7.2257e-006,5.9312e-007,1.7911e-008,0,0,3.2383e-005,0.0010724,0.013064,0.05855,0.096533,0.05855,0.013065,0.0010796,6.5359e-005,6.0617e-005,6.4766e-005,6.0617e-005,3.2976e-005,7.2436e-006,5.9312e-007,1.7911e-008,0,0,3.2383e-005,0.0010724,0.013064,0.05855,0.096533,0.058557,0.013304,0.0040198,0.014169,0.034604,0.071614,0.099448,0.058797,0.013311,0.0039874,0.013097,0.021539,0.013064,0.0029151,0.00024047,6.6476e-005,0.001344,0.01419,0.060351,0.09762,0.058822,0.013137,0.0011054,3.9609e-005,5.9312e-007,1.7911e-008,7.2257e-006,0.00023928,0.002915,0.013064,0.021539,0.013064,0.0029151,0.00023987,1.4451e-005,3.2383e-005,5.3391e-005,3.2383e-005,7.2257e-006,5.9312e-007
0,0,0,0,5.3984e-005,0.0017877,0.021779,0.097606,0.16094,0.097845,0.022851,0.0035558,0.0011264,0.00023928,1.9641e-005,5.9312e-007,0,0,5.3391e-005,0.0017681,0.021539,0.096533,0.15916,0.096534,0.021559,0.0020079,0.0011454,0.0020073,0.0021448,0.0020073,0.001092,0.00023987,1.9641e-005,5.9312e-007,0,0,7.2257e-006,0.00023928,0.002915,0.013064,0.021539,0.013065,0.0029347,0.00048579,0.0013189,0.0046831,0.014137,0.021779,0.013085,0.0029353,0.00047856,0.0010796,0.0017681,0.0010724,0.00023987,4.6508e-005,0.00053255,0.0057555,0.036372,0.11914,0.17246,0.099468,0.021779,0.0017753,5.3409e-005,5.9312e-007,7.2257e-006,6.4766e-005,0.0011258,0.013097,0.058557,0.096534,0.05855,0.013065,0.001092,0.00027166,0.0010724,0.0017681,0.0010724,0.00023928,1.9641e-005
0,0,0,0,3.2401e-005,0.001073,0.013072,0.05859,0.096826,0.061498,0.026136,0.022612,0.013097,0.002915,0.0002393,7.8367e-006,7.8188e-006,3.9609e-005,0.00011816,0.0011582,0.013104,0.058558,0.096534,0.058565,0.013336,0.004048,0.013368,0.024462,0.026129,0.024454,0.013304,0.0029223,0.00023928,7.2257e-006,0,0,5.9312e-007,1.9641e-005,0.00023928,0.0010724,0.0017681,0.0010724,0.00023987,2.746e-005,5.2636e-005,0.00029327,0.001112,0.0018077,0.0011264,0.00027228,3.4093e-005,3.3569e-005,5.3409e-005,3.2383e-005,1.4451e-005,0.00027226,0.0040198,0.027201,0.093154,0.16815,0.158,0.071854,0.014144,0.0011048,3.2976e-005,1.9641e-005,0.00023928,0.0011258,0.0035361,0.022612,0.096772,0.15918,0.096534,0.021547,0.0020146,0.0030008,0.013118,0.021572,0.013072,0.0029156,0.0002393
0,0,0,0,7.2257e-006,0.00023928,0.002915,0.013097,0.022612,0.026129,0.061465,0.096772,0.058557,0.013064,0.001073,5.2618e-005,0.00025892,0.0013117,0.0028477,0.0030797,0.0042267,0.013324,0.021579,0.013337,0.0050598,0.015104,0.060702,0.10984,0.11712,0.1096,0.059623,0.013097,0.0010724,3.2383e-005,0,0,1.7911e-008,5.9312e-007,7.2257e-006,3.2383e-005,5.3391e-005,3.2383e-005,7.2257e-006,6.1103e-007,1.2041e-006,2.6867e-005,0.00027166,0.0011258,0.0018004,0.0010796,0.00023987,1.9659e-005,5.9312e-007,0,3.2383e-005,0.0011258,0.01484,0.080329,0.19598,0.23077,0.13114,0.035676,0.0047155,0.00029267,1.4451e-005,0.00023928,0.002915,0.013097,0.022612,0.026129,0.061465,0.096772,0.058558,0.013116,0.002384,0.014169,0.060318,0.097605,0.058789,0.013084,0.001073
0,0,0,1.7911e-008,1.2041e-006,2.746e-005,0.00027889,0.0012115,0.0036219,0.022651,0.09678,0.15918,0.096541,0.021572,0.0018293,0.00033951,0.0031939,0.016033,0.034637,0.034631,0.016219,0.0042345,0.0022611,0.0040804,0.015125,0.043185,0.11138,0.18364,0.19336,0.18073,0.098308,0.021593,0.0017681,5.3391e-005,0,0,0,0,0,0,0,0,0,0,7.2257e-006,0.00023928,0.002915,0.013064,0.021539,0.013064,0.002915,0.00023928,7.2257e-006,0,5.3391e-005,0.0018004,0.022612,0.10962,0.21795,0.19414,0.081858,0.015905,0.0013651,5.2025e-005,3.2976e-005,0.0010724,0.013064,0.058557,0.096772,0.061465,0.026129,0.022612,0.013104,0.0032077,0.0049224,0.034611,0.11807,0.17222,0.099448,0.021779,0.0017753
0,0,0,5.9312e-007,2.0252e-005,0.00025952,0.0013189,0.0029052,0.0039662,0.014408,0.058817,0.096573,0.05879,0.014137,0.0028925,0.0024488,0.015448,0.073402,0.15616,0.15532,0.071642,0.014222,0.0024698,0.014234,0.061398,0.11072,0.11865,0.12375,0.11994,0.1107,0.059862,0.013116,0.001073,3.2383e-005,0,0,0,0,0,0,0,0,0,0,3.2383e-005,0.0010724,0.013064,0.05855,0.096533,0.05855,0.013064,0.0010724,3.2383e-005,1.7911e-008,3.2976e-005,0.0010868,0.013336,0.061519,0.10964,0.080129,0.026183,0.0040198,0.00027889,7.8188e-006,5.3409e-005,0.0017681,0.021539,0.096534,0.15918,0.096772,0.022612,0.0035361,0.0011582,0.001344,0.014156,0.071615,0.15508,0.15508,0.071614,0.014137,0.0011048
5.3391e-005,3.2383e-005,7.2257e-006,7.8188e-006,0.00024652,0.0031543,0.015979,0.034611,0.034843,0.018894,0.016226,0.022025,0.015987,0.015987,0.022071,0.017809,0.039294,0.13988,0.26881,0.25864,0.11833,0.023615,0.006537,0.034718,0.11835,0.17539,0.11567,0.059297,0.049443,0.037572,0.016219,0.0031615,0.00024651,7.2257e-006,0,0,0,0,0,0,0,0,0,0,5.3391e-005,0.0017681,0.021539,0.096533,0.15916,0.096533,0.021539,0.0017681,5.3391e-005,5.9312e-007,2.6867e-005,0.00047916,0.0040071,0.015072,0.023684,0.015072,0.0040071,0.00047916,2.6867e-005,5.9312e-007,3.2383e-005,0.0010724,0.013064,0.05855,0.096534,0.058557,0.013097,0.0011258,0.00011816,0.0017825,0.021779,0.099448,0.17222,0.11807,0.034604,0.0046831,0.00029267
0.0017681,0.0010724,0.00023928,5.2025e-005,0.0011054,0.014137,0.071614,0.15508,0.1551,0.071854,0.015241,0.0039452,0.014169,0.058822,0.097658,0.072739,0.08599,0.17029,0.21543,0.16923,0.073018,0.015619,0.0164,0.073455,0.15622,0.15664,0.08579,0.074695,0.099782,0.06059,0.014156,0.0013123,5.2025e-005,5.9312e-007,0,0,0,0,0,0,0,0,0,1.7911e-008,3.2976e-005,0.0010796,0.013097,0.058604,0.096565,0.058557,0.013065,0.0010724,3.2383e-005,7.2257e-006,0.00023987,0.0029347,0.013304,0.022619,0.014865,0.0040408,0.00051095,3.4093e-005,1.1862e-006,1.7911e-008,7.2257e-006,0.00023928,0.002915,0.013064,0.021539,0.013064,0.002915,0.00023928,3.9609e-005,0.001073,0.013084,0.058789,0.097605,0.060318,0.014137,0.0013117,5.2025e-005
0.021539,0.013064,0.002915,0.00029267,0.0018287,0.023307,0.11807,0.25569,0.2557,0.11811,0.023447,0.0036753,0.021632,0.096594,0.16094,0.11856,0.12414,0.18997,0.15275,0.069474,0.022267,0.010978,0.037937,0.12231,0.1856,0.12278,0.056416,0.10128,0.15951,0.096601,0.021572,0.0017753,5.3984e-005,1.7911e-008,0,0,0,0,0,0,0,0,0,5.9312e-007,2.6867e-005,0.00047856,0.0039874,0.014832,0.022612,0.013304,0.0029347,0.00023987,7.2257e-006,3.2383e-005,0.0010724,0.013065,0.058557,0.096565,0.058604,0.013097,0.0010796,3.2976e-005,1.7911e-008,0,6.1103e-007,2.0235e-005,0.00024651,0.0011048,0.0018215,0.0011048,0.00024651,2.0235e-005,7.8367e-006,0.0002393,0.0029156,0.013072,0.021572,0.013118,0.0029474,0.00024651,7.8188e-006
0.096533,0.05855,0.013064,0.0011048,0.0011372,0.014137,0.071615,0.1551,0.15533,0.072719,0.015991,0.0032819,0.013344,0.05861,0.097671,0.072761,0.084977,0.15751,0.15826,0.077674,0.03254,0.050105,0.10629,0.1713,0.15934,0.074701,0.028281,0.059894,0.096585,0.058551,0.013064,0.0010724,3.2383e-005,0,0,0,0,0,0,0,0,0,0,7.2257e-006,0.00023987,0.0029347,0.013304,0.022612,0.014832,0.0039874,0.00047856,2.6867e-005,5.9312e-007,5.3391e-005,0.0017681,0.021539,0.096534,0.15916,0.096566,0.0216,0.0018328,0.00011401,3.2976e-005,7.2436e-006,1.2041e-006,2.0252e-005,0.00024651,0.0011048,0.0018215,0.0011054,0.00025373,5.2618e-005,5.4595e-005,5.2025e-005,0.00024651,0.001073,0.0017681,0.0010724,0.00023928,1.9641e-005,5.9312e-007
0.15916,0.096533,0.021539,0.0017753,0.0002999,0.0031543,0.015987,0.034863,0.037758,0.030116,0.02647,0.01463,0.0061286,0.013623,0.022945,0.019543,0.038839,0.1197,0.17521,0.1148,0.09548,0.17872,0.25462,0.24385,0.13225,0.036001,0.0076629,0.013364,0.021547,0.013064,0.002915,0.00023928,7.2257e-006,0,0,0,0,0,1.7911e-008,5.9312e-007,7.2257e-006,3.2383e-005,5.3391e-005,6.4766e-005,0.0010796,0.013065,0.058557,0.096565,0.058604,0.013097,0.0010796,3.2976e-005,1.7911e-008,3.2383e-005,0.0010724,0.013065,0.05857,0.096773,0.059642,0.015072,0.0032172,0.0020397,0.001092,0.00023987,2.6867e-005,0.00023987,0.002915,0.013064,0.02154,0.013084,0.0031543,0.0013117,0.0017753,0.001073,0.00024651,5.2025e-005,5.3984e-005,3.2383e-005,7.2257e-006,5.9312e-007,1.7911e-008
0.096533,0.05855,0.013064,0.001073,5.2618e-005,0.00025892,0.0013513,0.0041521,0.01882,0.072927,0.11835,0.071901,0.017538,0.0071001,0.016057,0.024434,0.030382,0.076373,0.12123,0.095473,0.13627,0.27189,0.3156,0.21592,0.083647,0.015986,0.0016367,0.0011778,0.001801,0.0010796,0.00023987,1.9659e-005,5.9312e-007,0,0,0,0,0,5.9312e-007,1.9641e-005,0.00023928,0.0010724,0.0017681,0.0011258,0.0020073,0.021559,0.096534,0.15916,0.096533,0.021539,0.0017681,5.3391e-005,0,7.2257e-006,0.00023928,0.0029223,0.013304,0.024462,0.026368,0.027369,0.026368,0.024462,0.013304,0.0029223,0.00027168,0.0010802,0.013072,0.058583,0.096594,0.058822,0.015987,0.014137,0.021572,0.013064,0.002915,0.00023928,7.2257e-006,0,0,0,0
0.021539,0.013064,0.002915,0.0002393,7.8367e-006,7.8188e-006,0.00012538,0.0029262,0.034689,0.15513,0.25594,0.15805,0.048987,0.038549,0.073562,0.10187,0.075048,0.084819,0.12076,0.089785,0.10267,0.18192,0.1815,0.096122,0.027514,0.0042993,0.0013585,0.0018089,0.001133,0.00030405,8.0258e-005,3.3569e-005,7.2436e-006,5.9312e-007,1.7911e-008,0,0,0,7.2257e-006,0.00023928,0.002915,0.013064,0.021539,0.013097,0.003988,0.013311,0.05859,0.096586,0.058583,0.013072,0.001073,3.2401e-005,0,5.9312e-007,1.9641e-005,0.00027166,0.0021448,0.014865,0.060695,0.10984,0.11712,0.1096,0.059623,0.013097,0.0011264,0.0018207,0.021786,0.097638,0.16101,0.09871,0.03485,0.060338,0.096587,0.05855,0.013064,0.0010724,3.2383e-005,0,0,0,0
0.0017681,0.0010724,0.00023928,1.9641e-005,5.9312e-007,0,8.5774e-005,0.0028404,0.034604,0.15512,0.25677,0.16844,0.097837,0.13398,0.17676,0.18707,0.12231,0.1197,0.16693,0.12694,0.11787,0.14623,0.097195,0.031058,0.0055456,0.0034332,0.013092,0.02156,0.013304,0.0039874,0.0020073,0.0010796,0.00023928,1.9641e-005,5.9312e-007,0,0,0,3.2383e-005,0.0010724,0.013064,0.05855,0.096533,0.058558,0.013323,0.0042267,0.014169,0.023307,0.014137,0.0031615,0.00029132,6.1803e-005,3.9609e-005,3.9627e-005,5.4577e-005,9.3018e-005,0.0018077,0.021647,0.098333,0.1807,0.19307,0.1807,0.098302,0.021607,0.0018736,0.0014987,0.016316,0.072755,0.11993,0.074462,0.037759,0.097864,0.1592,0.096534,0.021547,0.0018004,0.0001068,3.2976e-005,1.4451e-005,3.2976e-005,5.3409e-005
5.3391e-005,3.2383e-005,7.2257e-006,5.9312e-007,1.7911e-008,0,3.9645e-005,0.0013129,0.015994,0.071733,0.11998,0.094323,0.12666,0.23208,0.25169,0.1777,0.086486,0.073899,0.11254,0.13896,0.20745,0.22163,0.1125,0.024009,0.0031642,0.013146,0.058566,0.096805,0.061519,0.026161,0.022619,0.013097,0.0029151,0.00023928,7.2257e-006,1.7911e-008,5.9312e-007,7.2436e-006,8.6367e-005,0.0018287,0.021604,0.096594,0.15919,0.096548,0.021799,0.0049224,0.01419,0.023308,0.014156,0.0033936,0.0013319,0.0017955,0.0013117,0.0013117,0.0017877,0.0011054,0.0013117,0.013116,0.059623,0.1096,0.11711,0.10964,0.059748,0.013662,0.0033232,0.0053666,0.022112,0.086925,0.14076,0.085992,0.031978,0.060102,0.09658,0.05857,0.013304,0.0021448,0.001801,0.001092,0.00047856,0.001092,0.0017687
0,0,0,0,0,0,9.005e-006,0.00029821,0.0036329,0.016314,0.027969,0.031121,0.083962,0.19628,0.23079,0.13138,0.038645,0.01958,0.044444,0.12268,0.22066,0.19339,0.08019,0.014958,0.0029556,0.021624,0.096812,0.1613,0.11137,0.081162,0.09854,0.058623,0.013065,0.0010724,3.2383e-005,5.9312e-007,1.9641e-005,0.00023987,0.0011244,0.0030797,0.015209,0.060558,0.097625,0.058822,0.014157,0.014145,0.058616,0.096601,0.058854,0.01604,0.014177,0.021819,0.015987,0.016012,0.021832,0.013111,0.0031615,0.0031621,0.013311,0.024475,0.026388,0.025781,0.016623,0.0116,0.028005,0.04912,0.074056,0.18353,0.27101,0.15936,0.038051,0.015964,0.02164,0.013304,0.0058301,0.013304,0.021554,0.013311,0.0058625,0.013357,0.021579
0,0,0,0,0,0,1.5062e-005,0.0004988,0.0060766,0.027241,0.045172,0.031221,0.032225,0.080828,0.11069,0.063253,0.014648,0.0034781,0.015156,0.062592,0.10987,0.080136,0.026369,0.0050922,0.0031193,0.014383,0.061758,0.11138,0.10163,0.12266,0.16314,0.096805,0.021547,0.0017681,5.3409e-005,7.8188e-006,0.00024651,0.0029547,0.013364,0.024726,0.029051,0.037519,0.034843,0.01604,0.0049224,0.021787,0.09656,0.15943,0.098678,0.036372,0.061424,0.097918,0.071873,0.072687,0.099373,0.059656,0.01333,0.0013643,0.0011856,0.0022862,0.0053063,0.018052,0.037841,0.061005,0.13426,0.21213,0.21054,0.27786,0.31671,0.16934,0.037691,0.0050182,0.0021261,0.0021716,0.013337,0.058624,0.096625,0.059901,0.027255,0.061423,0.097645
0,0,0,0,0,0,6.4784e-005,0.0021454,0.026136,0.11713,0.19315,0.11764,0.030177,0.017017,0.022716,0.013359,0.0030018,0.00076586,0.0041007,0.015157,0.023731,0.015319,0.0069227,0.013551,0.021838,0.017052,0.029076,0.081401,0.12267,0.12002,0.10984,0.05963,0.013097,0.0010724,3.2976e-005,5.2025e-005,0.0013117,0.014169,0.061391,0.11069,0.11758,0.11069,0.061391,0.014201,0.002384,0.013124,0.05879,0.099501,0.073383,0.056143,0.11073,0.16411,0.12123,0.13114,0.18246,0.10968,0.024727,0.0031404,0.0019264,0.002245,0.014441,0.071802,0.15865,0.19822,0.26651,0.35554,0.30776,0.27589,0.22214,0.1066,0.039367,0.014495,0.0030889,0.0022868,0.022659,0.098382,0.16079,0.10253,0.057931,0.12091,0.17251
0,0,0,0,0,0,0.00010678,0.0035361,0.043079,0.19309,0.31855,0.19417,0.045119,0.0057343,0.0021465,0.0011071,0.00049998,0.0031936,0.014377,0.024387,0.01597,0.0053525,0.013595,0.058585,0.096607,0.060558,0.035683,0.099613,0.16318,0.10984,0.043098,0.014833,0.0029684,0.00023928,1.4451e-005,0.00029267,0.0046831,0.034657,0.11984,0.19376,0.19599,0.18097,0.098362,0.021632,0.0020146,0.0030014,0.014137,0.034636,0.072687,0.11251,0.1174,0.11175,0.085751,0.1302,0.19417,0.11761,0.030116,0.016977,0.02273,0.015125,0.026242,0.11838,0.25784,0.28186,0.23649,0.23261,0.19372,0.15948,0.11037,0.089803,0.10277,0.059929,0.013603,0.0053187,0.027241,0.082129,0.11469,0.088906,0.10648,0.16923,0.15803
0,0,0,0,0,0,6.4766e-005,0.0021448,0.026136,0.11734,0.19598,0.13017,0.047675,0.015241,0.0030332,0.00031127,0.0013261,0.015981,0.071622,0.1181,0.071721,0.01778,0.022858,0.096573,0.15919,0.097613,0.034637,0.060391,0.096858,0.05963,0.014833,0.0021448,0.00027166,1.9641e-005,3.2976e-005,0.0011048,0.014137,0.071647,0.15616,0.16815,0.13016,0.11067,0.059655,0.013097,0.001092,0.00032506,0.0028404,0.023315,0.097845,0.16231,0.10968,0.045087,0.039294,0.11261,0.18126,0.11362,0.05059,0.082098,0.10969,0.06257,0.02744,0.072709,0.15559,0.16095,0.099055,0.073215,0.099155,0.12705,0.098369,0.1267,0.18225,0.1097,0.025774,0.018226,0.074623,0.13226,0.10799,0.10937,0.20021,0.23105,0.13114
0,0,0,0,0,0,1.4451e-005,0.00047856,0.0058625,0.027201,0.056143,0.084679,0.10236,0.059036,0.013111,0.0012121,0.0029124,0.034643,0.15514,0.25572,0.15512,0.035677,0.015905,0.058636,0.09654,0.058789,0.015979,0.014137,0.021579,0.013097,0.0029757,0.00030405,6.7842e-005,3.2976e-005,6.0634e-005,0.0017759,0.021779,0.099455,0.17246,0.12099,0.047668,0.026223,0.013357,0.0029223,0.00023987,4.6835e-005,0.0011048,0.013118,0.058602,0.096779,0.059657,0.015944,0.015688,0.060999,0.10121,0.075528,0.093632,0.19418,0.21775,0.10984,0.025766,0.017781,0.034696,0.035136,0.019912,0.02847,0.10007,0.16359,0.12383,0.13891,0.19486,0.11724,0.02897,0.036768,0.15544,0.25856,0.17946,0.14529,0.22103,0.19424,0.081858
0,0,0,0,0,0,1.1862e-006,3.9283e-005,0.00053197,0.0039134,0.025083,0.098711,0.15971,0.096844,0.022621,0.0036421,0.0042055,0.035915,0.15687,0.25676,0.15533,0.034863,0.0057561,0.01315,0.02154,0.013084,0.0031543,0.0013117,0.0017759,0.001092,0.00047856,0.001092,0.0017687,0.001073,0.00027889,0.001125,0.013138,0.058822,0.097632,0.060558,0.015209,0.0030797,0.0011244,0.00023987,1.9641e-005,7.8188e-006,0.00023928,0.0029151,0.013065,0.021547,0.013111,0.0034476,0.006109,0.026229,0.044933,0.048773,0.11543,0.21819,0.19308,0.08011,0.015091,0.0024375,0.002874,0.0028873,0.0024494,0.013437,0.058728,0.098609,0.083038,0.12267,0.18177,0.10972,0.027295,0.036612,0.15518,0.2568,0.16844,0.096102,0.11245,0.080208,0.026182
0,0,0,0,0,0,3.5821e-008,1.1862e-006,4.7428e-005,0.0011568,0.01341,0.059695,0.098555,0.062539,0.026375,0.02291,0.017324,0.031959,0.093393,0.13114,0.07453,0.016238,0.0015582,0.001112,0.0017681,0.001073,0.00024651,5.2025e-005,6.121e-005,0.00027166,0.0029223,0.013065,0.02154,0.013084,0.0031615,0.001551,0.0046909,0.014144,0.021812,0.013145,0.0029804,0.0002999,4.0202e-005,7.2436e-006,5.9312e-007,6.1103e-007,1.9641e-005,0.00023928,0.0010724,0.0017681,0.0011054,0.0013313,0.013323,0.059656,0.099381,0.072926,0.074769,0.11069,0.080123,0.026129,0.0039952,0.00031127,9.3e-005,9.3e-005,0.00027889,0.0029229,0.013098,0.022631,0.026368,0.062538,0.09854,0.059669,0.014615,0.017071,0.071655,0.11831,0.074549,0.029283,0.023923,0.014872,0.0039874
0,0,0,0,0,0,0,0,1.4469e-005,0.00047916,0.0058373,0.026193,0.044205,0.039225,0.06442,0.098092,0.071888,0.074769,0.11174,0.08189,0.027202,0.0042345,0.00033091,9.3593e-005,8.5774e-005,3.9609e-005,7.8188e-006,6.1103e-007,3.2401e-005,0.0010724,0.013064,0.05855,0.09654,0.058789,0.01598,0.014156,0.021811,0.014137,0.0046831,0.0013117,0.00024651,1.9641e-005,5.9312e-007,0,0,1.7911e-008,5.9312e-007,7.2257e-006,3.2383e-005,5.3391e-005,8.5792e-005,0.0017759,0.021547,0.096573,0.15945,0.0995,0.03485,0.02438,0.014886,0.0039874,0.00047856,2.6867e-005,5.9312e-007,5.9312e-007,1.9641e-005,0.00023928,0.0010796,0.0020079,0.0039947,0.013336,0.021612,0.013105,0.0031812,0.0033942,0.014145,0.023327,0.014377,0.0042339,0.0020594,0.0011336,0.00027166
0,0,0,0,0,0,0,0,3.3569e-005,0.0011117,0.013543,0.060748,0.10184,0.082234,0.11013,0.16204,0.11813,0.11832,0.16203,0.098408,0.022664,0.0022539,0.001146,0.0017687,0.0010724,0.00023928,1.9641e-005,5.9312e-007,5.3391e-005,0.0017681,0.021539,0.096533,0.15919,0.097605,0.034604,0.060319,0.096594,0.058583,0.013118,0.0011048,3.9609e-005,5.9312e-007,1.7911e-008,0,0,0,0,0,0,0,3.2383e-005,0.0010724,0.013064,0.058551,0.096553,0.05879,0.014144,0.0028728,0.0011582,0.00027166,2.6867e-005,1.1862e-006,1.7911e-008,1.7911e-008,5.9312e-007,7.2257e-006,3.2976e-005,7.3032e-005,0.00027166,0.0010796,0.0017687,0.001073,0.00025952,0.00026615,0.0011054,0.001822,0.001112,0.00027889,7.3625e-005,3.2994e-005,7.2257e-006
0,0,0,0,0,0,0,0,6.0634e-005,0.0020079,0.024462,0.10966,0.18182,0.12269,0.083044,0.099613,0.071676,0.071622,0.097638,0.058643,0.013336,0.0039947,0.013097,0.021539,0.013064,0.002915,0.00023928,7.2257e-006,3.2383e-005,0.0010724,0.013064,0.05855,0.096586,0.060318,0.034604,0.097605,0.15919,0.096533,0.021539,0.0017681,5.3391e-005,0,0,0,0,0,0,0,0,0,7.2257e-006,0.00023928,0.002915,0.013064,0.02154,0.013072,0.0029474,0.00029267,3.9609e-005,7.2257e-006,5.9312e-007,1.7911e-008,0,0,0,0,1.7911e-008,5.9312e-007,7.2257e-006,3.2383e-005,5.3391e-005,3.2401e-005,7.8188e-006,7.8188e-006,3.2401e-005,5.3391e-005,3.2383e-005,7.2257e-006,5.9312e-007,1.7911e-008,0
0,0,0,0,0,0,0,0,6.4766e-005,0.0021448,0.026129,0.11711,0.19331,0.12002,0.0392,0.023923,0.016044,0.015979,0.021779,0.013104,0.0039874,0.013304,0.058557,0.096533,0.05855,0.013064,0.0010724,3.2383e-005,7.2257e-006,0.00023928,0.002915,0.013064,0.021572,0.014137,0.015979,0.058789,0.09654,0.05855,0.013064,0.0010724,3.2383e-005,0,0,0,0,0,0,0,0,0,5.9312e-007,1.9641e-005,0.00023928,0.0010724,0.0017681,0.0010724,0.00023928,1.9641e-005,5.9312e-007,0,0,0,0,0,0,0,0,0,0,0,0,0,0,0,0,0,0,0,0,0,0
0,0,0,0,0,0,0,0,6.0617e-005,0.0020073,0.024454,0.1096,0.18071,0.10984,0.025527,0.003795,0.0013723,0.0013117,0.0017877,0.0011264,0.0020073,0.021559,0.096534,0.15916,0.096533,0.021539,0.0017681,5.3391e-005,5.9312e-007,1.9641e-005,0.00023928,0.0010724,0.0017753,0.0013117,0.0031543,0.013084,0.02154,0.013064,0.002915,0.00023928,7.2257e-006,0,0,0,0,0,0,0,0,0,1.7911e-008,5.9312e-007,7.2257e-006,3.2383e-005,5.3391e-005,3.2383e-005,7.2257e-006,5.9312e-007,1.7911e-008,0,0,0,0,0,0,0,0,0,0,0,0,0,0,0,0,0,0,0,0,0,0
0,0,0,0,0,0,0,0,3.2976e-005,0.001092,0.013304,0.059623,0.098302,0.05963,0.013336,0.001146,7.2585e-005,3.9609e-005,5.3984e-005,6.4784e-005,0.0010796,0.013065,0.05855,0.096533,0.05855,0.013064,0.0010724,3.2383e-005,1.7911e-008,5.9312e-007,7.2257e-006,3.2383e-005,5.3984e-005,5.2025e-005,0.00024651,0.001073,0.0017681,0.0010724,0.00023928,1.9641e-005,5.9312e-007,0,0,0,0,0,0,0,0,0,0,0,0,0,0,0,0,0,0,0,0,0,0,0,0,0,0,0,0,0,0,0,0,0,0,0,0,0,0,0,0
0,0,0,0,0,0,0,0,7.2436e-006,0.00023987,0.0029223,0.013097,0.021593,0.013097,0.0029223,0.00023987,7.2436e-006,0,0,7.2257e-006,0.00023928,0.002915,0.013064,0.021539,0.013064,0.002915,0.00023928,7.2257e-006,0,0,0,0,1.7911e-008,5.9312e-007,7.2257e-006,3.2383e-005,5.3391e-005,3.2383e-005,7.2257e-006,5.9312e-007,1.7911e-008,0,0,0,0,0,0,0,0,0,0,0,0,0,0,0,0,0,0,0,0,0,0,0,0,0,0,0,0,0,0,0,0,0,0,0,0,0,0,0,0
0,0,0,0,0,0,0,0,5.9312e-007,1.9641e-005,0.00023928,0.0010724,0.0017681,0.0010724,0.00023928,1.9641e-005,5.9312e-007,0,0,5.9312e-007,1.9641e-005,0.00023928,0.0010724,0.0017681,0.0010724,0.00023928,1.9641e-005,5.9312e-007,0,0,0,0,0,0,0,0,0,0,0,0,0,0,0,0,0,0,0,0,0,0,0,0,0,0,0,0,0,0,0,0,0,0,0,0,0,0,0,0,0,0,0,0,0,0,0,0,0,0,0,0,0
0,0,0,0,0,0,0,0,1.7911e-008,5.9312e-007,7.2257e-006,3.2383e-005,5.3391e-005,3.2383e-005,7.2257e-006,5.9312e-007,1.7911e-008,0,0,1.7911e-008,5.9312e-007,7.2257e-006,3.2383e-005,5.3391e-005,3.2383e-005,7.2257e-006,5.9312e-007,1.7911e-008,0,0,0,0,0,0,0,0,0,0,0,0,0,0,0,0,0,0,0,0,0,0,0,0,0,0,0,0,0,0,0,0,0,0,0,0,0,0,0,0,0,0,0,0,0,0,0,0,0,0,0,0,0
0,0,0,0,0,0,0,0,0,0,0,0,0,0,0,0,0,0,0,0,0,0,0,0,0,0,0,0,0,0,0,0,0,0,0,0,0,0,0,0,0,0,0,0,0,0,0,0,0,0,0,0,0,0,0,0,0,0,0,0,0,0,0,0,0,0,0,0,0,0,0,0,0,0,0,0,0,0,0,0,0
0,0,0,0,0,0,0,0,0,0,0,0,0,0,0,0,0,0,0,0,0,0,0,0,0,0,0,0,0,0,0,0,0,0,0,0,0,0,0,0,0,0,0,0,0,0,0,0,0,0,0,0,0,0,0,0,0,0,0,0,0,0,0,0,0,0,0,0,0,0,0,0,0,0,0,0,0,0,0,0,0
0,0,0,0,0,0,0,0,0,0,0,0,0,0,0,0,0,0,0,0,0,0,0,0,0,0,0,0,0,0,0,0,0,0,0,0,0,0,0,0,0,0,0,0,0,0,0,0,0,0,0,0,0,0,0,0,0,0,0,0,0,0,0,0,0,0,0,0,0,0,0,0,0,0,0,0,0,0,0,0,0
0,0,0,0,0,0,0,0,0,0,0,0,0,0,0,0,0,0,0,0,0,0,0,0,0,0,0,0,0,0,0,0,0,0,0,0,0,0,0,0,0,0,0,0,0,0,0,0,0,0,0,0,0,0,0,0,0,0,0,0,0,0,0,0,0,0,0,0,0,0,0,0,0,0,0,0,0,0,0,0,0
0,0,0,0,0,0,0,0,0,0,0,0,0,0,0,0,0,0,0,0,0,0,0,0,0,0,0,0,0,0,0,0,0,0,0,0,0,0,0,0,0,0,0,0,0,0,0,0,0,0,0,0,0,0,0,0,0,0,0,0,0,0,0,0,0,0,0,0,0,0,0,0,0,0,0,0,0,0,0,0,0
0,0,0,0,0,0,0,0,0,0,1.7911e-008,5.9312e-007,7.2257e-006,3.2383e-005,5.3391e-005,3.2383e-005,7.2257e-006,5.9312e-007,1.7911e-008,0,0,0,0,0,0,0,0,0,0,0,0,0,0,0,0,0,0,0,0,0,0,0,0,0,0,0,0,0,0,0,0,0,0,0,0,0,0,0,0,0,0,0,0,0,0,0,0,0,0,0,0,0,0,0,0,0,0,0,0,0,0
0,0,0,0,0,0,0,0,0,0,5.9312e-007,1.9641e-005,0.00023928,0.0010724,0.0017681,0.0010724,0.00023928,1.9641e-005,5.9312e-007,0,0,0,0,0,0,0,0,0,0,0,0,0,0,0,0,0,0,0,0,0,0,0,0,0,0,0,0,0,0,0,0,0,0,0,0,0,0,0,0,0,0,0,0,0,0,0,0,0,0,0,0,0,0,0,0,0,0,0,0,0,0
0,0,0,0,0,0,0,0,0,0,7.2257e-006,0.00023928,0.002915,0.013064,0.021539,0.013064,0.002915,0.00023928,7.2257e-006,0,0,0,0,0,0,0,0,0,0,0,0,0,0,0,0,0,0,0,0,0,0,0,0,0,0,0,0,0,0,0,0,0,0,0,0,0,0,0,0,0,0,0,0,0,0,0,0,0,0,0,0,0,0,0,0,0,0,0,0,0,0
0,0,0,0,0,0,0,0,0,0,3.2383e-005,0.0010724,0.013064,0.05855,0.096533,0.05855,0.013064,0.0010724,3.2383e-005,0,0,0,0,0,0,0,0,0,0,0,0,0,0,0,0,0,0,0,0,0,0,0,0,0,0,0,0,0,0,0,0,0,0,0,0,0,0,0,0,0,0,0,0,0,0,0,0,0,0,0,0,0,0,0,0,0,0,0,0,0,0
0,0,0,0,0,0,0,0,0,0,5.3391e-005,0.0017681,0.021539,0.096533,0.15916,0.096533,0.021539,0.0017681,5.3391e-005,0,0,0,0,0,0,0,0,0,0,0,0,0,0,0,0,0,0,0,0,0,0,0,0,0,0,0,0,0,0,0,0,0,0,0,0,0,0,0,0,0,0,0,0,0,0,0,0,0,0,0,0,0,0,0,0,0,0,0,0,0,0
