0,0,0,0,0,0,0,0,0,0,0,0,0,0,1.7911e-008,5.9312e-007,7.2257e-006,3.2383e-005,5.3391e-005,3.2383e-005,7.2257e-006,5.9312e-007,5.3409e-005,0.0017681,0.021539,0.096533,0.15916,0.096533,0.021539,0.0017681,5.3391e-005,0,0,0,0,0,0,0,0,0,0,0,0,0,0,0,0,0,0,0,0,0,0,0,0,0,0,0,0,0,0,0,0,0,0,0,0,0,0,0,0,0,0,0
0,0,0,0,0,0,0,0,0,0,0,0,0,0,5.9312e-007,1.9641e-005,0.00023928,0.0010724,0.0017681,0.0010724,0.00023928,1.9641e-005,3.2976e-005,0.0010724,0.013064,0.05855,0.096533,0.05855,0.013064,0.0010724,3.2383e-005,0,0,0,0,0,0,0,0,0,0,0,0,0,0,0,0,0,0,0,0,0,0,0,0,0,0,0,0,0,0,0,0,0,0,0,0,0,0,0,0,0,0,0
0,0,0,0,0,0,0,0,0,0,0,0,0,0,7.2257e-006,0.00023928,0.002915,0.013064,0.021539,0.013064,0.002915,0.00023928,1.4451e-005,0.00023928,0.002915,0.013064,0.021539,0.013064,0.002915,0.00023928,7.2257e-006,0,0,0,0,0,0,0,0,0,0,0,0,0,0,0,0,0,0,0,0,0,0,0,0,0,0,0,0,0,0,0,0,0,0,0,0,0,0,0,0,0,0,0
0,0,0,0,0,0,0,0,0,0,0,0,0,0,3.2383e-005,0.0010724,0.013064,0.05855,0.096533,0.05855,0.013064,0.0010724,3.2976e-005,1.9641e-005,0.00023928,0.0010724,0.0017681,0.0010724,0.00023928,1.9641e-005,5.9312e-007,0,0,0,0,0,0,0,0,0,0,0,0,0,0,0,0,0,0,0,0,0,0,0,0,0,0,0,0,0,0,0,0,0,0,0,0,0,0,0,0,0,0,0
0,0,0,0,0,0,0,0,0,0,0,0,0,0,5.3391e-005,0.0017681,0.021539,0.096533,0.15916,0.096533,0.021539,0.0017681,5.3409e-005,5.9312e-007,7.2257e-006,3.2383e-005,5.3391e-005,3.2383e-005,7.2257e-006,5.9312e-007,1.7911e-008,0,0,0,0,0,0,0,0,0,0,0,0,0,0,0,0,0,0,0,0,0,0,0,0,0,0,0,0,0,0,0,0,0,0,0,0,0,0,0,0,0,0,0
0,0,0,0,0,0,0,0,0,0,0,0,0,0,3.2383e-005,0.0010724,0.013064,0.05855,0.096533,0.05855,0.013064,0.0010724,3.2383e-005,0,0,0,0,0,0,0,0,0,0,0,0,0,0,0,0,0,0,0,0,0,0,0,0,0,0,0,0,0,0,0,0,0,0,0,1.7911e-008,5.9312e-007,7.2257e-006,3.2383e-005,5.3391e-005,3.2383e-005,7.2257e-006,5.9312e-007,1.7911e-008,0,0,0,0,0,0,0
0,0,0,0,0,0,0,0,0,0,0,0,0,0,7.2257e-006,0.00023928,0.002915,0.013064,0.021539,0.013064,0.002915,0.0002393,7.8188e-006,7.2257e-006,3.2383e-005,5.3391e-005,3.2383e-005,7.2257e-006,5.9312e-007,1.7911e-008,0,0,0,0,0,0,0,0,0,0,0,0,0,0,0,0,0,0,0,0,0,0,0,0,0,0,0,0,5.9312e-007,1.9641e-005,0.00023928,0.0010724,0.0017681,0.0010724,0.00023928,1.9641e-005,5.9312e-007,0,0,0,0,0,0,0
0,0,0,0,0,0,0,0,0,0,0,0,0,0,5.9312e-007,1.9641e-005,0.00023928,0.0010724,0.0017681,0.0010724,0.00023928,2.0235e-005,2.0235e-005,0.00023928,0.0010724,0.0017681,0.0010724,0.00023928,1.9641e-005,5.9312e-007,0,0,0,0,0,0,0,0,0,0,0,0,0,0,0,0,0,0,0,0,0,0,0,0,0,0,0,0,7.2257e-006,0.00023928,0.002915,0.013064,0.021539,0.013064,0.002915,0.00023928,7.2257e-006,0,0,0,0,0,0,0
0,0,0,0,0,0,0,0,0,0,0,0,0,0,1.7911e-008,5.9312e-007,7.2257e-006,3.2383e-005,5.3391e-005,3.2383e-005,7.2257e-006,7.8188e-006,0.0002393,0.002915,0.013064,0.021539,0.013064,0.002915,0.00023928,7.2257e-006,0,0,0,0,0,0,0,0,0,0,0,0,0,0,0,0,0,0,0,0,0,0,0,0,0,0,0,0,3.2383e-005,0.0010724,0.013064,0.05855,0.096533,0.05855,0.013064,0.0010724,3.2383e-005,0,0,0,0,0,0,0
0,0,0,0,0,0,0,0,0,0,0,0,0,0,0,0,0,0,0,0,0,3.2383e-005,0.0010724,0.013064,0.05855,0.096533,0.05855,0.013064,0.0010724,3.2383e-005,0,0,0,0,0,0,0,0,0,0,0,0,0,0,0,0,0,0,0,0,0,0,0,0,0,0,0,0,5.3391e-005,0.0017681,0.021539,0.096533,0.15916,0.096533,0.021539,0.0017681,5.3391e-005,0,0,0,0,0,0,0
0,0,0,0,0,0,0,0,0,0,0,0,0,0,1.7911e-008,5.9312e-007,7.2257e-006,3.2383e-005,5.3391e-005,3.2383e-005,7.2257e-006,5.3984e-005,0.0017681,0.021539,0.096533,0.15916,0.096533,0.021539,0.0017681,5.3391e-005,0,0,0,1.7911e-008,5.9312e-007,7.2257e-006,3.2383e-005,5.3391e-005,3.2383e-005,7.2257e-006,5.9312e-007,1.7911e-008,0,0,0,0,0,0,0,0,0,0,0,0,0,0,0,0,3.2383e-005,0.0010724,0.013064,0.05855,0.096533,0.05855,0.013064,0.0010724,3.2383e-005,0,0,0,0,0,0,0
0,0,0,0,0,0,1.7911e-008,5.9312e-007,7.2257e-006,3.2383e-005,5.3391e-005,3.2383e-005,7.2257e-006,5.9312e-007,6.1103e-007,1.9641e-005,0.00023928,0.0010724,0.0017681,0.0010724,0.00023928,5.2025e-005,0.001073,0.013064,0.05855,0.096533,0.05855,0.013064,0.0010724,3.2383e-005,0,0,0,5.9312e-007,1.9641e-005,0.00023928,0.0010724,0.0017681,0.0010724,0.00023928,1.9641e-005,5.9312e-007,0,0,0,0,0,0,0,0,0,0,0,0,0,0,0,0,7.2257e-006,0.00023928,0.002915,0.013064,0.021539,0.013064,0.002915,0.00023928,7.2257e-006,0,0,0,0,0,0,0
0,0,0,0,0,0,5.9312e-007,1.9641e-005,0.00023928,0.0010724,0.0017681,0.0010724,0.00023928,1.9641e-005,7.8188e-006,0.00023928,0.002915,0.013064,0.021539,0.013065,0.0029223,0.00027889,0.0002999,0.0029474,0.013072,0.02154,0.013064,0.002915,0.00023928,7.2257e-006,0,0,0,7.2257e-006,0.00023928,0.002915,0.013064,0.02154,0.013072,0.0029474,0.00029267,3.9609e-005,7.2257e-006,5.9312e-007,1.7911e-008,0,0,0,0,0,0,0,0,0,0,0,0,0,5.9312e-007,1.9641e-005,0.00023928,0.0010724,0.0017681,0.0010724,0.00023928,1.9641e-005,5.9312e-007,0,0,0,0,0,0,0
0,0,0,0,0,0,7.2257e-006,0.00023928,0.002915,0.013064,0.021539,0.013064,0.002915,0.00023928,3.9609e-005,0.0010724,0.013064,0.05855,0.096534,0.05857,0.013304,0.0021454,0.0018201,0.0013117,0.0013117,0.0017877,0.001073,0.00023928,1.9659e-005,1.1862e-006,7.2257e-006,3.2383e-005,5.3391e-005,6.4766e-005,0.0010796,0.013065,0.058551,0.09656,0.058822,0.01419,0.0028728,0.001112,0.00023987,1.9659e-005,5.9312e-007,0,0,0,0,0,0,0,0,0,0,0,1.7911e-008,5.9312e-007,7.2436e-006,3.2976e-005,6.0617e-005,6.4766e-005,6.0617e-005,3.2976e-005,7.2436e-006,5.9312e-007,1.7911e-008,0,0,0,0,0,0,0
0,0,0,0,0,0,3.2383e-005,0.0010724,0.013064,0.05855,0.096533,0.05855,0.013064,0.0010724,8.5774e-005,0.0017681,0.021539,0.096533,0.15916,0.096772,0.024454,0.014832,0.021593,0.013072,0.0029474,0.00029267,3.9609e-005,7.2257e-006,1.1862e-006,1.9659e-005,0.00023928,0.0010724,0.0017681,0.0011258,0.0020073,0.02156,0.09656,0.15963,0.10052,0.036372,0.02438,0.013357,0.0029347,0.00024047,1.4451e-005,3.2383e-005,5.3391e-005,3.2383e-005,7.2257e-006,5.9312e-007,1.7911e-008,0,0,0,0,0,5.9312e-007,1.9641e-005,0.00023928,0.0010724,0.0017681,0.0010724,0.00023928,1.9641e-005,5.9312e-007,0,0,0,0,0,0,0,0,0
0,0,0,0,0,0,5.3391e-005,0.0017681,0.021539,0.096533,0.15916,0.096533,0.021539,0.0017681,8.5774e-005,0.0010724,0.013064,0.05855,0.096565,0.059623,0.026129,0.059623,0.096565,0.05855,0.013064,0.0010724,3.2383e-005,0,7.2257e-006,0.00023928,0.002915,0.013064,0.021539,0.013097,0.0039874,0.013311,0.058829,0.10052,0.084679,0.093154,0.11067,0.061498,0.013304,0.0010998,0.00027889,0.0011048,0.0018215,0.0011048,0.00024651,2.0235e-005,6.1103e-007,0,0,0,0,0,7.2257e-006,0.00023928,0.002915,0.013064,0.021539,0.013064,0.002915,0.00023928,7.2257e-006,0,0,0,0,0,0,0,0,0
0,0,0,0,0,0,3.2383e-005,0.0010724,0.013064,0.05855,0.096533,0.05855,0.013064,0.0010724,3.9609e-005,0.0002393,0.0029156,0.013072,0.021625,0.014886,0.024487,0.096779,0.15916,0.096533,0.021539,0.0017681,5.3391e-005,0,3.2383e-005,0.0010724,0.013064,0.05855,0.096533,0.058557,0.013304,0.0040198,0.014222,0.036372,0.093154,0.19598,0.21795,0.1096,0.02262,0.0020594,0.0032077,0.014137,0.023307,0.014137,0.0031543,0.00025892,7.8188e-006,0,0,0,0,0,3.2383e-005,0.0010724,0.013064,0.05855,0.096533,0.05855,0.013064,0.0010724,3.2383e-005,0,0,0,0,0,0,0,0,0
0,0,0,0,0,0,7.2257e-006,0.00023928,0.002915,0.013064,0.021539,0.013065,0.0029223,0.00027166,6.121e-005,5.2618e-005,0.00026615,0.0013123,0.0028728,0.0039128,0.014376,0.058809,0.096553,0.058551,0.013064,0.0010724,3.2383e-005,0,5.3391e-005,0.0017681,0.021539,0.096533,0.15916,0.096534,0.021559,0.0020607,0.0029262,0.02438,0.11067,0.21795,0.19309,0.08009,0.014872,0.0024374,0.016012,0.071614,0.11807,0.071614,0.015979,0.0013117,3.9609e-005,0,0,0,0,0,5.3391e-005,0.0017681,0.021539,0.096533,0.15916,0.096533,0.021539,0.0017681,5.3391e-005,0,0,0,0,0,0,0,0,0
0,0,0,0,0,0,5.9312e-007,1.9641e-005,0.00023928,0.0010724,0.0017687,0.001092,0.00047856,0.001092,0.0017687,0.0010802,0.00048579,0.0029671,0.013126,0.021811,0.015987,0.01598,0.021779,0.013072,0.002915,0.00023928,7.2436e-006,5.9312e-007,3.9609e-005,0.0011048,0.013118,0.058583,0.09654,0.058551,0.013065,0.001112,0.0011444,0.013357,0.061498,0.1096,0.08009,0.026129,0.0040732,0.0031121,0.034611,0.15508,0.25569,0.15508,0.034611,0.0028728,0.00013916,3.2383e-005,7.2257e-006,5.9312e-007,1.7911e-008,0,3.2383e-005,0.0010724,0.013064,0.05855,0.096533,0.05855,0.013064,0.0010724,3.2383e-005,0,0,0,0,0,0,0,0,0
0,0,0,0,0,0,1.7911e-008,5.9312e-007,7.2257e-006,3.2383e-005,6.0617e-005,0.00027166,0.0029223,0.013065,0.021539,0.013097,0.0039874,0.013304,0.058558,0.096553,0.058789,0.014137,0.0028404,0.0011048,0.00023928,1.9641e-005,1.1862e-006,1.9641e-005,0.00024652,0.0013123,0.0046903,0.014169,0.021832,0.013116,0.0029229,0.0002471,0.00024712,0.0029347,0.013304,0.022612,0.014832,0.0039874,0.00056434,0.0028673,0.034604,0.15508,0.25569,0.1551,0.034843,0.0039128,0.0018538,0.0010724,0.00023928,1.9659e-005,1.1862e-006,7.2257e-006,3.9609e-005,0.00029267,0.0029474,0.013072,0.02154,0.013064,0.002915,0.00023928,7.2257e-006,0,0,0,0,0,0,0,0,0
0,0,0,0,0,0,0,0,0,0,3.2383e-005,0.0010724,0.013064,0.05855,0.096533,0.058604,0.014832,0.022612,0.096565,0.15916,0.09654,0.021572,0.0018215,8.5774e-005,7.2257e-006,5.9312e-007,7.2436e-006,0.00023928,0.0029162,0.013104,0.022018,0.015209,0.0064512,0.002384,0.00048579,3.9876e-005,2.0846e-005,0.00023987,0.0010796,0.001801,0.001133,0.00030405,0.00011987,0.0013452,0.015987,0.071616,0.11809,0.071886,0.018948,0.014408,0.021586,0.013065,0.0029151,0.00023987,2.6867e-005,0.0002393,0.0010736,0.0017949,0.001344,0.0013651,0.0018201,0.0010802,0.00023987,1.9659e-005,5.9312e-007,0,0,0,0,0,0,0,0,0
0,0,0,0,1.7911e-008,5.9312e-007,7.2257e-006,3.2383e-005,5.3391e-005,3.2383e-005,6.0617e-005,0.0017687,0.021539,0.096533,0.15916,0.096565,0.022612,0.014832,0.058604,0.096533,0.05855,0.013064,0.0010724,3.2383e-005,0,0,3.2383e-005,0.0010724,0.013072,0.05879,0.099455,0.071647,0.034657,0.014169,0.0029547,0.00023989,7.8367e-006,7.2257e-006,3.2976e-005,7.3032e-005,0.00027166,0.0010796,0.0017765,0.0013313,0.0033942,0.014176,0.02358,0.016281,0.017987,0.059881,0.09678,0.05857,0.013065,0.0010796,0.00027166,0.0029156,0.013084,0.021779,0.014144,0.0047155,0.0013651,0.00027889,2.6867e-005,1.1862e-006,1.7911e-008,0,0,0,0,0,0,0,0,0
0,0,0,0,5.9312e-007,1.9641e-005,0.00023928,0.0010724,0.0017681,0.0010724,0.00027166,0.001092,0.013065,0.05855,0.096533,0.058557,0.013304,0.0039874,0.013097,0.02154,0.013072,0.0029474,0.00029327,4.6835e-005,3.9609e-005,5.3984e-005,8.5792e-005,0.0017753,0.021572,0.097605,0.17222,0.15508,0.11807,0.060318,0.013118,0.0010724,3.2383e-005,0,7.2257e-006,0.00023928,0.002915,0.013064,0.02154,0.013085,0.0031688,0.0015833,0.0047971,0.015937,0.043326,0.10962,0.1621,0.096826,0.021579,0.0018077,0.0011264,0.013072,0.058789,0.099448,0.071614,0.034604,0.014137,0.0029474,0.00023928,7.2257e-006,0,0,0,0,0,0,0,0,0,0
0,0,0,0,7.2257e-006,0.00023928,0.002915,0.013064,0.021539,0.013064,0.0029223,0.00047856,0.0029223,0.013064,0.021539,0.013065,0.0029347,0.00047856,0.0010802,0.0017877,0.0013117,0.0013123,0.0018073,0.0013123,0.0013117,0.0017877,0.0011054,0.0013117,0.013137,0.060319,0.11807,0.15508,0.17222,0.097605,0.021572,0.0017681,5.3391e-005,0,3.2383e-005,0.0010724,0.013065,0.058557,0.096565,0.058604,0.013136,0.0021844,0.013183,0.059656,0.10962,0.11734,0.11067,0.061391,0.014169,0.0013651,0.0018201,0.021572,0.097605,0.17222,0.15508,0.11807,0.060318,0.013118,0.0010724,3.2383e-005,0,0,0,0,0,0,0,0,0,0
0,0,0,0,3.2383e-005,0.0010724,0.013064,0.05855,0.096533,0.05855,0.013065,0.001092,0.00027166,0.0010724,0.0017681,0.0010724,0.00023987,2.6867e-005,4.0202e-005,0.00029267,0.0029474,0.013079,0.021779,0.015979,0.015979,0.021779,0.013079,0.0031543,0.0031867,0.014144,0.034604,0.071614,0.099448,0.058789,0.013072,0.0010724,3.2383e-005,0,5.3391e-005,0.0017687,0.021559,0.096772,0.16023,0.098301,0.022665,0.0037754,0.02162,0.09678,0.16231,0.11251,0.056143,0.036372,0.016033,0.0031867,0.0013189,0.013125,0.060318,0.11807,0.15508,0.17222,0.097605,0.021572,0.0017753,8.5774e-005,5.3391e-005,3.2383e-005,7.2257e-006,5.9312e-007,1.7911e-008,0,0,0,0,0
0,0,0,0,5.3391e-005,0.0017681,0.021539,0.096533,0.15916,0.096533,0.021539,0.0017687,6.0617e-005,3.2383e-005,5.3409e-005,3.2976e-005,1.4451e-005,3.2976e-005,8.5792e-005,0.0011048,0.013072,0.058583,0.097605,0.071614,0.071614,0.097605,0.058583,0.013084,0.0013189,0.001344,0.0046831,0.014137,0.021779,0.013084,0.0029156,0.00023928,7.2257e-006,0,3.2383e-005,0.0010796,0.013304,0.061465,0.1096,0.08009,0.026161,0.0050598,0.013337,0.058609,0.097845,0.072687,0.073383,0.098678,0.058822,0.013091,0.0013123,0.0029798,0.014137,0.034604,0.071614,0.099448,0.05879,0.013091,0.0013117,0.0011048,0.0017681,0.0010724,0.00023928,1.9641e-005,5.9312e-007,0,0,0,0,0
0,0,0,0,3.2383e-005,0.0010724,0.013064,0.05855,0.096533,0.05855,0.013064,0.0010724,3.2383e-005,0,5.9312e-007,1.9659e-005,0.00023987,0.0010796,0.0018538,0.0028938,0.021811,0.096613,0.16093,0.11808,0.11811,0.16098,0.096651,0.021601,0.0018095,0.00011988,0.00032565,0.0011582,0.0018077,0.0010802,0.00023989,1.9659e-005,5.9312e-007,0,7.2257e-006,0.00027166,0.0039874,0.026129,0.08009,0.1096,0.061472,0.013543,0.0039947,0.013151,0.023315,0.034636,0.099501,0.15943,0.096547,0.021541,0.0017877,0.0002999,0.0013117,0.0046831,0.014137,0.021779,0.013091,0.0031549,0.0031549,0.013079,0.021572,0.013118,0.0029474,0.00024651,7.8188e-006,1.7911e-008,0,0,0,0
0,0,0,0,7.2257e-006,0.00023928,0.002915,0.013064,0.021539,0.013064,0.002915,0.00023928,7.2257e-006,0,7.2257e-006,0.00023987,0.0029347,0.013304,0.022644,0.015905,0.017052,0.059062,0.097652,0.071855,0.072707,0.099613,0.060727,0.015072,0.0021841,0.00051213,0.0010993,0.001801,0.0011258,0.00027168,2.746e-005,8.4119e-006,3.2401e-005,5.3391e-005,3.2994e-005,8.0851e-005,0.0020152,0.022644,0.098354,0.16026,0.09678,0.021579,0.002008,0.0011582,0.0028404,0.014137,0.058789,0.096553,0.058551,0.013064,0.001073,4.0202e-005,5.2025e-005,0.00029267,0.0011048,0.0017753,0.0011054,0.0013123,0.013104,0.05879,0.097605,0.060318,0.014137,0.0013117,5.2025e-005,5.9312e-007,0,0,0,0
7.2257e-006,3.2383e-005,5.3391e-005,3.2383e-005,7.8188e-006,2.0235e-005,0.0002393,0.0010724,0.0017681,0.0010724,0.00023928,1.9641e-005,5.9312e-007,0,3.2383e-005,0.0010796,0.013304,0.061465,0.1096,0.080329,0.029051,0.017099,0.022343,0.018941,0.02929,0.046234,0.0392,0.027377,0.013782,0.0058445,0.013304,0.021547,0.013064,0.0029156,0.00025892,0.00024651,0.0010724,0.0017681,0.001073,0.0002919,0.0013385,0.01417,0.060372,0.097638,0.058797,0.013085,0.0010802,7.201e-005,0.00029327,0.0029547,0.013104,0.021593,0.013097,0.0029223,0.00023987,7.2615e-006,5.9312e-007,7.2257e-006,3.2383e-005,5.3391e-005,8.5774e-005,0.0017825,0.021779,0.099448,0.17222,0.11807,0.034604,0.0046831,0.00029267,7.2257e-006,0,0,0,0
0.00023928,0.0010724,0.0017681,0.0010724,0.0002393,2.0235e-005,7.8188e-006,3.2383e-005,5.3391e-005,3.2383e-005,7.2257e-006,6.1103e-007,6.1103e-007,7.2257e-006,8.5774e-005,0.0018538,0.022644,0.1096,0.21771,0.19311,0.080568,0.01701,0.0057539,0.015513,0.061174,0.1114,0.11817,0.10987,0.060715,0.026162,0.059623,0.096565,0.05855,0.013072,0.0013117,0.0029474,0.013064,0.021539,0.013072,0.0031615,0.0033936,0.015987,0.034604,0.034604,0.015979,0.0031543,0.00024651,8.4119e-006,3.9283e-005,0.00047856,0.0021448,0.0035361,0.0021448,0.00047856,3.9283e-005,1.1862e-006,0,0,0,0,3.2383e-005,0.0011048,0.014137,0.071614,0.15508,0.15508,0.071614,0.014137,0.0011048,3.2383e-005,0,0,0,0
0.002915,0.013064,0.021539,0.013064,0.002915,0.00023928,7.2257e-006,0,0,0,0,5.9312e-007,1.9641e-005,0.00023928,0.0011048,0.0028938,0.015905,0.080329,0.19309,0.21795,0.11252,0.035762,0.025162,0.03475,0.10126,0.18099,0.19311,0.18076,0.10007,0.043132,0.098301,0.15921,0.096533,0.021572,0.0028404,0.013118,0.05855,0.096533,0.058583,0.014137,0.014156,0.058822,0.097605,0.060318,0.014137,0.0013117,5.2042e-005,8.4298e-006,0.0002471,0.0029547,0.01315,0.021625,0.013104,0.0029229,0.00023989,7.2436e-006,0,0,0,0,7.2257e-006,0.00029267,0.0046831,0.034604,0.11807,0.17222,0.099448,0.021779,0.0017753,5.3391e-005,0,0,0,0
0.013064,0.05855,0.096533,0.05855,0.013064,0.0010724,3.2383e-005,0,0,0,0,7.2257e-006,0.00023928,0.002915,0.013072,0.021811,0.017052,0.029044,0.080361,0.11068,0.07453,0.071886,0.098685,0.071679,0.072687,0.11067,0.11713,0.10963,0.060695,0.026161,0.059623,0.096565,0.05855,0.013118,0.0028404,0.021572,0.096533,0.15916,0.096594,0.02334,0.023361,0.096626,0.1592,0.096588,0.021579,0.0018077,0.00010797,8.4426e-005,0.0013189,0.014137,0.060318,0.097605,0.058789,0.013084,0.001073,3.2383e-005,0,0,0,0,5.9312e-007,5.2025e-005,0.0013117,0.014137,0.060318,0.097605,0.058789,0.013084,0.001073,3.2383e-005,0,0,0,0
0.021539,0.096533,0.15916,0.09654,0.021572,0.0018215,8.5774e-005,7.2257e-006,5.9312e-007,1.7911e-008,0,3.2383e-005,0.0010724,0.013064,0.058551,0.09656,0.059029,0.017052,0.015958,0.024413,0.03485,0.099507,0.15969,0.099495,0.03485,0.026223,0.026182,0.024462,0.013543,0.0058373,0.013304,0.021547,0.013064,0.0029474,0.0013117,0.013072,0.058551,0.096553,0.058822,0.015209,0.015905,0.059655,0.096773,0.058589,0.013304,0.0021448,0.0018077,0.0013651,0.0049224,0.034623,0.11807,0.17222,0.099448,0.021779,0.0017753,5.3391e-005,0,0,0,0,1.7911e-008,7.8188e-006,0.00024651,0.0029474,0.013118,0.021572,0.013072,0.0029162,0.00024652,3.9609e-005,5.3391e-005,3.2383e-005,7.2257e-006,5.9312e-007
0.013064,0.058551,0.096553,0.058789,0.014137,0.0028404,0.0011048,0.00023928,1.9641e-005,6.1103e-007,5.9312e-007,6.0617e-005,0.0018004,0.021593,0.096565,0.15916,0.09656,0.021811,0.0029268,0.0029459,0.014383,0.059863,0.09834,0.059863,0.014396,0.0030994,0.0021777,0.0020079,0.0011117,0.00047916,0.001092,0.0017687,0.0010724,0.00024651,0.00025892,0.0029156,0.013072,0.021779,0.015987,0.016219,0.024694,0.026136,0.024462,0.013543,0.0058373,0.013304,0.021579,0.014169,0.017052,0.071854,0.15509,0.15508,0.071614,0.014137,0.0011048,3.2383e-005,0,0,0,0,0,5.9312e-007,1.9641e-005,0.00023928,0.0010724,0.0017681,0.001073,0.00025892,0.00025892,0.001073,0.0017681,0.0010724,0.00023928,1.9641e-005
0.002915,0.013072,0.021779,0.015979,0.015979,0.021779,0.013072,0.0029223,0.00027166,6.121e-005,5.2025e-005,0.00027889,0.0021454,0.014832,0.059623,0.096772,0.05857,0.013072,0.0011192,0.00056434,0.0058625,0.026136,0.04308,0.026136,0.0058631,0.00053918,7.9218e-005,6.0634e-005,3.3569e-005,1.4469e-005,3.2976e-005,5.3409e-005,3.2383e-005,7.8188e-006,2.0235e-005,0.0002393,0.0011048,0.0028404,0.014137,0.058809,0.096792,0.059623,0.014865,0.0032172,0.013336,0.05857,0.096588,0.060333,0.034875,0.10057,0.17228,0.11808,0.034604,0.0046831,0.00029327,1.4451e-005,3.2383e-005,5.3391e-005,3.2383e-005,7.2257e-006,5.9312e-007,3.5821e-008,5.9312e-007,7.2257e-006,3.2383e-005,5.3391e-005,3.9609e-005,0.00024651,0.0029156,0.013064,0.021539,0.013064,0.002915,0.00023928
0.00023928,0.0011048,0.0028404,0.014137,0.058789,0.096554,0.058578,0.013336,0.0021982,0.0018401,0.0013189,0.0031621,0.013323,0.024455,0.026129,0.024454,0.013304,0.0029223,0.00027226,0.0010993,0.013304,0.059623,0.098301,0.059623,0.013304,0.001092,3.2976e-005,0,0,0,0,0,0,1.7911e-008,5.9312e-007,7.2257e-006,8.5774e-005,0.0018215,0.021572,0.096541,0.15916,0.096565,0.021646,0.0035685,0.0216,0.096534,0.15921,0.097845,0.035696,0.062326,0.098731,0.060558,0.014156,0.0013129,7.1666e-005,0.00023987,0.0010724,0.0017681,0.0010724,0.00023928,1.9659e-005,1.1862e-006,7.2257e-006,3.2383e-005,5.3391e-005,3.2383e-005,3.9609e-005,0.001073,0.013064,0.05855,0.096533,0.05855,0.013064,0.0010724
7.2257e-006,8.5774e-005,0.0018215,0.021572,0.096541,0.15918,0.097012,0.025527,0.0166,0.022698,0.014376,0.016,0.05881,0.096779,0.059623,0.014832,0.0021448,0.00027166,7.305e-005,0.0017692,0.021547,0.096565,0.15921,0.096565,0.021547,0.0017687,5.3409e-005,0,0,0,0,0,0,0,0,0,3.2383e-005,0.0010724,0.013064,0.05855,0.096533,0.05855,0.013097,0.0021448,0.013097,0.058557,0.096779,0.061705,0.029044,0.035683,0.034668,0.016033,0.0031867,0.00026096,0.0002471,0.0029151,0.013064,0.021539,0.013064,0.002915,0.00023987,2.6867e-005,0.00023928,0.0010724,0.0017681,0.0010724,0.00029267,0.0017877,0.02154,0.096533,0.15916,0.096533,0.021539,0.0017681
0,3.2383e-005,0.0010724,0.013064,0.058557,0.096805,0.062538,0.039193,0.081162,0.10968,0.063233,0.034843,0.097613,0.1592,0.096565,0.021593,0.0018004,6.0617e-005,3.2976e-005,0.0010724,0.013064,0.058551,0.09654,0.058583,0.013118,0.0011048,3.9609e-005,5.9312e-007,1.7911e-008,0,0,0,0,0,0,0,7.2257e-006,0.00023928,0.002915,0.013064,0.021539,0.013064,0.0029223,0.00047856,0.0029223,0.013097,0.022612,0.026148,0.061705,0.097845,0.060325,0.014137,0.0013189,0.00011679,0.0011264,0.013097,0.058557,0.096534,0.05855,0.013064,0.0010796,0.00027166,0.002915,0.013064,0.021539,0.013064,0.0029474,0.0013117,0.013072,0.05855,0.096533,0.05855,0.013064,0.0010724
0,7.2257e-006,0.00023928,0.002915,0.013097,0.022665,0.027897,0.083005,0.19331,0.21775,0.11067,0.035676,0.060351,0.096586,0.05855,0.013064,0.0010724,3.2383e-005,7.2257e-006,0.00023928,0.0029156,0.013084,0.021779,0.014137,0.0046831,0.0013117,0.00024651,1.9641e-005,5.9312e-007,0,0,0,0,0,1.7911e-008,5.9312e-007,7.8188e-006,5.2025e-005,0.00029267,0.0011048,0.0017759,0.0010802,0.00027228,9.2674e-005,0.00027226,0.001133,0.0035368,0.022613,0.096787,0.15924,0.096641,0.021624,0.0020218,0.0011804,0.0035362,0.022612,0.096772,0.15918,0.096534,0.021539,0.0018004,0.0011258,0.013064,0.05855,0.096533,0.05855,0.013072,0.0013117,0.0029474,0.013064,0.021539,0.013064,0.002915,0.00023928
0,5.9312e-007,1.9641e-005,0.00023928,0.0011258,0.0035685,0.023684,0.10984,0.21773,0.19307,0.080329,0.017747,0.01419,0.021572,0.013064,0.002915,0.00023928,7.2257e-006,5.9312e-007,1.9641e-005,0.00024651,0.0013117,0.0046831,0.014137,0.021779,0.013084,0.0029156,0.00023928,7.2257e-006,0,0,0,0,0,5.9312e-007,1.9641e-005,0.0002393,0.001073,0.0017753,0.0011054,0.00031231,0.00029131,0.0010802,0.0017692,0.0010796,0.00030405,0.001146,0.013117,0.058797,0.097606,0.060325,0.014376,0.0042267,0.013149,0.022612,0.026129,0.061465,0.096772,0.058557,0.013064,0.0011258,0.0018005,0.02154,0.096541,0.1592,0.096619,0.021633,0.0018597,0.00035388,0.0011054,0.0017753,0.001073,0.0002393,1.9641e-005
0,1.7911e-008,5.9312e-007,7.2257e-006,6.4766e-005,0.001133,0.013336,0.061472,0.1096,0.08009,0.026148,0.0042267,0.001344,0.0017753,0.0010724,0.00023928,1.9641e-005,5.9312e-007,1.7911e-008,5.9312e-007,3.9609e-005,0.0011048,0.013118,0.058583,0.09654,0.058551,0.013064,0.0010724,3.2383e-005,0,0,0,0,0,7.2257e-006,0.00023928,0.002915,0.013064,0.021539,0.013072,0.0031543,0.0031543,0.013072,0.021539,0.013064,0.0029223,0.00048579,0.0031615,0.015979,0.034604,0.034636,0.017052,0.016219,0.058804,0.096779,0.061465,0.026129,0.022612,0.013097,0.002915,0.00027166,0.0010802,0.013085,0.058809,0.097845,0.06141,0.016144,0.003457,0.0020666,0.001125,0.00029327,5.2025e-005,7.8188e-006,5.9312e-007
0,0,0,0,7.2436e-006,0.00024047,0.0029419,0.013336,0.022666,0.014872,0.0040276,0.00053977,9.1651e-005,6.121e-005,3.2976e-005,7.2436e-006,5.9312e-007,1.7911e-008,0,0,5.3391e-005,0.0017681,0.021539,0.096533,0.15916,0.096533,0.021539,0.0017681,5.3391e-005,0,0,0,0,0,3.2383e-005,0.0010724,0.013064,0.05855,0.096533,0.058583,0.014137,0.014137,0.058583,0.096533,0.05855,0.013065,0.0011244,0.001344,0.014137,0.060318,0.097659,0.060558,0.034623,0.097606,0.15921,0.096772,0.022612,0.0035361,0.0011258,0.00023928,2.6867e-005,0.0002471,0.0031615,0.016219,0.037526,0.047907,0.040434,0.029283,0.024701,0.013311,0.0029223,0.00023928,7.2257e-006,0
0,0,0,0,1.1862e-006,3.9301e-005,0.00047916,0.0021526,0.0035881,0.0024374,0.0015833,0.0018146,0.0010742,0.0002393,1.9641e-005,5.9312e-007,0,0,0,0,3.2383e-005,0.0010724,0.013064,0.05855,0.096533,0.05855,0.013064,0.0010724,3.2383e-005,0,0,0,0,0,5.3391e-005,0.0017681,0.02154,0.09654,0.15919,0.09664,0.02334,0.023315,0.096587,0.15916,0.096533,0.021539,0.001822,0.0018287,0.021572,0.096586,0.15922,0.097613,0.034604,0.060318,0.096587,0.058557,0.013097,0.0011258,6.4766e-005,7.2257e-006,1.1862e-006,5.2042e-005,0.001344,0.015209,0.073415,0.15723,0.16839,0.13018,0.11067,0.059655,0.013097,0.0010724,3.2383e-005,0
0,0,0,0,7.2436e-006,0.00023987,0.0029223,0.013104,0.021832,0.016012,0.015987,0.021779,0.013072,0.002915,0.00023928,7.2257e-006,0,0,0,0,7.2257e-006,0.00023928,0.002915,0.013064,0.021539,0.013064,0.002915,0.00023928,7.2257e-006,0,0,0,0,0,3.2383e-005,0.001073,0.013084,0.058789,0.097605,0.060351,0.015209,0.014376,0.058602,0.096534,0.05855,0.013064,0.0011048,0.0011048,0.013064,0.05855,0.09654,0.058789,0.015979,0.014137,0.021572,0.013064,0.002915,0.00023928,7.2257e-006,0,1.7911e-008,5.3984e-005,0.0018287,0.02334,0.11818,0.25749,0.27724,0.21461,0.18246,0.098354,0.021593,0.0017681,5.3391e-005,0
0,0,0,0,3.2383e-005,0.0010724,0.013064,0.058583,0.097605,0.071614,0.071614,0.097605,0.058583,0.013064,0.0010724,3.2383e-005,0,0,0,0,5.9312e-007,1.9641e-005,0.00023928,0.0010724,0.0017681,0.0010724,0.00023928,1.9641e-005,5.9312e-007,0,0,0,0,0,7.2257e-006,0.00024651,0.0031543,0.015979,0.034604,0.034611,0.016219,0.0060766,0.013343,0.0216,0.013097,0.0029229,0.00025433,0.00027891,0.0029684,0.013097,0.021547,0.013085,0.0031543,0.0013117,0.0017753,0.0010724,0.00023928,1.9641e-005,5.9312e-007,0,0,3.2383e-005,0.0011048,0.014137,0.071647,0.15616,0.16815,0.13016,0.11067,0.059655,0.013097,0.0010724,3.2383e-005,0
0,0,0,0,5.3391e-005,0.0017681,0.021539,0.096586,0.16092,0.11807,0.11807,0.16092,0.096586,0.021539,0.0017681,5.3391e-005,0,0,0,0,1.7911e-008,5.9312e-007,7.2257e-006,3.2383e-005,5.3391e-005,3.2383e-005,7.2257e-006,5.9312e-007,1.7911e-008,0,0,0,0,0,5.9312e-007,5.2025e-005,0.0013117,0.014137,0.060318,0.097606,0.058829,0.013563,0.0032177,0.0035685,0.0021454,0.0004982,0.00027916,0.0010932,0.0020073,0.0021448,0.0020074,0.0010926,0.0002471,5.2025e-005,5.3984e-005,3.2383e-005,7.2257e-006,5.9312e-007,1.7911e-008,0,0,7.2257e-006,0.00024651,0.0031543,0.015987,0.034843,0.037519,0.029044,0.024694,0.013311,0.0029223,0.00023928,7.2257e-006,0
0,0,0,0,3.2383e-005,0.0010724,0.013064,0.058583,0.097605,0.071614,0.071614,0.097605,0.058583,0.013064,0.0010724,3.2383e-005,0,0,0,0,1.7911e-008,5.9312e-007,7.2257e-006,3.2383e-005,5.3391e-005,3.2383e-005,7.2257e-006,5.9312e-007,1.7911e-008,0,0,0,0,0,1.7911e-008,5.3984e-005,0.0017753,0.021572,0.096586,0.1592,0.09678,0.024462,0.014865,0.021646,0.013104,0.0031615,0.0031549,0.013072,0.021547,0.013097,0.0029684,0.00027166,1.4451e-005,5.9312e-007,1.7911e-008,0,0,0,0,0,0,5.9312e-007,2.0252e-005,0.00025952,0.0013195,0.0028925,0.0031331,0.0024164,0.0020342,0.0010932,0.00023989,1.9641e-005,5.9312e-007,0
0,0,0,0,7.2257e-006,0.00023928,0.002915,0.013072,0.021779,0.015979,0.015979,0.021779,0.013072,0.002915,0.00023928,7.2257e-006,0,0,0,0,5.9312e-007,1.9641e-005,0.00023928,0.0010724,0.0017681,0.0010724,0.00023928,1.9641e-005,5.9312e-007,0,0,0,0,0,0,3.2383e-005,0.0010724,0.013064,0.05855,0.096565,0.059623,0.026129,0.059623,0.096565,0.058583,0.014137,0.014137,0.058583,0.096533,0.05855,0.013064,0.0010724,3.2383e-005,0,0,0,0,0,0,0,0,1.7911e-008,1.2041e-006,2.746e-005,0.00027891,0.0011588,0.0018611,0.0011444,0.00030049,5.2636e-005,7.8367e-006,5.9312e-007,1.7911e-008,0
3.2383e-005,5.3391e-005,3.2383e-005,7.2257e-006,1.1862e-006,1.9659e-005,0.00023928,0.001073,0.0017877,0.0013117,0.0013117,0.0017877,0.001073,0.00023928,1.9641e-005,5.9312e-007,0,0,0,0,7.2257e-006,0.00023928,0.002915,0.013064,0.021539,0.013064,0.002915,0.00023928,7.2257e-006,0,0,0,0,0,0,7.2257e-006,0.00023928,0.002915,0.013064,0.021593,0.014832,0.024454,0.096772,0.15916,0.096586,0.023307,0.023307,0.096586,0.15916,0.096533,0.021539,0.0017681,5.3391e-005,0,0,0,0,0,0,0,0,0,7.2257e-006,0.00023928,0.002915,0.013064,0.021539,0.013064,0.002915,0.00023928,7.2257e-006,0,0,0
0.0010724,0.0017681,0.0010724,0.00023928,1.9659e-005,1.1862e-006,7.2257e-006,3.2401e-005,5.3984e-005,3.9609e-005,3.9609e-005,5.3984e-005,3.2401e-005,7.2257e-006,5.9312e-007,1.7911e-008,1.7911e-008,5.9312e-007,7.2257e-006,3.2383e-005,8.5774e-005,0.0011048,0.013072,0.058551,0.096533,0.05855,0.013064,0.0010724,3.2383e-005,0,0,0,0,0,0,5.9312e-007,1.9641e-005,0.00023928,0.0010724,0.0018004,0.0021448,0.013304,0.05857,0.096534,0.058583,0.014137,0.014137,0.058583,0.096533,0.05855,0.013064,0.0010724,3.2383e-005,0,0,0,0,0,0,0,0,0,3.2383e-005,0.0010724,0.013064,0.05855,0.096533,0.05855,0.013064,0.0010724,3.2383e-005,0,0,0
0.013064,0.021539,0.013064,0.002915,0.00023928,7.2257e-006,0,0,0,0,0,0,0,0,0,0,5.9312e-007,1.9641e-005,0.00023928,0.0010724,0.0018215,0.0028404,0.021779,0.096553,0.15916,0.096533,0.021539,0.0017681,5.3391e-005,0,0,0,0,0,0,1.7911e-008,5.9312e-007,7.2436e-006,3.2976e-005,6.7842e-005,0.00030405,0.0029757,0.013097,0.021547,0.013072,0.0031543,0.0031543,0.013072,0.021539,0.013064,0.002915,0.00023928,7.2257e-006,0,0,0,0,0,0,0,0,0,5.3391e-005,0.0017681,0.021539,0.096533,0.15916,0.096533,0.021539,0.0017681,5.3391e-005,0,0,0
0.05855,0.096533,0.05855,0.013064,0.0010724,3.2383e-005,0,0,0,0,0,0,0,1.7911e-008,5.9312e-007,7.2257e-006,3.9609e-005,0.00029267,0.0029474,0.013072,0.021572,0.014137,0.015979,0.058789,0.09654,0.05855,0.013064,0.0010724,3.2383e-005,0,0,0,0,0,0,0,0,5.9312e-007,1.9641e-005,0.00023987,0.001092,0.0020073,0.0021448,0.0020073,0.0010926,0.00025952,0.00025892,0.001073,0.0017681,0.0010724,0.00023928,1.9641e-005,5.9312e-007,0,0,0,0,0,0,0,0,0,3.2383e-005,0.0010724,0.013064,0.05855,0.096533,0.05855,0.013064,0.0010724,3.2383e-005,0,0,0
0.096533,0.15916,0.096533,0.021539,0.0017681,5.3391e-005,0,0,0,0,0,0,0,5.9312e-007,1.9641e-005,0.00023928,0.0011048,0.0028404,0.014137,0.058789,0.09656,0.05879,0.015979,0.014137,0.021572,0.013064,0.002915,0.00023928,7.2257e-006,0,0,0,0,0,0,0,0,7.2257e-006,0.00023928,0.0029151,0.013065,0.021547,0.013097,0.0029684,0.00027168,1.5044e-005,7.8188e-006,3.2401e-005,5.3391e-005,3.2383e-005,7.2257e-006,5.9312e-007,1.7911e-008,0,0,0,0,0,0,0,0,0,7.2257e-006,0.00023928,0.002915,0.013064,0.021539,0.013064,0.002915,0.00023928,7.2257e-006,0,0,0
0.05855,0.096533,0.05855,0.013064,0.0010724,3.2383e-005,0,0,0,0,0,0,0,7.2257e-006,0.00023928,0.002915,0.013118,0.023307,0.034604,0.099448,0.1594,0.09656,0.021779,0.0028404,0.0018215,0.0010724,0.00023928,1.9641e-005,5.9312e-007,0,0,0,0,0,0,0,0,3.2383e-005,0.0010724,0.013064,0.05855,0.096533,0.05855,0.013064,0.0010724,3.2383e-005,0,0,0,0,0,0,0,0,0,0,0,0,0,0,0,0,5.9312e-007,1.9641e-005,0.00023928,0.0010724,0.0017681,0.0010724,0.00023928,1.9641e-005,5.9312e-007,0,0,0
0.013064,0.021539,0.013064,0.002915,0.00023928,7.2257e-006,0,0,0,0,0,0,0,3.2383e-005,0.0010724,0.013064,0.058583,0.097606,0.071622,0.071647,0.097659,0.058616,0.013079,0.0011054,8.5792e-005,3.2383e-005,7.2257e-006,5.9312e-007,1.7911e-008,0,0,0,0,0,0,0,0,5.3391e-005,0.0017681,0.021539,0.096533,0.15916,0.096533,0.021539,0.0017681,5.3391e-005,0,0,0,0,0,0,0,0,0,0,0,0,0,0,0,0,1.7911e-008,5.9312e-007,7.2257e-006,3.2383e-005,5.3391e-005,3.2383e-005,7.2257e-006,5.9312e-007,1.7911e-008,0,0,0
0.0010724,0.0017681,0.0010724,0.00023928,1.9641e-005,5.9312e-007,0,0,0,0,0,0,0,5.3391e-005,0.0017681,0.021539,0.096541,0.15941,0.099687,0.035676,0.025076,0.01419,0.0031543,0.00025892,7.8188e-006,0,0,0,0,0,0,0,0,0,0,0,0,3.2383e-005,0.0010724,0.013065,0.058557,0.096565,0.058604,0.013097,0.0010796,3.2976e-005,1.7911e-008,0,0,0,0,0,0,0,0,1.7911e-008,5.9312e-007,7.2257e-006,3.2383e-005,5.3391e-005,3.2383e-005,7.2257e-006,5.9312e-007,1.7911e-008,0,0,1.7911e-008,5.9312e-007,7.2257e-006,3.2383e-005,5.3391e-005,3.2383e-005,7.2257e-006,5.9312e-007
3.2383e-005,5.3391e-005,3.2383e-005,7.2257e-006,5.9312e-007,1.7911e-008,0,0,0,1.7911e-008,5.9312e-007,7.2257e-006,3.2383e-005,8.5774e-005,0.0011048,0.013072,0.058559,0.096792,0.061705,0.027201,0.02438,0.014169,0.0031543,0.00025892,7.8188e-006,0,0,0,0,0,0,0,0,0,1.7911e-008,5.9312e-007,7.2257e-006,3.9609e-005,0.00029327,0.0029671,0.013311,0.022612,0.014832,0.0039874,0.00047858,2.746e-005,7.8188e-006,3.2383e-005,5.3391e-005,3.2383e-005,7.2257e-006,5.9312e-007,1.7911e-008,1.7911e-008,5.9312e-007,7.8188e-006,5.2025e-005,0.00029267,0.0011048,0.0017753,0.001073,0.0002393,1.9641e-005,5.9312e-007,0,0,5.9312e-007,1.9641e-005,0.00023928,0.0010724,0.0017681,0.0010724,0.00023928,1.9641e-005
0,0,0,0,0,0,0,0,0,5.9312e-007,1.9641e-005,0.00023928,0.0010724,0.0017753,0.0013117,0.0031543,0.013116,0.022613,0.026136,0.061498,0.096826,0.05859,0.013072,0.001073,3.2401e-005,0,0,0,0,0,0,0,0,0,5.9312e-007,1.9641e-005,0.00023928,0.001073,0.0017949,0.0015509,0.0042267,0.014852,0.022612,0.013304,0.0029353,0.00025952,0.00024651,0.0010724,0.0017681,0.0010724,0.00023928,1.9641e-005,5.9312e-007,5.9312e-007,1.9641e-005,0.00024651,0.0013117,0.0046831,0.014137,0.021779,0.013084,0.0029156,0.00023928,7.2257e-006,0,0,7.2257e-006,0.00023928,0.002915,0.013064,0.021539,0.013064,0.002915,0.00023928
0,0,0,0,0,0,0,0,0,7.2257e-006,0.00023928,0.002915,0.013064,0.02154,0.013084,0.0031543,0.0013651,0.0035434,0.022612,0.096772,0.15918,0.096534,0.021539,0.0017681,5.3391e-005,0,0,0,0,0,0,0,0,0,7.2257e-006,0.00023928,0.002915,0.013064,0.021572,0.014144,0.016012,0.058843,0.096573,0.058557,0.013072,0.0013117,0.0029474,0.013064,0.021539,0.013064,0.002915,0.00023928,7.2257e-006,7.2257e-006,0.00023928,0.0029474,0.014137,0.034604,0.071614,0.099448,0.058789,0.013072,0.0010724,3.2383e-005,0,0,3.2383e-005,0.0010724,0.013064,0.05855,0.096533,0.05855,0.013064,0.0010724
0,0,0,0,0,0,0,0,0,3.2383e-005,0.0010724,0.013064,0.05855,0.096533,0.058551,0.013072,0.0011377,0.0011654,0.013129,0.058611,0.096566,0.058557,0.013065,0.0010724,3.2383e-005,0,0,0,0,0,0,0,0,0,3.2383e-005,0.0010724,0.013064,0.05855,0.096586,0.060318,0.034604,0.097605,0.15919,0.096533,0.021572,0.0028404,0.013118,0.05855,0.096533,0.05855,0.013064,0.0010724,3.2383e-005,3.2383e-005,0.0010724,0.013118,0.060318,0.11807,0.15508,0.17222,0.097605,0.021572,0.0017681,5.3391e-005,0,0,5.3391e-005,0.0017681,0.021539,0.096533,0.15916,0.096533,0.021539,0.0017681
0,0,0,0,0,0,0,0,0,5.3391e-005,0.0017681,0.021539,0.096533,0.15916,0.096533,0.02154,0.0017949,0.00053195,0.0039874,0.014832,0.022612,0.013304,0.0029347,0.00023987,7.2257e-006,0,0,0,0,0,0,0,0,0,5.3391e-005,0.0017681,0.021539,0.096533,0.15919,0.097613,0.034636,0.060372,0.096626,0.05859,0.013172,0.0028728,0.021579,0.096534,0.15916,0.096533,0.021539,0.0017681,5.3391e-005,5.3391e-005,0.0017681,0.021572,0.097605,0.17222,0.15508,0.11807,0.060318,0.013118,0.0010724,3.2383e-005,0,0,3.2383e-005,0.0010724,0.013064,0.05855,0.096533,0.05855,0.013064,0.0010724
0,0,0,0,0,0,0,0,0,3.2383e-005,0.0010724,0.013064,0.05855,0.096533,0.05855,0.013072,0.0013123,0.0029671,0.013304,0.022612,0.014833,0.0039947,0.00051095,8.0258e-005,3.2976e-005,7.2257e-006,5.9312e-007,1.7911e-008,0,0,0,0,0,0,3.2383e-005,0.0010724,0.013064,0.058551,0.09656,0.059029,0.017052,0.015924,0.022883,0.014376,0.0047351,0.0023846,0.013311,0.05857,0.096534,0.05855,0.013065,0.0010796,6.4766e-005,8.5774e-005,0.0011048,0.013079,0.058798,0.099488,0.0717,0.034689,0.014176,0.0029552,0.00023989,7.2436e-006,0,0,7.2257e-006,0.00023928,0.002915,0.013064,0.021539,0.013064,0.002915,0.00023928
0,0,0,0,0,0,0,0,0,7.2257e-006,0.00023928,0.0029151,0.013065,0.021547,0.013097,0.0030008,0.0013441,0.013079,0.058558,0.096566,0.058623,0.013336,0.002152,0.001801,0.0010724,0.00023928,1.9641e-005,5.9312e-007,0,0,0,0,0,0,7.2257e-006,0.00023928,0.002915,0.013072,0.021779,0.015999,0.016226,0.02309,0.017755,0.017052,0.022025,0.01333,0.0058307,0.013304,0.021547,0.013065,0.0029347,0.00047856,0.0010796,0.0017753,0.0013123,0.0031752,0.013363,0.023091,0.016977,0.0075236,0.0026233,0.00050543,3.9876e-005,1.1862e-006,0,0,5.9312e-007,1.9641e-005,0.00023928,0.0010724,0.0017687,0.0010796,0.00027166,7.3032e-005
0,0,0,0,0,0,0,0,0,5.9312e-007,1.9641e-005,0.00023987,0.001092,0.0020073,0.0021448,0.0020607,0.0028601,0.021779,0.096553,0.15916,0.096772,0.024454,0.014832,0.021593,0.013064,0.002915,0.00023928,7.2257e-006,0,0,0,0,0,0,5.9312e-007,1.9641e-005,0.00023928,0.0011048,0.0028405,0.014137,0.058829,0.097657,0.071668,0.071647,0.097613,0.058603,0.013304,0.0021448,0.001801,0.0010868,0.00051095,0.0029881,0.013097,0.021548,0.013099,0.0034332,0.00452,0.017794,0.035716,0.034897,0.016031,0.0031621,0.0002471,7.2436e-006,0,0,1.7911e-008,5.9312e-007,7.2257e-006,3.2976e-005,7.3032e-005,0.00027166,0.0010796,0.0017687
0,0,0,0,0,0,0,0,1.7911e-008,6.1103e-007,7.8188e-006,4.6835e-005,0.00032506,0.0030008,0.013104,0.02158,0.014137,0.01598,0.058797,0.096605,0.059676,0.026161,0.05963,0.096566,0.05855,0.013064,0.0010724,3.2383e-005,0,0,0,0,0,0,1.7911e-008,5.9312e-007,7.2257e-006,8.5774e-005,0.0018215,0.021572,0.096594,0.16092,0.11807,0.11807,0.16092,0.096587,0.021547,0.001801,0.00012642,0.00030405,0.002152,0.014833,0.059623,0.096792,0.058842,0.015249,0.01701,0.072773,0.15535,0.15511,0.071616,0.014137,0.0011048,3.2401e-005,5.9312e-007,7.2257e-006,3.2383e-005,5.3391e-005,3.2383e-005,1.4451e-005,0.00023987,0.0029151,0.013064,0.021539
0,0,0,0,1.7911e-008,5.9312e-007,7.2257e-006,3.2383e-005,5.3984e-005,5.2025e-005,0.00024651,0.0011054,0.0028405,0.014137,0.058789,0.09656,0.058791,0.016,0.014383,0.02273,0.016654,0.025559,0.097019,0.15918,0.096534,0.021539,0.0017681,5.3391e-005,0,0,0,0,0,0,0,0,0,3.2383e-005,0.0010724,0.013064,0.058583,0.097605,0.071614,0.071614,0.097605,0.058583,0.013064,0.0010796,0.00027166,0.0029685,0.014833,0.043086,0.10964,0.16236,0.099773,0.03644,0.046616,0.13119,0.2586,0.25593,0.11808,0.023315,0.0018538,0.00010737,5.2025e-005,0.00024651,0.001073,0.0017681,0.0010724,0.00027166,0.001092,0.013065,0.05855,0.096533
5.3391e-005,3.2383e-005,7.2257e-006,5.9312e-007,6.2894e-007,2.0235e-005,0.00024651,0.0011048,0.0018287,0.001344,0.0031615,0.013138,0.023308,0.034604,0.099448,0.1594,0.096568,0.022038,0.0059948,0.015991,0.025452,0.02744,0.061724,0.096792,0.058558,0.013064,0.0010724,3.2383e-005,0,0,0,0,0,0,0,0,0,7.2257e-006,0.00023928,0.002915,0.013072,0.021779,0.015979,0.015979,0.021779,0.013072,0.002915,0.00027166,0.0010796,0.013097,0.059642,0.10984,0.11821,0.11244,0.073824,0.073044,0.11179,0.1302,0.16815,0.15616,0.071667,0.014376,0.0021772,0.0018077,0.0013117,0.0031543,0.013084,0.02154,0.013064,0.0029684,0.0020073,0.021547,0.096533,0.15916
0.0017681,0.0010724,0.00023928,1.9641e-005,8.4119e-006,0.00025892,0.0031543,0.014137,0.02334,0.015209,0.016219,0.058841,0.097613,0.071614,0.071614,0.097605,0.058623,0.014383,0.017084,0.071707,0.11834,0.074537,0.029044,0.022851,0.013104,0.002915,0.00023928,7.2257e-006,0,0,0,0,0,0,0,0,0,5.9312e-007,1.9641e-005,0.00023928,0.001073,0.0017877,0.0013117,0.0013117,0.0017877,0.001073,0.00023928,7.3032e-005,0.0017687,0.021554,0.097011,0.16499,0.12273,0.066626,0.050516,0.10443,0.16386,0.11277,0.056163,0.03638,0.016272,0.0060694,0.013311,0.021579,0.014137,0.015979,0.058789,0.09654,0.05855,0.013097,0.0021448,0.013097,0.05855,0.096533
0.021539,0.013064,0.0029151,0.00023987,5.406e-005,0.0013441,0.016033,0.071654,0.11817,0.073444,0.037584,0.097912,0.15947,0.099455,0.034604,0.023307,0.013203,0.0057555,0.034843,0.15509,0.25571,0.15532,0.035676,0.0046085,0.0011582,0.00023928,1.9641e-005,5.9312e-007,0,0,1.7911e-008,5.9312e-007,7.2436e-006,3.2976e-005,6.0617e-005,6.4766e-005,6.0617e-005,3.2994e-005,7.8546e-006,8.4119e-006,3.9645e-005,8.6367e-005,9.3e-005,7.1992e-005,6.121e-005,3.2994e-005,7.2436e-006,3.2976e-005,0.0010724,0.013097,0.059642,0.10984,0.11844,0.11535,0.086824,0.093446,0.11095,0.06281,0.016145,0.0039597,0.0024488,0.013377,0.058603,0.096595,0.060326,0.034636,0.097659,0.15922,0.09654,0.021547,0.0020074,0.0029684,0.013064,0.021539
0.096533,0.05855,0.013065,0.001092,0.00035746,0.003914,0.036399,0.15643,0.25711,0.15821,0.049821,0.063399,0.09773,0.059031,0.014171,0.0029058,0.0012973,0.0031445,0.034638,0.15508,0.25569,0.15509,0.034636,0.0028938,0.00011816,7.2257e-006,5.9312e-007,1.7911e-008,0,0,5.9312e-007,1.9641e-005,0.00023987,0.001092,0.0020079,0.002152,0.0020397,0.0011454,0.00027285,4.6508e-005,0.00024047,0.0010724,0.0017681,0.0010724,0.00023987,2.6867e-005,3.2976e-005,6.0617e-005,0.00027166,0.0029757,0.014834,0.043118,0.11071,0.17543,0.15827,0.13115,0.081866,0.026222,0.0040928,0.00065011,0.0028873,0.023315,0.097607,0.15945,0.097864,0.035677,0.062086,0.097659,0.058789,0.013085,0.0010926,0.00027166,0.0010724,0.0017681
0.15916,0.096533,0.021547,0.0020073,0.0030548,0.015932,0.056622,0.17214,0.27368,0.18109,0.063894,0.040379,0.034931,0.016033,0.0036653,0.0024447,0.0036153,0.0034637,0.016459,0.071654,0.11807,0.071614,0.015979,0.0013117,3.9627e-005,5.9312e-007,7.2257e-006,3.2383e-005,5.3391e-005,3.2383e-005,1.4451e-005,0.00023987,0.0029223,0.013304,0.024474,0.026368,0.025527,0.015072,0.0040019,0.00071784,0.0029419,0.013065,0.021539,0.013065,0.0029347,0.00047856,0.0010796,0.0017687,0.001092,0.00051095,0.0021644,0.014886,0.061391,0.11833,0.15534,0.17329,0.099373,0.022651,0.0022466,0.0030205,0.014137,0.034604,0.071622,0.099694,0.061944,0.029051,0.035676,0.034636,0.015979,0.0031543,0.0002471,1.4451e-005,3.2383e-005,5.3391e-005
0.096533,0.05855,0.013097,0.0021448,0.013144,0.060134,0.1165,0.15633,0.2123,0.19537,0.13627,0.11222,0.061452,0.014648,0.0071423,0.026188,0.04312,0.026441,0.0090168,0.014622,0.023323,0.014137,0.0031543,0.00025892,8.4119e-006,1.9641e-005,0.00023928,0.0010724,0.0017681,0.0010724,0.00027166,0.001092,0.013097,0.05963,0.10984,0.12002,0.12266,0.081162,0.026193,0.0050598,0.013336,0.058557,0.096533,0.058557,0.013304,0.0039874,0.013097,0.021539,0.013065,0.0029295,0.00051095,0.003008,0.014169,0.034612,0.071622,0.09948,0.058843,0.013136,0.002152,0.013105,0.058789,0.099448,0.071647,0.035677,0.027221,0.061737,0.097845,0.060325,0.014137,0.0013117,5.2025e-005,5.9312e-007,0,0
0.021539,0.013064,0.0029684,0.0020073,0.021587,0.097918,0.17714,0.19082,0.23971,0.2552,0.20938,0.18207,0.09846,0.023771,0.027924,0.11739,0.19414,0.11889,0.027448,0.0034888,0.0019059,0.0011054,0.00024651,2.0235e-005,7.8367e-006,0.00023928,0.002915,0.013064,0.021539,0.013064,0.0029684,0.0020073,0.0216,0.098333,0.18177,0.20613,0.23925,0.19483,0.080196,0.0166,0.022665,0.096565,0.15916,0.096565,0.022612,0.014832,0.058604,0.096533,0.05855,0.013065,0.001092,0.00027889,0.0013117,0.0046831,0.014137,0.021779,0.013084,0.002969,0.0020073,0.021547,0.096553,0.1594,0.097659,0.025083,0.024413,0.096886,0.15924,0.096594,0.021572,0.0017753,5.3984e-005,1.7911e-008,0,0
0.0017681,0.0010724,0.00027166,0.001092,0.013119,0.060371,0.11941,0.16952,0.23474,0.21008,0.13999,0.11162,0.059803,0.016641,0.04439,0.19601,0.33138,0.21461,0.056183,0.0065442,0.00046422,0.00010023,4.0202e-005,7.8367e-006,3.2994e-005,0.0010724,0.013065,0.058557,0.096565,0.058604,0.013129,0.002152,0.01313,0.059676,0.11137,0.13864,0.20613,0.21878,0.10966,0.023684,0.014865,0.058604,0.096533,0.058604,0.014832,0.022612,0.096565,0.15916,0.096533,0.021539,0.0017687,6.121e-005,5.2025e-005,0.00029267,0.0011048,0.0017753,0.001073,0.00027168,0.001092,0.013065,0.058551,0.096541,0.058635,0.014429,0.015241,0.060358,0.097606,0.058789,0.013084,0.001073,3.2383e-005,0,0,0
5.3391e-005,3.2383e-005,1.4469e-005,0.00024047,0.0029547,0.014184,0.035143,0.077517,0.12588,0.10482,0.052272,0.028442,0.01364,0.0051066,0.02744,0.13017,0.25164,0.21387,0.085771,0.017216,0.0032819,0.0020397,0.001092,0.00023987,7.3032e-005,0.0017692,0.021559,0.096772,0.16023,0.098301,0.022619,0.0022466,0.0029953,0.013337,0.025527,0.039193,0.083005,0.10984,0.06148,0.013543,0.0039947,0.013097,0.021539,0.013097,0.0039874,0.013304,0.058557,0.096533,0.05855,0.013064,0.0010724,3.2401e-005,5.9312e-007,7.2257e-006,3.2383e-005,5.3391e-005,3.2383e-005,1.4451e-005,0.00023987,0.0029151,0.013064,0.021547,0.013311,0.0060694,0.016219,0.034611,0.034604,0.015979,0.0031543,0.00024651,7.2257e-006,0,0,0
0,0,1.1862e-006,3.9283e-005,0.00048579,0.002417,0.0075432,0.028513,0.08166,0.11164,0.063611,0.015311,0.0021861,0.00080421,0.0076178,0.047676,0.13985,0.18821,0.11567,0.046505,0.027965,0.02454,0.013311,0.0029229,0.00027168,0.0010868,0.013304,0.061465,0.1096,0.08009,0.026129,0.0040071,0.00051154,0.0011065,0.0022466,0.0050598,0.015072,0.022631,0.013305,0.0029543,0.00047916,0.0010796,0.0017681,0.0010796,0.00047856,0.0029347,0.013065,0.021539,0.013064,0.002915,0.00023928,7.2257e-006,0,0,0,0,0,5.9312e-007,1.9641e-005,0.00023928,0.0010724,0.0018004,0.0021454,0.013323,0.058809,0.097606,0.060318,0.014137,0.0013117,5.2025e-005,5.9312e-007,0,0,0
3.2383e-005,5.3391e-005,3.9627e-005,0.0002471,0.0029235,0.01317,0.023601,0.035716,0.10126,0.16053,0.096844,0.02162,0.0018028,0.0001323,0.0015516,0.015242,0.063167,0.11183,0.11894,0.12381,0.11995,0.1107,0.059862,0.013116,0.0010802,0.00030405,0.0039874,0.026129,0.08009,0.1096,0.061465,0.013304,0.0010869,6.5953e-005,8.0258e-005,0.00030405,0.001133,0.001801,0.0010796,0.00024047,2.6885e-005,3.2976e-005,5.3391e-005,3.2976e-005,2.6867e-005,0.00023987,0.0010724,0.0017681,0.0010724,0.00023928,1.9641e-005,5.9312e-007,0,0,0,0,0,1.7911e-008,5.9312e-007,7.2257e-006,3.2383e-005,0.00010678,0.0018005,0.021547,0.096541,0.15919,0.096586,0.021572,0.0017753,5.3984e-005,1.7911e-008,0,0,0
0.0010724,0.0017681,0.0011048,0.0013117,0.013084,0.058584,0.097613,0.071647,0.071668,0.097638,0.05859,0.013065,0.0010724,4.0795e-005,0.00025433,0.0030528,0.015186,0.044509,0.11606,0.19775,0.21508,0.19379,0.10122,0.021832,0.0017759,0.00012642,0.0020073,0.022612,0.098301,0.16023,0.096772,0.021559,0.0017687,5.3409e-005,5.9312e-007,7.2257e-006,3.2383e-005,5.3391e-005,3.2383e-005,7.2257e-006,5.9312e-007,1.7911e-008,0,1.7911e-008,5.9312e-007,7.2257e-006,3.2383e-005,5.3391e-005,3.2383e-005,7.2257e-006,5.9312e-007,1.7911e-008,0,0,0,0,0,0,0,0,0,3.2383e-005,0.0010724,0.013064,0.05855,0.096533,0.05855,0.013064,0.0010724,3.2383e-005,0,0,0,0
0.013064,0.021539,0.013118,0.0046831,0.021779,0.096547,0.1594,0.099448,0.034604,0.023307,0.013118,0.002915,0.00023928,7.8188e-006,2.6867e-005,0.00051095,0.0050922,0.029001,0.095299,0.18145,0.21657,0.16839,0.072694,0.014169,0.0011048,6.5377e-005,0.0010802,0.013104,0.058636,0.096619,0.05859,0.013072,0.001073,3.2401e-005,0,0,0,0,0,0,0,0,0,0,0,0,0,0,0,0,0,0,0,0,0,0,0,0,0,0,0,7.2257e-006,0.00023928,0.002915,0.013064,0.021539,0.013064,0.002915,0.00023928,7.2257e-006,0,0,0,0
0.05855,0.096533,0.058583,0.014137,0.014137,0.058583,0.096553,0.058789,0.014137,0.0028404,0.0011048,0.00023928,1.9641e-005,6.1103e-007,3.2976e-005,0.0010868,0.013389,0.063294,0.13141,0.17954,0.19835,0.12206,0.034875,0.0046903,0.00029267,1.5044e-005,0.00025892,0.0031543,0.014137,0.023307,0.014137,0.0031543,0.00025892,7.8188e-006,0,0,0,0,0,0,0,0,0,0,0,0,0,0,0,0,0,0,0,0,0,0,0,0,0,0,0,5.9312e-007,1.9641e-005,0.00023928,0.0010724,0.0017681,0.0010724,0.00023928,1.9641e-005,5.9312e-007,0,0,0,0
0.096533,0.15916,0.09654,0.021779,0.0046831,0.013118,0.02154,0.013072,0.0029474,0.00029267,3.9609e-005,7.2257e-006,5.9312e-007,1.7911e-008,5.3391e-005,0.0017687,0.021591,0.097845,0.17331,0.15709,0.12022,0.062326,0.01421,0.0013123,5.2025e-005,8.4119e-006,0.00025892,0.0031543,0.014137,0.023307,0.014137,0.0031543,0.00025892,7.8188e-006,0,0,0,0,0,0,0,0,0,0,0,0,0,0,0,0,0,0,0,0,0,0,0,0,0,0,0,1.7911e-008,5.9312e-007,7.2257e-006,3.2383e-005,5.3391e-005,3.2383e-005,7.2257e-006,5.9312e-007,1.7911e-008,0,0,0,0
0.05855,0.096533,0.058551,0.013084,0.0013117,0.0011048,0.0017681,0.0010724,0.00023928,1.9641e-005,5.9312e-007,0,0,0,3.2383e-005,0.0010724,0.013072,0.058797,0.099481,0.071675,0.034668,0.014197,0.0029804,0.00024652,7.8188e-006,3.2419e-005,0.001073,0.013072,0.058583,0.096586,0.058583,0.013072,0.001073,3.2401e-005,0,0,0,0,0,0,0,0,0,0,0,0,0,0,0,0,0,0,0,0,0,0,0,0,0,0,0,0,0,0,0,0,0,0,0,0,0,0,0,0
0.013064,0.021539,0.013064,0.0029156,0.00024651,3.9609e-005,5.3391e-005,3.2383e-005,7.2257e-006,5.9312e-007,1.7911e-008,0,0,0,7.2257e-006,0.00023928,0.0029156,0.013084,0.021779,0.014137,0.0046831,0.0013117,0.00024651,1.9641e-005,5.9312e-007,5.3391e-005,0.0017681,0.021539,0.096533,0.15916,0.096533,0.021539,0.0017681,5.3391e-005,0,0,0,0,0,0,0,0,0,0,0,0,0,0,0,0,0,0,0,0,0,0,0,0,0,0,0,0,0,0,0,0,0,0,0,0,0,0,0,0
