0,0,0,0,0,0,0,0,0,0,0,0,5.3391e-005,0.0017681,0.021539,0.096533,0.15916,0.096533,0.021539,0.0017681,5.3391e-005,0,0,0,0,0,0,0,0,0,0,0,0,0,0,0,0,0,0,0,0,0,0,0,0,0,0,0,0,0,0,0,0,0,0,0,0,0,0,0,0,0,0,0,0,0,0,0,0,0,0,0,0,0,0,0,0,0,0,0,0
0,0,0,0,0,0,0,0,0,0,0,0,3.2383e-005,0.0010724,0.013064,0.05855,0.096533,0.05855,0.013064,0.0010724,3.2383e-005,0,0,0,0,0,0,0,0,0,0,0,0,0,0,0,0,0,0,0,0,0,0,0,0,0,0,0,0,0,0,0,0,0,0,0,0,0,0,0,0,0,0,0,0,0,0,0,0,0,0,0,0,0,0,0,0,0,0,0,0
0,0,0,0,0,0,0,0,0,0,0,0,7.2257e-006,0.00023928,0.002915,0.013064,0.021539,0.013064,0.002915,0.00023928,7.2257e-006,0,0,0,0,0,0,0,0,0,0,0,0,0,0,0,0,0,0,0,0,0,0,0,0,0,0,0,0,0,0,0,0,0,0,0,0,0,0,0,0,0,0,0,0,0,0,0,0,0,0,0,0,0,0,0,0,0,0,0,0
0,0,0,0,0,0,0,0,0,0,0,0,5.9312e-007,1.9641e-005,0.00023928,0.0010724,0.0017681,0.0010724,0.00023928,1.9641e-005,5.9312e-007,0,0,0,0,0,0,0,0,0,0,0,0,0,0,0,0,0,0,0,0,0,0,0,0,0,0,0,0,0,0,0,0,0,0,0,0,0,0,0,0,0,0,0,0,0,0,0,0,0,0,0,0,0,0,0,0,0,0,0,0
0,0,0,0,0,0,0,0,0,0,0,0,1.7911e-008,5.9312e-007,7.2257e-006,3.2383e-005,5.3391e-005,3.2383e-005,7.2257e-006,5.9312e-007,1.7911e-008,0,0,0,0,0,0,0,0,0,0,0,0,0,0,0,0,0,0,0,0,0,0,0,0,0,0,0,0,0,0,0,0,0,0,0,0,0,0,0,0,0,0,0,0,0,0,0,0,0,0,0,0,0,0,0,0,0,0,0,0
0,0,0,0,0,0,0,0,0,0,0,0,0,0,0,0,0,0,0,0,0,0,0,0,0,0,0,0,0,0,0,0,0,0,0,0,0,0,0,0,0,0,0,0,0,0,0,0,0,0,1.7911e-008,5.9312e-007,7.2257e-006,3.2383e-005,5.3391e-005,3.2383e-005,7.2257e-006,5.9312e-007,1.7911e-008,0,0,0,0,0,0,0,0,0,0,0,0,0,0,0,0,0,0,0,0,0,0
0,0,0,0,0,0,0,0,0,0,0,0,0,0,0,0,0,0,0,0,0,0,0,0,0,0,0,0,0,0,0,0,0,0,0,0,0,0,0,0,0,0,0,0,0,0,0,0,0,0,5.9312e-007,1.9641e-005,0.00023928,0.0010724,0.0017681,0.0010724,0.00023928,1.9641e-005,5.9312e-007,0,0,0,0,0,0,0,0,0,0,0,0,0,0,0,0,0,0,0,0,0,0
0,0,0,0,0,0,0,0,0,0,0,0,0,0,0,0,0,0,0,0,0,0,0,0,0,0,0,0,0,0,0,0,0,0,0,0,0,0,0,0,0,0,0,0,0,0,0,0,0,0,7.2257e-006,0.00023928,0.002915,0.013064,0.021539,0.013064,0.002915,0.00023928,7.2257e-006,0,0,0,0,0,0,0,0,0,0,0,0,0,0,0,0,0,0,0,0,0,0
0,0,0,0,0,0,0,0,0,0,0,0,0,0,0,0,0,0,0,0,0,0,0,0,0,0,0,0,0,0,0,0,0,0,0,0,0,0,0,0,0,0,0,0,0,0,0,0,0,0,3.2383e-005,0.0010724,0.013064,0.05855,0.096533,0.05855,0.013064,0.0010724,3.2383e-005,0,0,0,0,0,0,0,0,0,0,0,0,0,0,0,0,0,0,0,0,0,0
0,0,0,0,0,0,0,0,0,0,0,0,0,0,0,0,0,0,0,0,0,0,0,0,0,0,0,0,0,0,0,0,0,0,0,0,0,0,0,0,0,0,0,0,0,0,0,0,0,0,5.3391e-005,0.0017681,0.021539,0.096533,0.15916,0.096533,0.021539,0.0017681,5.3391e-005,0,0,0,0,0,0,0,0,0,0,0,0,0,0,0,0,0,0,0,0,0,0
0,0,0,0,0,0,0,0,0,0,0,0,0,0,1.7911e-008,5.9312e-007,7.2257e-006,3.2383e-005,5.3391e-005,3.2383e-005,7.2257e-006,5.9312e-007,1.7911e-008,0,0,0,0,0,0,0,0,0,0,0,0,0,0,0,0,0,0,0,0,0,0,0,0,0,0,0,3.2383e-005,0.0010724,0.013064,0.05855,0.096533,0.05855,0.013064,0.0010724,3.2383e-005,0,0,0,0,0,0,0,0,0,0,0,0,0,0,0,0,0,0,0,0,0,0
0,0,0,0,0,0,0,0,0,0,0,0,0,0,6.1103e-007,2.0235e-005,0.00024651,0.0011048,0.0018215,0.0011048,0.00024651,2.0235e-005,6.1103e-007,0,0,0,0,0,0,0,0,0,0,0,0,0,0,0,0,0,0,0,0,0,0,0,0,0,0,0,7.2257e-006,0.00023928,0.002915,0.013064,0.021539,0.013064,0.002915,0.00023928,7.2257e-006,0,0,0,0,0,0,0,0,0,0,0,0,0,0,0,0,0,0,0,0,0,0
0,0,0,0,0,0,0,0,0,0,0,1.7911e-008,5.9312e-007,7.2436e-006,4.0795e-005,0.00031954,0.0032191,0.014197,0.02334,0.014144,0.0031549,0.00025894,7.8188e-006,0,0,0,0,0,0,0,0,0,0,0,0,0,0,0,0,0,0,0,0,0,0,0,0,0,0,0,5.9312e-007,1.9641e-005,0.00023928,0.0010724,0.0017681,0.0010724,0.00023928,1.9641e-005,5.9312e-007,0,0,0,0,0,0,0,0,0,0,0,0,0,0,0,0,0,0,0,0,0,0
0,0,0,0,0,0,1.7911e-008,5.9312e-007,7.2257e-006,3.2383e-005,5.3391e-005,3.2976e-005,2.6867e-005,0.00024047,0.0011317,0.003319,0.018124,0.073622,0.11916,0.071854,0.015999,0.0013123,3.9609e-005,0,0,0,0,0,0,0,0,0,0,0,0,0,0,0,0,0,0,0,0,0,0,0,0,0,0,0,1.7911e-008,5.9312e-007,7.2257e-006,3.2383e-005,5.3391e-005,3.2383e-005,7.2257e-006,5.9312e-007,1.7911e-008,0,0,0,0,0,0,0,0,0,0,0,0,0,0,0,0,0,0,0,0,0,0
0,0,0,0,0,0,5.9312e-007,1.9641e-005,0.00023928,0.0010724,0.0017681,0.0010796,0.00047856,0.0029419,0.01339,0.027295,0.060732,0.17954,0.26899,0.15801,0.034843,0.0028477,8.5774e-005,0,0,0,0,0,0,0,0,0,0,0,0,0,0,0,0,0,0,0,0,0,0,0,0,0,0,0,0,0,0,0,0,0,0,0,0,0,0,0,0,0,0,0,0,0,0,0,0,0,0,0,0,0,0,0,0,0,0
0,0,0,0,1.7911e-008,5.9312e-007,1.4451e-005,0.00027166,0.0029684,0.013097,0.021547,0.013097,0.0039874,0.013336,0.059716,0.11244,0.1517,0.26468,0.31531,0.16818,0.035676,0.0028728,8.5774e-005,0,0,0,0,0,0,0,0,0,0,0,0,0,0,0,0,0,0,0,0,0,0,0,0,0,0,0,0,0,0,0,0,0,0,0,0,0,0,0,0,0,0,0,0,0,0,0,0,0,0,0,0,0,0,0,0,0,0
0,0,0,0,5.9312e-007,1.9641e-005,0.00027166,0.0021448,0.014832,0.059623,0.096772,0.058623,0.014833,0.022665,0.098373,0.18201,0.20905,0.25231,0.21637,0.093207,0.017747,0.0013651,3.9609e-005,0,0,0,0,0,0,0,0,0,0,0,0,0,0,0,0,0,0,0,0,0,0,0,0,0,0,0,0,0,0,0,0,0,0,0,0,0,0,0,0,0,0,0,0,0,0,0,0,0,0,0,0,0,0,0,0,0,0
0,0,0,0,7.2257e-006,0.00023928,0.0029684,0.014832,0.043079,0.1096,0.16207,0.096805,0.022619,0.014865,0.059684,0.10986,0.12025,0.12373,0.08293,0.027233,0.0042267,0.00029131,7.8188e-006,0,0,0,0,0,0,0,0,0,0,0,0,0,0,0,0,0,0,0,0,0,0,0,0,0,0,0,0,0,0,0,0,0,0,0,0,0,0,0,0,0,0,0,0,0,0,0,0,0,0,0,0,0,0,0,0,0,0
0,0,0,0,3.2383e-005,0.0010724,0.013097,0.059623,0.1096,0.1171,0.1096,0.05963,0.013336,0.0039947,0.013337,0.024475,0.026376,0.025566,0.015157,0.0040804,0.00051817,3.4686e-005,1.2041e-006,1.7911e-008,0,0,0,0,0,0,0,0,0,0,0,0,0,0,0,0,0,0,0,0,0,0,0,0,0,0,0,0,0,0,0,0,0,0,0,0,0,0,0,0,0,0,0,0,0,0,0,0,0,0,0,0,0,0,0,0,0
0,0,0,0,5.3391e-005,0.0017681,0.021547,0.096772,0.16207,0.1096,0.043079,0.014833,0.0029881,0.00047916,0.0010993,0.0020085,0.0021716,0.002279,0.0022178,0.0020403,0.0010993,0.00024047,1.9659e-005,5.9312e-007,0,0,0,0,0,0,0,0,0,0,0,0,0,0,0,0,0,0,0,0,0,0,0,0,0,0,0,0,0,0,0,0,0,0,0,0,0,0,0,0,0,0,0,0,0,0,0,0,0,0,0,0,0,0,0,0,0
0,0,0,0,3.2383e-005,0.0010724,0.013065,0.05857,0.096772,0.059623,0.014832,0.0021448,0.00027226,2.6885e-005,3.3569e-005,6.7842e-005,0.00030405,0.0029757,0.013097,0.021547,0.013065,0.0029151,0.00023928,7.2257e-006,0,0,0,0,0,0,0,0,0,0,0,0,0,0,0,0,0,0,0,0,0,0,0,0,0,0,0,0,0,0,0,0,0,0,0,0,0,0,0,0,0,0,0,0,0,0,0,0,0,0,0,0,0,0,0,0,0
0,0,0,0,7.2257e-006,0.00023928,0.0029151,0.013065,0.021547,0.013097,0.0029684,0.00027166,1.4451e-005,5.9312e-007,1.7911e-008,3.2383e-005,0.0010724,0.013064,0.05855,0.096533,0.05855,0.013064,0.0010724,3.2383e-005,0,0,0,0,0,0,0,0,0,0,0,0,0,0,0,0,0,0,0,0,0,0,0,0,0,0,0,0,0,0,0,0,0,0,0,0,0,0,0,0,0,0,0,0,0,0,0,0,0,0,0,0,0,0,0,0,0
0,0,0,0,5.9312e-007,1.9641e-005,0.00023928,0.0010724,0.0017681,0.0010724,0.00023928,1.9641e-005,5.9312e-007,0,0,5.3391e-005,0.0017681,0.021539,0.096533,0.15916,0.096533,0.021539,0.0017681,5.3391e-005,0,0,0,0,0,0,0,0,0,0,0,0,0,0,0,0,0,0,0,0,0,0,0,0,0,0,0,0,0,0,0,0,0,0,0,0,0,0,0,0,0,0,0,0,0,0,0,0,0,0,0,0,0,0,0,0,0
0,0,0,0,1.7911e-008,5.9312e-007,7.2257e-006,3.2383e-005,5.3391e-005,3.2383e-005,7.2257e-006,5.9312e-007,1.7911e-008,0,0,3.2383e-005,0.0010724,0.013064,0.05855,0.096533,0.058551,0.013072,0.0011048,8.5774e-005,3.2383e-005,7.2257e-006,5.9312e-007,1.7911e-008,0,0,0,0,0,0,0,0,0,0,0,0,0,0,0,0,0,0,0,0,1.7911e-008,5.9312e-007,7.2257e-006,3.2383e-005,5.3391e-005,3.2383e-005,7.2257e-006,5.9312e-007,1.7911e-008,0,0,0,0,0,0,0,0,0,0,0,0,0,0,0,0,0,0,0,0,0,0,0,0
0,0,0,0,0,0,0,0,0,0,0,0,0,0,0,7.2257e-006,0.00023928,0.002915,0.013064,0.02154,0.013084,0.0031543,0.0013117,0.0017753,0.0010724,0.00023928,1.9641e-005,5.9312e-007,0,0,0,0,0,0,0,0,0,0,0,0,0,0,0,0,0,0,0,0,5.9312e-007,1.9641e-005,0.00023928,0.0010724,0.0017681,0.0010724,0.00023928,1.9641e-005,5.9312e-007,0,0,0,0,0,0,0,0,0,0,0,0,0,0,0,0,0,0,0,0,0,0,0,0
0,0,0,0,0,0,0,0,0,0,0,0,0,0,0,5.9312e-007,1.9641e-005,0.00023928,0.0010724,0.0017753,0.0013117,0.0031543,0.013084,0.02154,0.013064,0.002915,0.00023928,7.2257e-006,0,0,0,0,0,0,0,0,0,0,0,0,0,0,0,0,0,0,0,0,7.2257e-006,0.00023928,0.002915,0.013064,0.021539,0.013064,0.002915,0.00023928,7.2257e-006,0,0,0,0,0,0,0,0,0,0,0,0,0,0,0,0,0,0,0,0,0,0,0,0
0,0,0,0,0,0,0,0,0,0,0,0,0,0,0,1.7911e-008,5.9312e-007,7.2257e-006,3.2383e-005,8.5774e-005,0.0011048,0.013072,0.058551,0.096533,0.05855,0.013064,0.0010724,3.2383e-005,0,0,0,0,0,0,0,0,0,0,0,0,0,0,0,0,0,0,0,0,3.2383e-005,0.0010724,0.013064,0.05855,0.096533,0.05855,0.013064,0.0010724,3.2383e-005,0,0,0,0,0,0,0,0,0,0,0,0,0,0,0,0,0,0,0,0,0,0,0,0
0,0,0,0,0,0,0,0,0,1.7911e-008,5.9312e-007,7.2257e-006,3.2383e-005,5.3391e-005,3.2383e-005,7.2257e-006,5.9312e-007,1.7911e-008,0,5.3391e-005,0.0017681,0.021539,0.096533,0.15916,0.096533,0.021539,0.0017681,5.3391e-005,0,0,0,0,0,0,0,0,0,0,0,0,0,0,0,0,0,0,0,0,5.3391e-005,0.0017681,0.021539,0.096533,0.15916,0.096533,0.021539,0.0017681,5.3391e-005,0,0,0,0,0,0,0,0,0,0,0,0,0,0,0,0,0,0,0,0,0,0,0,0
0,0,0,0,0,0,0,3.5821e-008,1.1862e-006,1.5044e-005,8.4408e-005,0.00034606,0.0011372,0.0017825,0.0010736,0.00023932,1.9641e-005,5.9312e-007,0,3.2383e-005,0.0010724,0.013064,0.05855,0.096533,0.05855,0.013064,0.0010724,3.2383e-005,0,0,0,0,0,0,0,0,0,0,0,0,0,0,0,0,0,0,0,0,3.2383e-005,0.0010724,0.013064,0.05855,0.096533,0.05855,0.013064,0.0010724,3.2383e-005,0,0,0,0,0,0,0,0,0,0,0,0,0,0,0,0,0,0,0,0,0,0,0,0
0,0,0,0,0,0,0,1.1862e-006,3.9283e-005,0.00048579,0.002384,0.0064512,0.015209,0.022018,0.013104,0.0029162,0.00023928,7.2257e-006,0,7.2436e-006,0.00023987,0.0029223,0.013097,0.021593,0.013097,0.0029223,0.00024047,1.4469e-005,3.2383e-005,5.3391e-005,3.2383e-005,7.2257e-006,5.9312e-007,1.7911e-008,0,0,0,0,0,0,0,0,0,0,0,0,0,0,7.2257e-006,0.00023928,0.002915,0.013064,0.021539,0.013064,0.002915,0.00023928,7.2257e-006,0,0,0,0,0,0,0,0,0,0,0,0,0,0,0,0,0,0,0,0,0,0,0,0
0,0,0,0,0,0,0,1.4451e-005,0.00047856,0.0058625,0.027201,0.056143,0.084679,0.10236,0.059029,0.013079,0.0010724,3.2383e-005,0,1.1862e-006,3.9283e-005,0.00047856,0.0021448,0.0035361,0.0021448,0.00047916,5.8924e-005,0.00024049,0.001073,0.0017753,0.0011048,0.00029267,5.2025e-005,7.8188e-006,5.9312e-007,1.7911e-008,0,0,0,0,0,0,0,0,0,0,0,0,5.9312e-007,1.9641e-005,0.00023928,0.0010724,0.0017681,0.0010724,0.00023928,1.9641e-005,5.9312e-007,0,0,0,0,0,0,0,0,0,0,0,0,0,0,0,0,0,0,0,0,0,0,0,0
0,0,0,0,0,0,0,6.4766e-005,0.0021448,0.026182,0.11887,0.21461,0.21363,0.18529,0.09871,0.021658,0.0018004,6.0617e-005,5.9312e-007,7.2615e-006,0.00023987,0.0029223,0.013097,0.021593,0.013097,0.0029295,0.00047916,0.0029229,0.013084,0.021779,0.014137,0.0046831,0.0013117,0.00024651,1.9641e-005,5.9312e-007,0,0,0,0,0,0,0,0,0,0,0,0,1.7911e-008,5.9312e-007,7.2257e-006,3.2383e-005,5.3391e-005,3.2383e-005,7.2257e-006,5.9312e-007,1.7911e-008,0,0,0,0,0,0,0,0,0,0,0,0,0,0,0,0,0,0,0,0,0,0,0,0
0,0,0,0,0,0,0,0.00010678,0.0035361,0.043111,0.19414,0.33138,0.25164,0.13986,0.063191,0.014993,0.0021772,0.00027889,2.0235e-005,3.2994e-005,0.0010724,0.013064,0.05855,0.096533,0.05855,0.013097,0.0021448,0.013104,0.058789,0.099448,0.071614,0.034604,0.014137,0.0029474,0.00023928,7.2257e-006,0,0,0,0,0,0,0,0,0,0,0,0,0,0,0,0,0,0,0,0,0,0,0,0,0,0,0,0,0,0,0,0,0,0,0,0,0,0,0,0,0,0,0,0,0
0,0,0,0,0,0,0,6.4766e-005,0.0021448,0.026136,0.11734,0.19599,0.13042,0.050822,0.029346,0.026287,0.014376,0.0031615,0.00025892,6.121e-005,0.0017681,0.021539,0.096533,0.15916,0.096533,0.021593,0.0035361,0.021625,0.097605,0.17222,0.15508,0.11807,0.060318,0.013118,0.0010724,3.2383e-005,0,0,0,0,0,0,0,0,0,0,0,0,0,0,0,0,0,0,0,0,0,0,0,0,0,0,0,0,0,0,0,0,0,0,0,0,0,0,0,0,0,0,0,0,0
0,0,0,0,0,0,0,1.4451e-005,0.00047856,0.0058307,0.026148,0.043358,0.028513,0.023585,0.073198,0.11838,0.071667,0.015987,0.0013123,7.201e-005,0.0010724,0.013064,0.05855,0.096533,0.05855,0.013097,0.0021448,0.01315,0.060318,0.11807,0.15508,0.17222,0.097605,0.021572,0.0017681,5.3391e-005,0,0,0,0,0,0,0,0,0,0,0,0,0,0,0,0,0,0,0,0,0,0,0,0,0,0,0,0,0,0,0,0,0,0,0,0,0,0,0,0,0,0,0,0,0
0,0,0,0,0,0,0,1.1862e-006,3.9283e-005,0.00047858,0.0021454,0.0036297,0.0050372,0.035375,0.15623,0.25747,0.15616,0.034843,0.0028601,9.3593e-005,0.00023928,0.002915,0.013064,0.021539,0.013064,0.0029223,0.00047856,0.0029547,0.014137,0.034604,0.071614,0.099448,0.058789,0.013072,0.0010724,3.2383e-005,0,0,0,0,0,0,0,0,0,0,0,0,0,0,0,0,0,0,0,0,0,0,0,0,0,1.7911e-008,5.9312e-007,7.2257e-006,3.2383e-005,5.3391e-005,3.2383e-005,7.2257e-006,5.9312e-007,1.7911e-008,0,0,0,0,0,0,0,0,0,0,0
0,0,0,0,0,0,0,3.5821e-008,1.1862e-006,1.4451e-005,6.4766e-005,0.00019978,0.0031445,0.037533,0.16815,0.27723,0.16815,0.037519,0.0030797,9.3593e-005,1.9641e-005,0.00023928,0.0010724,0.0017681,0.0010724,0.00023987,3.9283e-005,0.0002471,0.0013117,0.0046831,0.014137,0.021786,0.013116,0.002969,0.00027168,1.5044e-005,7.8188e-006,3.2401e-005,5.3391e-005,3.2383e-005,7.2257e-006,5.9312e-007,1.7911e-008,0,0,0,0,0,0,0,0,0,0,0,0,0,0,0,0,0,0,5.9312e-007,1.9641e-005,0.00023928,0.0010724,0.0017681,0.0010724,0.00023928,1.9641e-005,5.9312e-007,0,0,0,0,0,0,0,0,0,0,0
0,0,0,0,0,0,0,0,0,0,1.7911e-008,7.2585e-005,0.0023913,0.029077,0.13023,0.21467,0.13023,0.029077,0.0023913,7.2603e-005,6.1103e-007,7.2257e-006,3.2383e-005,5.3391e-005,3.2383e-005,7.2436e-006,1.1862e-006,7.8367e-006,5.2025e-005,0.00029327,0.0011244,0.0020146,0.0021454,0.0020074,0.0010926,0.00025952,0.00025892,0.001073,0.0017681,0.0010724,0.00023928,1.9641e-005,5.9312e-007,0,0,0,0,0,0,0,0,0,0,0,0,0,0,0,0,0,0,7.2257e-006,0.00023928,0.002915,0.013064,0.021539,0.013064,0.002915,0.00023928,7.2257e-006,0,0,0,0,0,0,0,0,0,0,0
0,0,0,1.7911e-008,5.9312e-007,7.2257e-006,3.2383e-005,5.3391e-005,3.2383e-005,7.2257e-006,1.1862e-006,8.0869e-005,0.0022669,0.025786,0.11268,0.18461,0.11268,0.025786,0.0022669,8.0851e-005,5.9312e-007,0,0,0,0,0,0,1.7911e-008,5.9312e-007,1.4451e-005,0.00027166,0.0029684,0.013097,0.021547,0.013072,0.0031543,0.0031543,0.013072,0.021539,0.013064,0.002915,0.00023928,7.2257e-006,0,0,0,1.7911e-008,5.9312e-007,7.2257e-006,3.2383e-005,5.3391e-005,3.2383e-005,7.2257e-006,5.9312e-007,1.7911e-008,0,0,0,0,0,0,3.2383e-005,0.0010724,0.013064,0.05855,0.096533,0.05855,0.013064,0.0010724,3.2383e-005,0,0,0,0,0,0,0,0,0,0,0
0,0,0,5.9312e-007,1.9641e-005,0.00023928,0.0010724,0.0017681,0.0010724,0.00023928,2.6867e-005,0.00027287,0.0040149,0.026614,0.08411,0.12449,0.084142,0.026668,0.0040479,0.00028673,4.0202e-005,5.3409e-005,3.2383e-005,7.2257e-006,5.9312e-007,3.5821e-008,5.9312e-007,7.2257e-006,3.2383e-005,8.5774e-005,0.0011048,0.013072,0.058551,0.096533,0.058583,0.014137,0.014137,0.058583,0.096533,0.05855,0.013064,0.0010724,3.2383e-005,0,1.7911e-008,5.9312e-007,7.8188e-006,5.2025e-005,0.00029267,0.0011048,0.0017753,0.001073,0.0002393,1.9641e-005,5.9312e-007,0,0,0,0,0,0,5.3391e-005,0.0017681,0.021539,0.096533,0.15916,0.096533,0.021539,0.0017681,5.3391e-005,0,0,0,0,0,0,0,0,0,0,0
0,0,0,7.2257e-006,0.00023928,0.002915,0.013064,0.021539,0.013064,0.002915,0.00027166,0.0010869,0.013337,0.062545,0.12271,0.13893,0.12377,0.064313,0.014429,0.0015582,0.0011244,0.0017687,0.0010724,0.00023928,1.9641e-005,1.1862e-006,1.9641e-005,0.00023928,0.0010724,0.0018215,0.0028404,0.021779,0.096553,0.15916,0.096586,0.023307,0.023307,0.096586,0.15916,0.096533,0.021539,0.0017681,5.3984e-005,7.2257e-006,3.2976e-005,7.3032e-005,0.00027889,0.0013189,0.0046837,0.014137,0.021779,0.013084,0.0029156,0.00023928,7.2257e-006,0,0,0,0,0,0,3.2383e-005,0.0010724,0.013064,0.05855,0.096533,0.05855,0.013064,0.0010724,3.2401e-005,5.9312e-007,7.2257e-006,3.2383e-005,5.3391e-005,3.2383e-005,7.2257e-006,5.9312e-007,1.7911e-008,0,0,0
0,0,0,3.2383e-005,0.0010724,0.013064,0.058551,0.09654,0.058583,0.013118,0.0011582,0.0018083,0.021613,0.098548,0.18201,0.19775,0.19483,0.12009,0.034916,0.0075987,0.013357,0.021547,0.013064,0.002915,0.0002393,1.5044e-005,0.00024651,0.0029474,0.013118,0.021604,0.014144,0.01598,0.058789,0.09654,0.058583,0.014137,0.014137,0.058583,0.096533,0.05855,0.013064,0.001073,5.2025e-005,0.00023928,0.0010796,0.0020073,0.0040198,0.014376,0.034623,0.071615,0.099448,0.058789,0.013072,0.0010724,3.2383e-005,0,0,0,0,0,0,7.2257e-006,0.00023928,0.002915,0.013064,0.021539,0.013064,0.002915,0.00023928,7.8188e-006,1.9641e-005,0.00023928,0.0010724,0.0017681,0.0010724,0.00023928,1.9641e-005,5.9312e-007,0,0,0
0,0,0,5.3391e-005,0.0017681,0.02154,0.096553,0.1594,0.097638,0.023361,0.0029052,0.0013723,0.013118,0.059663,0.1107,0.13022,0.16818,0.1562,0.07272,0.027201,0.059655,0.096565,0.05855,0.013064,0.001073,8.4408e-005,0.0013117,0.014137,0.060318,0.097613,0.059029,0.015999,0.014138,0.021579,0.013104,0.0032077,0.0031867,0.013079,0.02154,0.013064,0.002915,0.00024651,0.00024651,0.002915,0.013097,0.022612,0.026182,0.063233,0.11831,0.15509,0.17222,0.097605,0.021572,0.0017681,5.3391e-005,0,0,0,0,0,0,5.9312e-007,1.9641e-005,0.00023928,0.0010724,0.0017681,0.0010724,0.00023928,1.9641e-005,7.8188e-006,0.00023928,0.002915,0.013064,0.021539,0.013064,0.002915,0.00023928,7.2257e-006,0,0,0
0,0,0,3.2383e-005,0.0010724,0.013072,0.058809,0.099687,0.072687,0.036372,0.015217,0.0034332,0.0032136,0.013418,0.026255,0.047675,0.12099,0.17251,0.10122,0.043318,0.098308,0.15921,0.096533,0.021539,0.0017753,0.00034606,0.0046831,0.034604,0.11807,0.17222,0.099468,0.022019,0.0028673,0.0020607,0.0021454,0.002027,0.0013313,0.0013123,0.0017877,0.001073,0.00023928,5.2025e-005,0.001073,0.013064,0.058604,0.098301,0.080122,0.11067,0.17329,0.15512,0.11807,0.060318,0.013118,0.0010724,3.2383e-005,0,0,0,0,0,0,3.5821e-008,1.1862e-006,1.4451e-005,6.4766e-005,0.00010678,6.4766e-005,1.4451e-005,1.1862e-006,3.2419e-005,0.0010724,0.013064,0.05855,0.096533,0.05855,0.013064,0.0010724,3.2383e-005,0,0,0
0,0,0,7.2257e-006,0.00023928,0.0029547,0.014376,0.037519,0.084679,0.12099,0.071874,0.016246,0.0026239,0.0029321,0.0041521,0.015448,0.060577,0.097659,0.05987,0.026181,0.059677,0.096598,0.058557,0.013065,0.0011048,0.0011372,0.014137,0.071614,0.15508,0.15508,0.071615,0.014151,0.0013764,0.0030008,0.013097,0.021547,0.013072,0.0029474,0.00029267,3.9609e-005,7.2257e-006,5.3984e-005,0.0017681,0.021539,0.096565,0.16023,0.1096,0.080329,0.10122,0.071668,0.034604,0.014137,0.0029474,0.00023928,7.2257e-006,0,0,0,0,0,0,5.9312e-007,1.9641e-005,0.00023928,0.0010724,0.0017681,0.0010724,0.00023928,1.9641e-005,5.3984e-005,0.0017681,0.021539,0.096533,0.15916,0.096533,0.021539,0.0017681,5.3391e-005,0,0,0
0,0,0,5.9312e-007,1.9641e-005,0.00032506,0.0039128,0.036372,0.15616,0.25594,0.15534,0.03752,0.015912,0.021665,0.013364,0.0058949,0.013365,0.021606,0.01355,0.0069031,0.015072,0.022619,0.013304,0.0029347,0.00029327,0.0017825,0.021779,0.099448,0.17222,0.11807,0.034604,0.0047155,0.0013651,0.013072,0.05855,0.096533,0.05855,0.013064,0.0010724,3.2383e-005,0,3.2383e-005,0.0010724,0.013064,0.058557,0.096772,0.061466,0.026148,0.022851,0.014169,0.0046831,0.0013117,0.00024651,1.9641e-005,5.9312e-007,0,0,0,0,0,0,7.2257e-006,0.00023928,0.002915,0.013064,0.021539,0.013064,0.002915,0.00023928,3.9609e-005,0.0010724,0.013064,0.05855,0.096533,0.05855,0.013064,0.0010724,3.2383e-005,0,0,0
0,0,1.7911e-008,6.1103e-007,7.8188e-006,0.00012538,0.0029262,0.034689,0.15512,0.25573,0.15616,0.047668,0.061391,0.096619,0.05857,0.013304,0.002152,0.0020403,0.0040071,0.013543,0.022631,0.014833,0.0039874,0.00047856,5.925e-005,0.0010736,0.013084,0.058789,0.097605,0.060318,0.014137,0.0013651,0.0018201,0.02154,0.096533,0.15916,0.096533,0.021539,0.0017681,5.3391e-005,0,7.2257e-006,0.00023928,0.002915,0.013065,0.021559,0.013304,0.003988,0.0020146,0.001112,0.00029267,5.2025e-005,7.8188e-006,5.9312e-007,1.7911e-008,0,0,0,0,0,0,3.2383e-005,0.0010724,0.013064,0.05855,0.096533,0.05855,0.013064,0.0010724,3.9609e-005,0.00023928,0.002915,0.013064,0.021539,0.013064,0.002915,0.00023928,7.2257e-006,0,0,0
0,0,5.9312e-007,1.9641e-005,0.0002393,0.0011126,0.003087,0.017084,0.071907,0.11818,0.07339,0.037519,0.097845,0.1592,0.096534,0.021547,0.0018334,0.0011864,0.01313,0.058618,0.096598,0.058611,0.013097,0.0010796,4.0202e-005,0.00023932,0.0029156,0.013072,0.021572,0.013118,0.0029474,0.00027889,0.0010802,0.013064,0.05855,0.096533,0.058551,0.013072,0.0011048,8.5774e-005,3.2383e-005,7.8188e-006,2.0235e-005,0.0002393,0.0010724,0.0017687,0.0010796,0.00027166,7.3032e-005,3.2976e-005,7.2257e-006,5.9312e-007,1.7911e-008,0,0,0,0,0,0,0,0,5.3391e-005,0.0017681,0.021539,0.096533,0.15916,0.096533,0.021539,0.0017681,5.3984e-005,1.9641e-005,0.00023928,0.0010724,0.0017681,0.0010724,0.00023928,1.9641e-005,5.9312e-007,0,0,0
0,0,7.2257e-006,0.00023928,0.0029156,0.013092,0.022038,0.017291,0.01882,0.024652,0.015456,0.016238,0.05881,0.096541,0.05855,0.013065,0.0011454,0.0020397,0.022612,0.098301,0.16023,0.096772,0.021559,0.0017687,5.3984e-005,1.9641e-005,0.00023928,0.0010724,0.0017681,0.0010724,0.00023928,2.6867e-005,0.00023987,0.002915,0.013064,0.02154,0.013084,0.0031543,0.0013117,0.0017753,0.0010724,0.0002393,2.0235e-005,7.8188e-006,3.2383e-005,5.3391e-005,3.2383e-005,7.2257e-006,5.9312e-007,1.7911e-008,0,0,0,0,0,0,0,0,0,0,0,3.2383e-005,0.0010724,0.013064,0.05855,0.096533,0.05855,0.013064,0.0010724,3.2401e-005,5.9312e-007,7.2257e-006,3.2383e-005,5.3391e-005,3.2383e-005,7.2257e-006,5.9312e-007,1.7911e-008,0,0,0
0,0,3.2383e-005,0.0010724,0.013072,0.05879,0.099468,0.071861,0.035708,0.015965,0.0042915,0.0034008,0.013092,0.02154,0.013064,0.0029223,0.00051095,0.0039947,0.026129,0.08009,0.1096,0.061465,0.013304,0.0010796,3.2401e-005,5.9312e-007,7.2257e-006,3.2383e-005,5.3391e-005,3.2383e-005,7.2257e-006,1.1862e-006,1.9659e-005,0.00023928,0.0010724,0.0017753,0.0013117,0.0031543,0.013084,0.02154,0.013064,0.002915,0.00023928,7.2257e-006,0,0,0,0,0,0,0,0,0,0,0,0,0,0,0,0,0,7.2257e-006,0.00023928,0.002915,0.013064,0.021539,0.013064,0.002915,0.00023928,7.2257e-006,0,0,0,0,0,0,0,0,0,0,0
0,0,5.3391e-005,0.0017681,0.021572,0.097605,0.17222,0.15509,0.1181,0.060372,0.01317,0.0013189,0.0011054,0.0017687,0.0010796,0.00030405,0.0011526,0.013337,0.061472,0.1096,0.08009,0.026129,0.0039874,0.00027166,7.2257e-006,0,0,0,0,0,0,1.7911e-008,5.9312e-007,7.2257e-006,3.2383e-005,8.5774e-005,0.0011048,0.013072,0.058551,0.096533,0.05855,0.013064,0.0010724,3.2383e-005,0,0,0,0,0,0,0,1.7911e-008,5.9312e-007,7.2257e-006,3.2383e-005,5.3391e-005,3.2383e-005,7.2257e-006,5.9312e-007,1.7911e-008,0,5.9312e-007,1.9641e-005,0.00023928,0.0010724,0.0017681,0.0010724,0.00023928,1.9641e-005,5.9312e-007,0,0,0,0,0,0,0,0,0,0,0
0,0,3.2383e-005,0.0010724,0.013118,0.060318,0.11807,0.15508,0.17222,0.097605,0.021572,0.0017753,8.6367e-005,7.3032e-005,0.00027168,0.0011336,0.0035445,0.022664,0.097065,0.16028,0.098309,0.022612,0.0020074,7.3032e-005,5.9312e-007,0,0,0,0,0,0,0,0,0,1.7911e-008,5.3984e-005,0.0017753,0.021572,0.096586,0.15919,0.09654,0.02154,0.0017681,5.3391e-005,0,0,0,0,0,0,0,5.9312e-007,1.9641e-005,0.00023928,0.0010724,0.0017681,0.0010724,0.00023928,1.9641e-005,5.9312e-007,0,1.7911e-008,5.9312e-007,7.2257e-006,3.2383e-005,5.3391e-005,3.2383e-005,7.2257e-006,5.9312e-007,1.7911e-008,0,0,0,0,0,0,0,0,0,0,0
0,0,7.2257e-006,0.00023928,0.0029474,0.014137,0.034604,0.071622,0.09948,0.058843,0.013104,0.0010796,4.0202e-005,0.0002393,0.0029156,0.013116,0.022851,0.027202,0.063241,0.097877,0.05885,0.013116,0.0010802,3.3569e-005,7.2436e-006,3.2383e-005,5.3391e-005,3.2383e-005,7.2257e-006,5.9312e-007,1.7911e-008,0,0,0,5.9312e-007,5.2042e-005,0.0013123,0.014144,0.060351,0.097659,0.058822,0.013091,0.0010736,3.2401e-005,0,0,0,0,0,0,0,7.2257e-006,0.00023928,0.002915,0.013064,0.021539,0.013064,0.002915,0.00023928,7.2257e-006,0,0,0,0,0,0,0,0,0,0,0,0,0,0,0,0,0,0,0,0,0
0,0,5.9312e-007,1.9641e-005,0.00024651,0.0013123,0.0047027,0.014376,0.022851,0.014852,0.003988,0.00047856,5.925e-005,0.001073,0.013072,0.058797,0.099687,0.07453,0.047668,0.035676,0.016012,0.0031543,0.0002471,2.6867e-005,0.00023928,0.0010724,0.0017681,0.0010724,0.00023928,1.9641e-005,5.9312e-007,0,0,0,7.2257e-006,0.0002471,0.003174,0.016219,0.035676,0.036372,0.017052,0.0033936,0.00026615,7.8188e-006,0,0,0,0,0,0,0,3.2383e-005,0.0010724,0.013064,0.05855,0.096533,0.05855,0.013064,0.0010724,3.2383e-005,0,0,0,0,0,0,0,0,0,0,0,0,0,0,0,0,0,0,0,0,0
0,0,1.7911e-008,6.1103e-007,8.4119e-006,6.6476e-005,0.00056434,0.0040732,0.014872,0.02262,0.013304,0.0029347,0.00029327,0.0017753,0.021572,0.097606,0.17224,0.15532,0.11914,0.062086,0.01419,0.0013117,5.925e-005,0.00023987,0.002915,0.013064,0.021539,0.013064,0.002915,0.00023928,7.2257e-006,0,0,0,3.2383e-005,0.0010802,0.013323,0.061705,0.11067,0.081858,0.027201,0.0042267,0.00029131,7.8188e-006,0,0,0,0,0,0,0,5.3391e-005,0.0017681,0.021539,0.096533,0.15916,0.096533,0.021539,0.0017681,5.3391e-005,0,0,0,0,0,0,0,0,0,0,0,0,0,0,0,0,0,0,0,0,0
0,0,0,6.1103e-007,2.0252e-005,0.00027948,0.0021844,0.014918,0.059708,0.096812,0.058578,0.013066,0.0011048,0.0011048,0.013118,0.060318,0.11807,0.15509,0.17225,0.097659,0.021604,0.0017753,8.6367e-005,0.0010724,0.013064,0.05855,0.096533,0.058551,0.013072,0.0011048,8.5774e-005,3.2401e-005,7.8188e-006,7.8188e-006,8.5792e-005,0.0018539,0.022645,0.10961,0.21774,0.19313,0.080154,0.014893,0.0011588,3.9627e-005,5.9312e-007,1.7911e-008,0,0,0,0,0,3.2383e-005,0.0010724,0.013064,0.05855,0.096533,0.05855,0.013064,0.0010724,3.2383e-005,0,0,0,0,0,0,0,3.5821e-008,1.1862e-006,1.4451e-005,6.4766e-005,0.00010678,6.4766e-005,1.4451e-005,1.1862e-006,3.5821e-008,0,0,0,0,0
0,0,0,7.8188e-006,0.00025892,0.0032077,0.015905,0.044847,0.11067,0.16231,0.096799,0.02158,0.0018293,0.00033228,0.002987,0.014191,0.034636,0.071622,0.099456,0.058822,0.013125,0.0011048,9.3e-005,0.0017687,0.02154,0.09654,0.15919,0.096606,0.021811,0.0028477,0.001822,0.001073,0.00025892,0.00025892,0.0011054,0.0028938,0.015905,0.080329,0.19311,0.21795,0.11067,0.02438,0.0028728,0.00029267,1.9641e-005,5.9312e-007,0,0,0,0,0,7.2257e-006,0.00023928,0.002915,0.013064,0.021539,0.013064,0.002915,0.00023928,7.2257e-006,0,0,0,0,0,0,0,1.1862e-006,3.9283e-005,0.00047856,0.0021448,0.0035361,0.0021448,0.00047856,3.9283e-005,1.1862e-006,0,0,0,0,0
0,0,0,3.9609e-005,0.0013117,0.016012,0.072687,0.13114,0.13017,0.11253,0.060108,0.014209,0.0029141,0.0013961,0.0015654,0.0031,0.0057567,0.014396,0.022038,0.014157,0.0046837,0.0013117,0.00027889,0.0010926,0.013085,0.058789,0.097613,0.060558,0.017052,0.014376,0.021591,0.013072,0.0031543,0.0031543,0.013079,0.021811,0.017052,0.029051,0.080568,0.11252,0.07453,0.034843,0.014144,0.0029474,0.00023928,7.2257e-006,0,0,0,0,0,5.9312e-007,1.9641e-005,0.00023928,0.0010724,0.0017681,0.0010724,0.00023928,1.9641e-005,5.9312e-007,0,0,0,0,1.7911e-008,5.9312e-007,7.2257e-006,4.6835e-005,0.00053195,0.0058625,0.026136,0.043079,0.026129,0.0058301,0.00047856,1.4451e-005,0,0,0,0,0
0,0,0,8.5774e-005,0.0028404,0.034611,0.15532,0.2586,0.16816,0.056402,0.019059,0.017145,0.023786,0.01706,0.016226,0.02185,0.013372,0.0042591,0.0049296,0.014145,0.021779,0.013084,0.0029229,0.00048579,0.0031615,0.015979,0.034636,0.035676,0.029044,0.061705,0.096779,0.05859,0.014137,0.014137,0.058583,0.09656,0.059029,0.017084,0.016977,0.035708,0.071854,0.099468,0.05879,0.013072,0.0010724,3.2383e-005,0,0,0,0,0,1.7911e-008,5.9312e-007,7.2257e-006,3.2383e-005,5.3391e-005,3.2383e-005,7.2257e-006,5.9312e-007,1.7911e-008,0,0,0,0,5.9312e-007,1.9641e-005,0.00023928,0.0011372,0.0039128,0.027201,0.11734,0.19309,0.1171,0.026129,0.0021448,6.4766e-005,0,0,0,0,0
0,0,0,8.5774e-005,0.0028404,0.034604,0.1551,0.25593,0.1562,0.037683,0.019892,0.071972,0.11916,0.084679,0.07453,0.097845,0.058629,0.01417,0.014197,0.058647,0.096594,0.058583,0.013072,0.001125,0.0013441,0.014137,0.060372,0.099373,0.080329,0.10962,0.16023,0.096619,0.023308,0.023315,0.096619,0.15921,0.096592,0.021872,0.0046625,0.023393,0.097613,0.1594,0.096553,0.02154,0.0017681,5.3391e-005,0,0,0,0,0,0,0,0,0,0,0,0,0,0,0,0,0,0,7.2257e-006,0.00023928,0.002915,0.013171,0.025076,0.056143,0.19598,0.31855,0.19307,0.043079,0.0035361,0.00010678,0,0,0,0,0
0,0,0,3.9609e-005,0.0013117,0.015979,0.071615,0.11808,0.07174,0.018906,0.036002,0.15522,0.2575,0.17668,0.13117,0.162,0.096673,0.023327,0.023547,0.097659,0.16092,0.097605,0.021779,0.0018417,0.0018293,0.021572,0.096619,0.16026,0.1096,0.08009,0.098301,0.058637,0.014156,0.014376,0.059655,0.098301,0.059623,0.013343,0.0021968,0.013151,0.058583,0.09654,0.058551,0.013064,0.0010724,3.2383e-005,0,0,0,0,0,0,0,0,0,0,0,0,0,0,0,0,0,0,3.2383e-005,0.0010724,0.013064,0.058615,0.098678,0.084679,0.13016,0.19414,0.11713,0.026136,0.0021772,0.00011816,3.2383e-005,7.2257e-006,5.9312e-007,1.7911e-008,0
0,0,0,7.8188e-006,0.00025892,0.0031543,0.014137,0.023327,0.014462,0.0070677,0.03665,0.15643,0.25807,0.16994,0.094227,0.099613,0.058695,0.014377,0.017052,0.071647,0.11807,0.071614,0.015979,0.001344,0.001112,0.013064,0.058557,0.096772,0.061466,0.026136,0.022644,0.013165,0.003426,0.0060766,0.026136,0.043079,0.026129,0.0058373,0.00071784,0.0029295,0.013064,0.021539,0.013064,0.002915,0.00023928,7.2257e-006,0,0,0,1.7911e-008,5.9312e-007,7.2257e-006,3.2383e-005,5.3391e-005,3.2383e-005,7.2257e-006,5.9312e-007,1.7911e-008,0,0,0,0,0,0,5.3391e-005,0.0017681,0.021539,0.096547,0.15963,0.10236,0.047668,0.044847,0.026202,0.0060694,0.0015509,0.0017825,0.0010724,0.00023928,1.9641e-005,5.9312e-007,0
0,0,0,6.1103e-007,2.0235e-005,0.00024651,0.001112,0.0020607,0.0040594,0.01463,0.037778,0.087602,0.13429,0.096308,0.042115,0.025766,0.013383,0.004234,0.016219,0.071629,0.1181,0.071668,0.016012,0.0013261,0.00027948,0.0029151,0.013065,0.02156,0.013323,0.0042267,0.0030797,0.0028806,0.0024037,0.013563,0.059643,0.098302,0.059623,0.013304,0.0011117,0.00027226,0.0010724,0.0017681,0.0010724,0.00023928,1.9641e-005,5.9312e-007,0,0,0,5.9312e-007,1.9641e-005,0.00023928,0.0010724,0.0017681,0.0010724,0.00023928,1.9641e-005,6.1103e-007,5.9312e-007,7.2257e-006,3.2383e-005,5.3391e-005,3.2383e-005,7.2257e-006,3.2976e-005,0.0010724,0.013064,0.058551,0.096572,0.059029,0.015209,0.0046163,0.0024237,0.003426,0.013157,0.021573,0.013072,0.0029156,0.0002393,7.2257e-006,0
0,0,0,1.7911e-008,5.9312e-007,7.2257e-006,6.4766e-005,0.0011258,0.013105,0.058849,0.10076,0.085752,0.094942,0.11198,0.06281,0.015099,0.002239,0.0021139,0.021858,0.097885,0.16205,0.099406,0.022858,0.0020282,9.3285e-005,0.00023987,0.0010724,0.0017759,0.0013189,0.0031867,0.013137,0.021626,0.01484,0.024462,0.096805,0.15922,0.096565,0.021547,0.0017693,6.1228e-005,3.9609e-005,8.5774e-005,8.5774e-005,3.9609e-005,7.8188e-006,6.1103e-007,1.7911e-008,0,0,7.2257e-006,0.0002393,0.0029156,0.013072,0.021572,0.013118,0.0029474,0.00024651,8.4119e-006,1.9659e-005,0.00023928,0.0010724,0.0017681,0.0010724,0.00023928,2.6867e-005,0.00023987,0.002915,0.013064,0.021541,0.013079,0.0029804,0.00039809,0.0013837,0.014151,0.060319,0.097605,0.058789,0.013084,0.001073,3.2383e-005,0
0,0,0,0,0,0,5.3391e-005,0.0017681,0.02154,0.096607,0.16117,0.11918,0.11989,0.16204,0.096885,0.021852,0.0029064,0.0029285,0.014623,0.062809,0.11144,0.081195,0.026375,0.0040077,0.00027287,1.4451e-005,3.2383e-005,8.5774e-005,0.0011048,0.013072,0.058551,0.096565,0.059623,0.026129,0.059623,0.096565,0.058551,0.013072,0.0011054,0.00010542,0.00027166,0.0010796,0.0017687,0.0010724,0.00023928,1.9641e-005,5.9312e-007,0,0,3.2383e-005,0.001073,0.013084,0.058789,0.097605,0.060318,0.014137,0.0013117,5.925e-005,0.00023987,0.002915,0.013064,0.021539,0.013064,0.002915,0.00023987,2.6867e-005,0.00023928,0.0010724,0.0017681,0.0010724,0.00024651,0.00031231,0.0046837,0.034604,0.11807,0.17222,0.099448,0.021779,0.0017753,5.3391e-005,0
0,0,0,0,0,0,3.2383e-005,0.0010724,0.013064,0.058583,0.097613,0.071647,0.071675,0.097677,0.058882,0.016012,0.014159,0.022091,0.019999,0.042161,0.1019,0.12268,0.064381,0.013543,0.0010941,6.4766e-005,5.3391e-005,8.5774e-005,0.0017753,0.02154,0.096533,0.15916,0.096772,0.024454,0.014832,0.021593,0.013084,0.0031543,0.0013189,0.0020146,0.003988,0.013311,0.021591,0.013118,0.0029474,0.00024651,7.8188e-006,3.5821e-008,5.9312e-007,6.0617e-005,0.0018077,0.021832,0.09948,0.17223,0.11807,0.034604,0.0046831,0.00032506,0.0010796,0.013064,0.05855,0.096533,0.05855,0.013064,0.0010724,3.2976e-005,7.2436e-006,3.2976e-005,6.0617e-005,6.4766e-005,9.3e-005,0.0011377,0.014144,0.071615,0.15508,0.15508,0.071614,0.014137,0.0011048,3.2383e-005,0
0,0,0,0,0,0,7.2257e-006,0.00023928,0.002915,0.013072,0.021779,0.015999,0.016219,0.022884,0.015919,0.017085,0.059142,0.098009,0.074755,0.096027,0.19699,0.21905,0.10986,0.022652,0.0020403,0.0011258,0.0017681,0.0011048,0.0013117,0.013084,0.058551,0.096534,0.05857,0.013304,0.0021448,0.0018077,0.0013117,0.0031543,0.013116,0.022613,0.026148,0.061705,0.097845,0.060325,0.014137,0.0013189,8.4408e-005,5.4577e-005,5.2025e-005,0.00027889,0.0021777,0.015905,0.072687,0.15532,0.1551,0.071615,0.014137,0.0011582,0.0018005,0.02154,0.09654,0.15919,0.096586,0.021572,0.0017825,8.6367e-005,5.4002e-005,5.2025e-005,0.00024651,0.001073,0.0018215,0.0028477,0.022018,0.099468,0.17222,0.11807,0.034604,0.0046831,0.00029267,7.2257e-006,0
0,0,0,0,0,0,5.9312e-007,1.9641e-005,0.00023928,0.001073,0.0017949,0.0015509,0.0042273,0.014925,0.02462,0.035942,0.10177,0.16626,0.13423,0.1538,0.23283,0.19609,0.080344,0.015079,0.0040408,0.013097,0.021539,0.013072,0.0031543,0.0031543,0.013072,0.021539,0.013065,0.0029223,0.00027166,9.3e-005,0.0011048,0.013072,0.058604,0.098308,0.080329,0.11251,0.17329,0.11811,0.034623,0.0049224,0.0013651,0.0017825,0.0013117,0.0031615,0.013377,0.026223,0.047668,0.12099,0.17246,0.099455,0.021779,0.0018077,0.0011264,0.013084,0.058789,0.097605,0.060319,0.014156,0.0015509,0.0011244,0.0017759,0.0013117,0.0031543,0.013084,0.021572,0.014137,0.015999,0.059029,0.097613,0.060318,0.014137,0.0013117,5.2025e-005,5.9312e-007,0
0,0,0,0,0,0,1.7911e-008,5.9312e-007,7.2257e-006,3.2401e-005,8.6367e-005,0.001112,0.013111,0.058876,0.10056,0.084958,0.097174,0.13788,0.1549,0.1844,0.1722,0.09349,0.027301,0.0051252,0.013343,0.058558,0.096533,0.058551,0.013084,0.0013117,0.0011048,0.0017681,0.0010724,0.00023928,1.9641e-005,5.3984e-005,0.0017681,0.021539,0.096565,0.16026,0.11067,0.093161,0.15688,0.1552,0.071886,0.017059,0.01417,0.021604,0.014137,0.01598,0.058841,0.097852,0.072687,0.073383,0.098678,0.058822,0.013084,0.0010802,0.00027889,0.0031543,0.015979,0.034604,0.034611,0.016219,0.0060694,0.013311,0.021579,0.014137,0.01598,0.058797,0.09658,0.058843,0.016012,0.014151,0.021605,0.013118,0.0029474,0.00024651,7.8188e-006,1.7911e-008,0
5.9312e-007,7.2257e-006,3.2383e-005,5.3391e-005,3.2383e-005,7.2257e-006,5.9312e-007,1.7911e-008,0,0,5.3391e-005,0.0017681,0.021572,0.097613,0.17249,0.15912,0.14598,0.16221,0.22242,0.23609,0.13449,0.039596,0.0078486,0.003392,0.021806,0.096553,0.15916,0.096533,0.02154,0.0017753,8.5774e-005,5.3391e-005,3.2383e-005,7.2257e-006,5.9312e-007,3.2401e-005,0.0010724,0.013065,0.058565,0.096859,0.063306,0.04794,0.12022,0.17405,0.10159,0.035082,0.060345,0.09664,0.060318,0.034604,0.097613,0.15943,0.09948,0.034657,0.02334,0.013125,0.0029156,0.00023989,5.925e-005,0.0013117,0.014137,0.060318,0.097638,0.059862,0.026148,0.059623,0.096619,0.060319,0.034623,0.097845,0.16026,0.098321,0.022851,0.0030797,0.0018411,0.001073,0.0002393,2.0235e-005,7.8188e-006,3.2383e-005,5.3391e-005
1.9641e-005,0.00023928,0.0010724,0.0017681,0.0010724,0.00023928,1.9641e-005,5.9312e-007,0,0,3.2383e-005,0.0010724,0.013118,0.060319,0.11815,0.15712,0.19591,0.20923,0.24351,0.20946,0.10642,0.042087,0.025884,0.014435,0.015988,0.058789,0.09654,0.05855,0.013064,0.0010724,3.2383e-005,1.7911e-008,5.9312e-007,7.2436e-006,3.2976e-005,6.7842e-005,0.00030466,0.0029959,0.013344,0.022711,0.016438,0.021079,0.073901,0.11928,0.073655,0.037546,0.097846,0.15923,0.097605,0.034604,0.060319,0.096606,0.058789,0.014137,0.0028404,0.0011048,0.00023928,1.9659e-005,5.4577e-005,0.0017753,0.021572,0.096586,0.15924,0.098315,0.043112,0.098354,0.15927,0.09762,0.034851,0.063266,0.1097,0.080123,0.026143,0.0040204,0.00032507,3.9609e-005,7.8188e-006,2.0235e-005,0.0002393,0.0010724,0.0017681
0.00023987,0.0029223,0.013097,0.021593,0.013097,0.0029223,0.00023987,7.2436e-006,0,0,7.2436e-006,0.00023989,0.0029552,0.014176,0.034722,0.072787,0.11286,0.12139,0.13581,0.14082,0.13581,0.12112,0.10988,0.05987,0.016012,0.014137,0.021572,0.013064,0.002915,0.00023928,7.2257e-006,5.9312e-007,1.9641e-005,0.00023987,0.001092,0.0020079,0.0021722,0.0025055,0.0053188,0.016185,0.025738,0.030628,0.075914,0.12016,0.073774,0.029284,0.059882,0.09658,0.058789,0.015979,0.014137,0.021573,0.013079,0.0029798,0.00034606,7.1992e-005,1.4451e-005,1.1862e-006,3.2419e-005,0.0010724,0.013064,0.058551,0.096585,0.059862,0.027201,0.061391,0.097646,0.059081,0.017311,0.028275,0.081897,0.1107,0.061758,0.013356,0.001088,4.0202e-005,3.9627e-005,0.00029267,0.0029474,0.013072,0.02154
0.001092,0.013304,0.059623,0.098301,0.059623,0.013304,0.001092,3.2976e-005,1.7911e-008,5.9312e-007,8.4119e-006,7.2259e-005,0.00055882,0.0026557,0.007538,0.017218,0.026078,0.028415,0.04714,0.11337,0.18469,0.19354,0.18072,0.098321,0.021832,0.0028404,0.0018215,0.0010724,0.00023928,1.9641e-005,5.9312e-007,7.2257e-006,0.00023928,0.0029223,0.013304,0.024454,0.026169,0.025774,0.029323,0.074684,0.12042,0.096355,0.12666,0.18378,0.11095,0.027609,0.015091,0.021601,0.013084,0.0031543,0.0013123,0.0017949,0.0013117,0.0013117,0.0017877,0.001073,0.00023928,1.9659e-005,8.4119e-006,0.00024651,0.0029474,0.013125,0.021818,0.016226,0.018895,0.034843,0.034619,0.016292,0.0080845,0.035975,0.12014,0.1744,0.10146,0.022872,0.0020348,0.00031231,0.0011054,0.0028404,0.014137,0.058789,0.096553
0.0020073,0.024454,0.1096,0.1807,0.1096,0.024462,0.0020397,0.00011401,3.2976e-005,2.6867e-005,0.00024712,0.0013195,0.0049302,0.017104,0.035136,0.035748,0.018027,0.0063793,0.015383,0.060775,0.10987,0.11713,0.1096,0.059623,0.013104,0.0011048,8.5774e-005,3.2383e-005,7.2257e-006,5.9312e-007,1.7911e-008,3.2383e-005,0.0010724,0.013097,0.059623,0.1096,0.11719,0.11246,0.094466,0.16932,0.26071,0.18238,0.15204,0.19604,0.11727,0.026382,0.0032183,0.0018329,0.001073,0.00024651,5.925e-005,0.00029327,0.0029474,0.013072,0.02154,0.013064,0.002915,0.00023987,2.746e-005,0.00025892,0.0013117,0.0028728,0.0039134,0.014396,0.059048,0.097626,0.060352,0.015263,0.015717,0.073075,0.15993,0.16932,0.093415,0.02723,0.0042597,0.0031867,0.013125,0.023307,0.034604,0.099448,0.1594
0.0021448,0.026129,0.1171,0.19307,0.11712,0.026368,0.0032172,0.0018328,0.0010796,0.00047856,0.0029671,0.01417,0.035676,0.084679,0.15801,0.15536,0.071722,0.014494,0.00412,0.013376,0.024462,0.026129,0.024454,0.013304,0.0029223,0.00023928,7.2257e-006,0,1.7911e-008,6.2894e-007,8.4119e-006,0.00010023,0.0018862,0.021732,0.098373,0.18071,0.19316,0.18378,0.13584,0.19004,0.2821,0.19466,0.14926,0.18578,0.11078,0.024709,0.0020918,0.00016799,6.4766e-005,1.4451e-005,3.3569e-005,0.0010724,0.013064,0.05855,0.096533,0.05855,0.013064,0.0010796,0.00027168,0.0029156,0.013072,0.021625,0.014886,0.024487,0.096787,0.1592,0.096648,0.023626,0.02698,0.11578,0.21036,0.19183,0.13453,0.063544,0.014438,0.014144,0.058615,0.097605,0.071614,0.071614,0.097605
0.0020073,0.024454,0.1096,0.1807,0.10984,0.027369,0.015072,0.0216,0.013097,0.0039874,0.013357,0.060379,0.11984,0.17662,0.26877,0.257,0.11918,0.025095,0.0031337,0.0013847,0.002027,0.0021454,0.0020079,0.0010993,0.00027226,7.3032e-005,3.2976e-005,7.2257e-006,1.1862e-006,2.0846e-005,0.00027858,0.0015839,0.0049924,0.017738,0.06206,0.11013,0.11722,0.11199,0.088906,0.14622,0.23007,0.16796,0.11479,0.12514,0.073018,0.016465,0.0024037,0.0018083,0.0010724,0.00023928,7.3032e-005,0.0017687,0.021539,0.096533,0.15916,0.096533,0.021539,0.0018004,0.0011258,0.013064,0.058551,0.096573,0.059655,0.026182,0.059655,0.096573,0.05863,0.015688,0.033104,0.14527,0.25876,0.24153,0.19219,0.099449,0.023406,0.023308,0.096594,0.1594,0.099448,0.034604,0.023307
0.001092,0.013304,0.059623,0.098333,0.060695,0.026368,0.059642,0.096566,0.058604,0.014832,0.022644,0.09767,0.17329,0.16815,0.17686,0.15977,0.084732,0.035677,0.014176,0.0029804,0.0002999,7.2585e-005,8.0258e-005,0.00027226,0.0010796,0.0017687,0.0010724,0.00023928,2.6867e-005,0.00025433,0.0033942,0.018921,0.048147,0.060138,0.044115,0.031596,0.026915,0.026548,0.03907,0.1267,0.24257,0.2232,0.15489,0.13322,0.07302,0.018934,0.014377,0.021579,0.013064,0.002915,0.00027166,0.0010796,0.013064,0.05855,0.096533,0.05855,0.013064,0.0011258,0.0018004,0.02154,0.096553,0.1594,0.097845,0.026223,0.015905,0.021832,0.013209,0.0070678,0.050855,0.22778,0.38686,0.2853,0.14715,0.062742,0.014263,0.014137,0.058583,0.096553,0.058789,0.014137,0.0028404
0.00023987,0.0029223,0.013097,0.021646,0.014865,0.024462,0.096773,0.15916,0.096565,0.022612,0.01484,0.05885,0.099687,0.074562,0.04874,0.04874,0.074562,0.099687,0.058797,0.013072,0.0010724,3.9609e-005,0.00023928,0.002915,0.013064,0.021539,0.013064,0.002915,0.00027166,0.0011444,0.015216,0.084919,0.21657,0.26493,0.15283,0.042326,0.0073023,0.0034646,0.016179,0.081488,0.19669,0.24059,0.20745,0.18359,0.10048,0.034896,0.060338,0.096594,0.058583,0.013118,0.001112,0.00027889,0.0029156,0.013064,0.021539,0.013064,0.002915,0.00027166,0.0010796,0.013072,0.058789,0.099449,0.071634,0.034843,0.015209,0.0047155,0.0014514,0.0048747,0.056409,0.25293,0.41953,0.26575,0.077922,0.0177,0.0032941,0.0031543,0.013072,0.02154,0.013072,0.0029474,0.00029267
1.9641e-005,0.00023928,0.0010724,0.0018004,0.0021448,0.013305,0.058584,0.096598,0.058664,0.013368,0.0040025,0.013118,0.021798,0.014429,0.0075236,0.024619,0.097852,0.15941,0.096553,0.02154,0.0017681,8.5774e-005,0.0010724,0.013064,0.05855,0.096533,0.05855,0.013064,0.0011258,0.0019072,0.025108,0.14068,0.36531,0.47364,0.31224,0.10523,0.017798,0.0017513,0.0040797,0.026201,0.081217,0.1227,0.12006,0.10994,0.06143,0.034644,0.097626,0.15943,0.097605,0.023307,0.002841,0.00031231,0.00025892,0.001073,0.0017681,0.0010724,0.00023928,2.6867e-005,0.00023987,0.0029474,0.014137,0.034604,0.071615,0.099455,0.058822,0.013125,0.0011768,0.0024243,0.029052,0.13022,0.2149,0.13127,0.030819,0.0034576,0.00033093,0.00025892,0.001073,0.0017681,0.0010724,0.00023928,1.9641e-005
5.9312e-007,7.2257e-006,3.2383e-005,6.0617e-005,0.00027285,0.0029616,0.013543,0.023685,0.016608,0.0051118,0.0010105,0.0011519,0.0017843,0.001145,0.0013975,0.01317,0.05859,0.096541,0.058551,0.013064,0.0010724,8.5774e-005,0.0017681,0.021539,0.096533,0.15916,0.096533,0.021539,0.0018004,0.0011905,0.015262,0.086454,0.23541,0.35106,0.30238,0.14527,0.036781,0.0047747,0.00077123,0.0040019,0.015072,0.025527,0.026368,0.024506,0.014377,0.015994,0.059029,0.099455,0.071614,0.034604,0.014137,0.002948,0.00024651,3.9609e-005,5.3391e-005,3.2383e-005,7.2257e-006,1.1862e-006,1.9659e-005,0.00029267,0.0028404,0.023307,0.097605,0.1594,0.096553,0.02154,0.0017831,0.00055159,0.0060694,0.027202,0.044854,0.027233,0.0061228,0.0005306,2.2863e-005,7.8188e-006,3.2401e-005,5.3391e-005,3.2383e-005,7.2257e-006,5.9312e-007
0,1.7911e-008,5.9312e-007,7.8188e-006,6.6476e-005,0.00077123,0.0069354,0.027924,0.044391,0.027441,0.007625,0.0015839,0.00030712,5.925e-005,0.0002471,0.0029156,0.013064,0.021539,0.013064,0.002915,0.00023928,3.9609e-005,0.0010724,0.013064,0.05855,0.096533,0.05855,0.013064,0.0010796,0.00028612,0.003426,0.019999,0.061805,0.12776,0.18413,0.16115,0.0721,0.014152,0.0011316,0.00030464,0.0011454,0.0020397,0.002152,0.0020152,0.0013313,0.0031873,0.014156,0.034604,0.071614,0.099448,0.058789,0.013072,0.0010724,3.2383e-005,0,0,0,1.7911e-008,5.9312e-007,3.9609e-005,0.0011048,0.013118,0.058583,0.09654,0.058551,0.013064,0.0010736,7.2259e-005,0.00048579,0.0021772,0.0035895,0.0021772,0.00048579,3.9876e-005,1.2041e-006,0,0,0,0,0,0
5.3391e-005,3.2976e-005,2.6867e-005,0.00023989,0.0011378,0.0039201,0.027241,0.11763,0.19603,0.13017,0.047669,0.015209,0.0029798,0.00023987,2.6867e-005,0.00023928,0.0010724,0.0017681,0.0010724,0.00023928,1.9641e-005,7.8188e-006,0.00023928,0.002915,0.013064,0.021539,0.013064,0.002915,0.00023987,2.8053e-005,0.00028579,0.0018436,0.0085959,0.039212,0.12046,0.17272,0.099488,0.02178,0.0017759,6.0634e-005,3.2976e-005,6.0617e-005,6.4766e-005,6.121e-005,5.2618e-005,0.00029992,0.002841,0.023307,0.097605,0.1594,0.096553,0.02154,0.0017681,5.3391e-005,0,0,0,0,0,7.2257e-006,0.00023928,0.002915,0.013064,0.021539,0.013064,0.002915,0.00023932,8.4119e-006,1.4451e-005,6.4766e-005,0.00010678,6.4766e-005,1.4451e-005,1.1862e-006,3.5821e-008,0,0,0,0,0,0
0.0017681,0.0010796,0.00047856,0.0029347,0.013172,0.025076,0.056176,0.19705,0.33162,0.25162,0.13961,0.062086,0.013171,0.0010724,3.2976e-005,7.2257e-006,3.2383e-005,5.3391e-005,3.2383e-005,7.2257e-006,5.9312e-007,6.1103e-007,1.9641e-005,0.00023928,0.0010724,0.0017681,0.0010724,0.00023928,1.9659e-005,1.2221e-006,9.005e-006,9.8859e-005,0.0014298,0.014276,0.06039,0.09762,0.058791,0.013084,0.001073,3.2383e-005,0,0,0,1.7911e-008,5.9312e-007,3.9609e-005,0.0011048,0.013118,0.058583,0.09654,0.058551,0.013064,0.0010724,3.2383e-005,0,0,0,0,0,5.9312e-007,1.9641e-005,0.00023928,0.0010724,0.0017681,0.0010724,0.00023928,1.9641e-005,5.9312e-007,0,0,0,0,0,0,0,0,0,0,0,0,0
0.021539,0.013097,0.0039874,0.013304,0.058622,0.098678,0.084732,0.13193,0.21568,0.21367,0.18528,0.098678,0.021604,0.0017681,5.3391e-005,0,0,0,0,0,0,1.7911e-008,5.9312e-007,7.2257e-006,3.2383e-005,5.3391e-005,3.2383e-005,7.2257e-006,5.9312e-007,1.7911e-008,1.7911e-008,7.8188e-006,0.00024651,0.0029474,0.013118,0.021572,0.013072,0.0029156,0.0002393,7.2257e-006,0,0,0,0,0,7.2257e-006,0.00023928,0.002915,0.013064,0.021539,0.013064,0.002915,0.00023928,7.2257e-006,0,0,0,0,0,1.7911e-008,5.9312e-007,7.2257e-006,3.2383e-005,5.3391e-005,3.2383e-005,7.2257e-006,5.9312e-007,1.7911e-008,0,0,0,0,0,0,0,0,0,0,0,0,0
0.096533,0.058604,0.014832,0.022612,0.09658,0.15963,0.1024,0.04874,0.057911,0.084732,0.10236,0.059029,0.013079,0.0010724,3.2383e-005,0,0,0,0,0,0,0,0,0,0,0,0,0,0,0,0,5.9312e-007,1.9641e-005,0.00023928,0.0010724,0.0017681,0.0010724,0.00023928,1.9641e-005,5.9312e-007,0,0,0,0,0,5.9312e-007,1.9641e-005,0.00023928,0.0010724,0.0017681,0.0010724,0.00023928,1.9641e-005,5.9312e-007,0,0,0,0,0,0,0,0,0,0,0,0,0,0,0,0,0,0,0,0,0,0,0,0,0,0,0
0.15916,0.096565,0.022612,0.014832,0.058605,0.096572,0.059036,0.015448,0.0075236,0.015241,0.022018,0.013104,0.0029162,0.00023928,7.2257e-006,0,0,0,0,0,0,0,0,0,0,0,0,0,0,0,0,1.7911e-008,5.9312e-007,7.2257e-006,3.2383e-005,5.3391e-005,3.2383e-005,7.2257e-006,5.9312e-007,1.7911e-008,0,0,0,0,0,1.7911e-008,5.9312e-007,7.2257e-006,3.2383e-005,5.3391e-005,3.2383e-005,7.2257e-006,5.9312e-007,1.7911e-008,0,0,0,0,0,0,0,0,0,0,0,0,0,0,0,0,0,0,0,0,0,0,0,0,0,0,0
