Data properties:
 
Recording date: 02/05/2008
Recording time : 13:42:54:500 (corresponds to time 0)
Study: AlasdairTPOnlyRoughness
Subject: ED
Recording: EB4
Screen resolution: 1600 x 1200
Coordinate unit: Pixels
 
 
Filter settings:
 
Eye: Average
Validity level: Normal
Fixation radius: 50
Min duration: 100
 
Fix number	Timestamp	Duration	GazepointX	GazepointY
 
1	134	100	860	493
2	253	140	765	554
3	612	638	834	513
4	1469	538	830	530
5	2028	279	894	460
6	2347	239	630	474
7	2606	479	558	486
8	3343	100	850	461
9	3463	618	804	479
10	4101	199	711	437
11	4320	797	836	493
12	5138	119	695	525
13	5277	578	607	695
14	6095	1176	816	511
15	7291	618	850	536
16	7929	159	766	528
17	8108	279	705	869
18	8407	239	526	361
19	8686	159	848	344
20	8866	339	913	340
21	9524	1116	803	463
22	10660	658	821	437
23	11338	179	749	527
24	11557	219	527	505
25	11816	179	502	824
26	12036	259	673	179
27	12315	159	734	234
28	12494	319	788	235
29	13033	179	818	386
30	13232	1057	798	464
31	14309	558	838	527
32	14907	359	930	600
33	15624	1216	805	458
34	16860	219	860	286
35	17100	259	786	367
36	17379	219	872	209
37	17638	259	1097	515
38	17937	299	851	663
39	18256	279	1042	852
40	18555	219	706	887
41	18814	160	593	381
42	19014	239	702	895
43	19273	299	616	910
44	20050	179	752	536
45	20250	897	805	467
46	21167	239	823	414
47	21426	279	848	370
48	21745	179	1020	191
49	21964	578	439	510
50	22782	1037	802	480
51	23838	259	796	459
52	24117	479	817	439
53	24636	419	931	518
54	25313	638	801	473
55	25971	399	860	523
56	26390	738	816	434
57	27147	219	740	429
58	27387	100	791	515
59	27506	319	712	645
60	27865	419	969	580
61	28324	199	877	1001
62	28583	239	603	507
63	28882	159	844	189
64	29081	159	583	596
65	29261	857	602	491
66	30437	259	769	424
67	30716	937	828	494
68	31673	279	799	497
69	31972	239	831	466
70	32311	120	938	684
71	32451	199	984	654
72	33128	120	762	422
73	33288	199	805	524
74	33507	1196	824	501
75	34843	339	721	391
76	35481	259	797	461
77	35760	538	829	506
78	36318	937	784	450
79	37275	179	697	429
80	37475	479	583	445
81	38272	1017	805	514
82	39309	1894	786	417
83	41402	479	801	493
84	41900	538	796	444
85	42459	259	750	387
86	42738	140	672	404
87	42917	159	613	654
88	43097	598	608	741
89	43934	1136	801	509
90	45090	219	804	397
91	45330	419	779	442
92	45768	179	702	481
93	45987	837	418	533
94	47104	1675	805	483
95	48798	239	634	424
96	49078	259	472	768
97	49357	738	714	780
98	50314	1814	805	515
99	52247	558	850	199
100	53005	1794	807	472
101	54919	558	838	815
102	55716	1575	807	492
103	57311	279	758	437
104	57610	239	719	567
105	57869	319	613	723
106	58228	140	934	859
107	58408	439	577	713
108	58906	279	886	285
109	59305	199	1000	135
110	59544	299	1256	672
111	59863	259	1156	836
112	60142	100	1039	861
113	60282	299	792	347
114	60621	179	553	429
115	60820	140	467	478
116	61000	299	948	180
117	61339	339	807	213
118	61697	319	643	359
119	62036	359	517	208
120	62455	239	490	767
121	62734	219	468	949
122	62993	319	922	842
123	63352	279	1034	587
124	63651	179	1078	423
125	63870	379	872	698
126	64269	419	742	751
127	64728	279	752	515
128	65027	160	748	478
129	65226	359	1007	492
130	65605	279	1062	134
131	65924	379	930	109
132	66323	279	760	201
133	66741	299	1227	438
134	67100	279	554	464
135	67399	179	675	351
136	67599	179	629	365
137	67818	279	479	143
138	68137	279	1085	44
139	68456	459	768	253
140	68954	319	769	734
141	69313	239	1036	733
142	69592	259	664	1028
143	70031	259	1244	763
144	70310	199	1190	793
145	70549	379	765	529
146	70948	339	597	629
147	71307	678	667	597
148	72483	877	818	501
149	73380	259	696	453
150	73659	458	802	493
151	74158	159	651	874
152	74337	558	692	949
153	75434	259	778	560
154	75713	1336	815	495
155	77068	239	771	399
156	77347	259	720	843
157	77627	538	843	954
158	78424	1794	815	520
159	80298	598	897	630
160	81235	618	847	515
161	81873	1017	813	528
162	82910	419	780	393
163	83627	538	805	460
164	84186	319	798	511
165	84525	977	801	435
166	85521	159	820	520
167	85721	459	928	660
168	86498	917	808	533
169	87435	877	822	516
170	88332	140	801	512
171	88512	897	643	719
172	89728	1894	820	510
173	91662	279	618	185
174	91981	180	982	648
175	92200	658	483	346
176	93476	1495	816	505
177	94991	159	701	517
178	95171	239	920	489
179	95569	259	953	195
180	95868	299	849	69
181	96207	139	599	396
182	96387	459	763	132
183	97224	1236	801	466
184	98480	199	859	450
185	98699	279	786	479
186	98998	159	776	725
187	99178	578	861	695
188	100035	1754	797	469
189	101809	518	699	448
190	102687	299	828	468
191	103006	1176	779	437
192	104202	239	839	431
193	104481	379	624	893
194	104900	219	706	187
195	105139	140	864	108
196	105298	299	712	131
197	105637	120	969	215
198	105797	279	1153	89
199	106116	658	760	311
200	107252	937	793	438
201	108209	1336	756	395
202	109824	1256	795	454
203	111100	179	823	372
204	111299	259	790	433
205	111578	100	665	449
206	111698	538	774	641
207	112515	937	804	499
208	113472	797	807	452
209	114309	159	576	350
210	114489	319	584	317
211	115087	718	801	484
212	115825	399	815	532
213	116243	618	816	431
214	116901	140	534	326
215	117061	339	458	308
216	117619	837	789	471
217	118476	299	813	508
218	118795	678	794	408
219	119493	139	600	275
220	119672	259	667	101
221	120051	478	716	75
222	120729	159	829	419
223	120908	1256	801	473
224	122184	239	762	460
225	122444	179	808	489
226	122663	179	985	735
227	122882	199	505	945
228	123580	957	806	471
229	124557	578	793	377
230	125275	498	885	642
231	126132	578	812	497
232	126730	499	889	519
233	127248	259	789	460
234	127527	339	823	429
235	127886	100	759	294
236	128026	159	605	766
237	128205	279	524	817
238	128524	199	998	801
239	128763	239	839	329
240	129022	120	808	286
241	129182	259	785	110
242	129481	259	1247	42
243	129780	279	819	484
244	130079	179	694	490
245	130279	159	752	309
246	130478	439	624	495
247	131375	239	796	477
248	131634	618	827	520
249	132272	219	759	474
250	132511	439	790	473
251	132970	100	514	487
252	133110	179	930	231
253	133329	518	549	276
254	134186	199	761	461
255	134405	1316	795	488
256	135741	179	812	502
257	135940	159	730	319
258	136140	219	875	669
259	136399	279	745	244
260	137117	1595	806	499
261	138732	419	866	422
262	139569	1615	808	502
263	141204	419	805	402
264	142001	877	812	529
265	142898	738	810	497
266	143656	299	779	336
267	143975	239	676	797
268	144234	179	889	695
269	144433	140	1017	580
270	144613	199	1193	337
271	144852	140	1034	467
272	145131	100	1152	134
273	145271	658	577	171
274	145948	319	764	143
275	146307	439	529	422
276	146766	279	604	681
277	147065	319	748	591
278	147424	259	1038	588
279	147723	618	976	599
280	148381	179	936	996
281	148580	179	985	968
282	148799	319	502	919
283	149138	419	622	816
284	149597	100	501	751
285	149736	179	465	832
286	149996	279	726	404
287	150295	279	679	342
288	150594	139	744	281
289	150753	279	982	308
290	151072	458	756	459
291	151551	598	688	548
292	152189	239	846	581
293	152448	439	951	483
294	152926	199	810	132
295	153146	160	726	91
296	153604	139	1139	171
297	153983	199	858	9
298	154222	319	422	470
299	154581	259	807	531
300	154860	319	953	598
301	155199	120	1018	621
302	155359	279	635	747
303	155677	319	941	944
304	156096	279	1170	921
305	156415	279	1191	500
306	156714	239	1118	477
307	156993	279	763	334
308	157292	339	671	329
309	157671	279	969	308
310	157990	379	757	329
311	158389	120	728	388
312	158548	279	970	372
313	158867	219	697	125
314	159107	319	774	99
315	159446	299	554	217
316	159904	379	984	41
317	160303	718	986	124
318	161040	179	1034	190
319	161280	339	595	504
320	161639	359	564	446
321	162017	379	396	638
322	162436	359	621	697
323	162815	439	572	812
324	163273	419	583	908
325	163832	319	894	602
326	164170	578	1037	579
327	164788	299	1223	346
328	165107	259	1210	107
329	165387	279	1087	36
330	165705	359	761	70
331	166084	179	634	107
332	166284	219	577	128
333	166543	239	688	225
334	166802	199	752	350
335	167041	359	969	303
336	167420	419	775	264
337	167879	199	654	574
338	168098	319	755	538
339	168437	419	834	881
340	168875	120	806	955
341	169015	239	891	1056
342	169294	379	570	985
343	169832	199	953	183
344	170052	299	994	15
345	170371	718	750	77
346	171128	259	891	326
347	171407	159	1001	327
348	171587	239	867	407
349	171846	179	951	562
350	172045	618	956	627
351	172703	339	1119	414
352	173062	299	946	507
353	173401	120	793	716
354	173560	598	962	532
355	174577	1675	839	494
356	176292	578	632	549
357	176910	1994	794	509
358	178923	598	644	534
359	179820	1316	803	533
360	181156	419	804	487
361	181595	299	668	434
362	181914	179	624	524
363	182173	199	723	567
364	182412	179	1011	864
365	182612	100	1031	913
366	182751	199	982	282
367	182970	239	780	213
368	183250	319	607	489
369	183588	219	445	526
370	183868	259	992	541
371	184147	159	915	556
372	184326	319	769	657
373	184665	299	682	426
374	185004	319	833	190
375	185363	399	648	696
376	185781	179	495	845
377	186001	159	382	885
378	186200	339	933	562
379	186559	359	775	585
380	186958	299	1162	571
381	187277	219	965	695
382	187536	239	982	159
383	187795	379	907	104
384	188194	359	827	370
385	188712	439	1113	235
386	189191	518	667	374
387	189749	239	761	62
388	190008	439	810	53
389	190506	299	588	562
390	190845	199	781	746
391	191065	419	703	509
392	191503	179	618	468
393	191723	578	960	679
394	192380	379	922	856
395	192799	319	1197	883
396	193278	299	1060	538
397	193597	120	1076	503
398	193756	658	936	491
399	194454	817	860	669
400	195590	1734	825	512
401	197345	618	705	434
402	198282	937	804	519
403	199259	439	716	412
404	199717	279	793	501
405	200016	239	691	501
406	200275	279	523	839
407	200594	159	396	656
408	200794	219	853	246
409	201033	199	948	197
410	201252	179	891	39
411	201491	239	672	539
412	201751	279	887	684
413	202069	239	1017	886
414	202428	279	1085	485
415	202727	140	843	510
416	202907	618	1223	555
417	203884	1017	797	473
418	204920	239	903	396
419	205180	479	850	425
420	205678	219	851	511
421	205917	179	765	737
422	206136	678	889	647
423	207273	299	801	506
424	207592	797	805	511
425	208409	478	846	424
426	208908	498	931	389
427	209745	1236	825	484
428	211001	299	859	517
429	211320	140	865	476
430	211479	179	777	333
431	211679	100	750	292
432	211799	618	734	158
433	212636	937	807	497
434	213593	479	793	428
435	214091	199	826	225
436	214310	319	749	290
437	214669	219	622	703
438	214929	259	941	659
439	215228	219	1074	567
440	215487	439	927	658
441	215945	199	1181	797
442	216184	399	618	453
443	216623	259	797	96
444	216902	179	715	196
445	217122	219	1114	278
446	217361	179	1025	343
447	217560	179	1134	451
448	217760	299	1219	116
449	218118	279	713	681
450	218417	439	740	614
451	219235	219	789	452
452	219474	1575	813	545
453	221169	578	839	361
454	222066	877	805	525
455	222963	777	840	427
456	223760	179	812	319
457	223980	140	577	540
458	224139	558	641	566
459	225136	1176	807	508
460	226512	319	836	526
461	226850	738	718	685
462	227608	299	786	550
463	228186	578	813	530
464	228784	817	829	537
465	229622	120	817	433
466	229781	140	1112	492
467	229941	299	1179	514
468	230698	718	827	537
469	231436	219	847	540
470	231675	618	798	520
471	232313	738	708	504
472	233350	1136	806	527
473	234506	159	968	439
474	234686	439	813	491
475	235164	558	816	923
476	236021	1017	805	515
477	237058	279	803	412
478	237357	379	795	343
479	237776	199	767	87
480	238015	299	1049	150
481	238334	159	899	220
482	238513	219	1025	159
483	238872	698	833	550
484	239729	479	844	531
485	240228	498	788	533
486	240746	837	650	705
487	241823	1854	829	520
488	243697	459	840	410
489	244335	1136	828	463
490	245491	179	827	441
491	245690	498	811	419
492	246229	179	532	448
493	246428	279	422	500
494	246986	179	759	471
495	247186	1635	807	506
496	248860	199	647	466
497	249080	219	763	276
498	249339	519	483	801
499	250136	1336	809	531
500	251492	459	843	493
501	251970	578	893	274
502	252788	1774	803	537
503	254582	159	656	505
504	254761	658	738	241
505	255718	1774	806	528
506	257533	498	959	683
507	258310	1415	806	536
508	259746	199	830	481
509	259965	160	806	428
510	260164	199	501	268
511	260403	199	599	768
512	260643	299	956	822
513	260982	239	846	374
514	261241	259	790	476
515	261520	139	651	344
516	261679	439	615	369
517	262557	1057	796	518
518	263633	259	835	525
519	263932	299	825	347
520	264271	279	638	391
521	264570	259	825	767
522	264869	877	582	251
523	266065	1076	805	522
524	267162	159	762	440
525	267341	459	802	465
526	267919	100	1046	346
527	268039	139	1051	403
528	268199	698	1072	437
529	269155	279	882	495
530	269455	359	793	379
531	269853	399	682	265
532	270272	359	745	357
533	270671	120	687	141
534	270830	139	488	305
535	270990	239	512	360
536	271588	1057	800	511
537	272684	199	851	295
538	272904	219	879	368
539	273143	179	823	441
540	273362	479	690	379
541	274060	299	806	459
542	274379	977	819	532
543	275376	498	777	407
544	275894	738	568	578
545	276811	179	765	511
546	277010	1635	807	514
547	278685	379	575	576
548	279084	279	822	624
549	279403	199	481	783
550	279642	120	738	931
551	279782	439	711	920
552	280479	1096	777	556
553	281596	678	800	579
554	282313	120	540	651
555	282473	219	812	971
556	282732	259	780	377
557	283031	299	587	413
558	283350	159	530	549
559	283530	518	890	514
560	284088	259	947	130
561	284387	179	1157	238
562	284606	339	756	452
563	284985	518	1166	895
564	285543	179	859	957
565	285902	159	857	677
566	286082	917	1059	636
567	287278	459	796	472
568	287756	279	820	521
569	288055	997	807	445
570	289092	159	699	415
571	289271	140	762	236
572	289431	199	622	301
573	289650	379	636	297
574	290288	100	760	436
575	290727	558	827	537
576	291305	199	718	374
577	291524	498	767	397
578	292043	219	728	250
579	292282	638	681	140
580	293179	917	817	524
581	294116	239	765	330
582	294375	199	743	176
583	294594	419	654	184
584	295133	399	861	632
585	295990	957	802	514
586	296987	219	719	200
587	297226	339	708	262
588	297585	120	557	186
589	297744	140	614	727
590	297904	259	674	755
591	298362	1037	803	520
592	299419	658	799	405
593	300097	140	786	389
594	300356	459	556	351
595	301094	1415	802	475
596	302549	299	787	310
597	302888	160	606	212
598	303067	479	553	210
599	303845	1475	797	516
600	305340	219	795	477
601	305579	159	719	369
602	305779	159	944	502
603	305958	399	987	497
604	306596	1136	810	529
605	307752	618	814	497
606	308390	100	741	443
607	308510	459	1027	713
608	309288	1754	810	529
609	311062	120	720	542
610	311201	179	600	508
611	311401	479	583	466
612	312158	1814	806	526
613	313992	120	606	478
614	314132	738	674	610
615	315149	1774	811	536
616	317003	658	1098	458
617	317960	1934	811	536
618	319934	738	1062	430
619	320910	1715	822	537
620	322645	319	726	537
621	322984	219	671	236
622	323243	199	1060	151
623	323482	120	1178	121
624	323642	319	718	468
625	323981	159	689	606
626	324180	658	805	647
627	325177	1714	808	523
628	326931	259	674	520
629	327210	239	834	566
630	327469	459	699	491
631	327948	618	559	633
632	329025	1675	809	548
633	330719	239	675	580
634	330998	199	1029	494
635	331238	638	771	301
636	332155	1655	811	558
637	333849	179	798	341
638	334048	159	820	193
639	334228	399	940	699
