0,0,0,0,0,0,0,0,0,0,0,1.7911e-008,5.9312e-007,7.2257e-006,3.2383e-005,5.3391e-005,3.2383e-005,7.2257e-006,5.9312e-007,1.7911e-008,1.7911e-008,5.9312e-007,7.8188e-006,5.2025e-005,0.00029267,0.001112,0.0020146,0.003988,0.013304,0.021559,0.013065,0.002915,0.00029267,0.0017825,0.021779,0.099448,0.17222,0.11807,0.034604,0.0046831,0.00029267,7.2257e-006,0,0,0,0,0,0,0,0,0,0,0,0,0,0,0,0,0,0,0,0,0,0,0,0,0,0,0,0,0
0,0,0,0,0,0,0,0,0,0,0,5.9312e-007,1.9641e-005,0.00023928,0.0010724,0.0017681,0.001073,0.00024651,5.2025e-005,5.3984e-005,3.2976e-005,2.6867e-005,0.0002471,0.0013117,0.0046831,0.014169,0.022851,0.026148,0.061466,0.096772,0.058557,0.013064,0.0011048,0.0011372,0.014137,0.071614,0.15508,0.15508,0.071614,0.014137,0.0011048,3.2383e-005,0,0,1.7911e-008,5.9312e-007,7.2257e-006,3.2383e-005,5.3391e-005,3.2383e-005,7.2257e-006,5.9312e-007,1.7911e-008,0,0,0,0,0,0,0,0,0,0,0,0,0,0,0,0,0,0
0,0,0,0,0,0,0,0,0,0,0,7.2257e-006,0.00023928,0.002915,0.013064,0.02154,0.013084,0.0031543,0.0013117,0.0017753,0.0010796,0.00047856,0.0029671,0.014137,0.034604,0.071668,0.10122,0.080329,0.1096,0.16023,0.096565,0.021539,0.0017753,0.00034606,0.0046831,0.034604,0.11807,0.17222,0.099448,0.021779,0.0017753,5.3391e-005,0,0,5.9312e-007,1.9641e-005,0.00023928,0.0010724,0.0017687,0.0010796,0.00027166,7.3032e-005,3.2976e-005,7.2257e-006,5.9312e-007,1.7911e-008,0,0,0,0,0,1.7911e-008,5.9312e-007,7.2257e-006,3.2383e-005,5.3391e-005,3.2383e-005,7.2257e-006,5.9312e-007,1.7911e-008,0
0,0,0,0,0,0,0,0,0,0,0,3.2383e-005,0.0010724,0.013064,0.05855,0.09654,0.058789,0.015979,0.014137,0.021572,0.013097,0.0039874,0.013357,0.060325,0.11807,0.15512,0.17329,0.11067,0.080122,0.098301,0.058604,0.013064,0.001073,8.4408e-005,0.0013117,0.014137,0.060319,0.097613,0.058822,0.013137,0.0011054,3.9609e-005,5.9312e-007,1.7911e-008,7.2257e-006,0.00023928,0.002915,0.013065,0.021559,0.013304,0.0039947,0.0020397,0.001133,0.00027166,2.6867e-005,1.1862e-006,1.7911e-008,0,0,0,0,5.9312e-007,1.9641e-005,0.00023928,0.0010724,0.0017681,0.0010724,0.00023928,1.9641e-005,5.9312e-007,0
0,0,0,0,0,0,0,0,0,0,0,5.3391e-005,0.0017681,0.021539,0.096533,0.15919,0.097605,0.034604,0.060318,0.096586,0.058604,0.014832,0.022644,0.097638,0.17222,0.15509,0.11831,0.063234,0.026189,0.022644,0.01315,0.0029474,0.00024652,1.5638e-005,0.00024652,0.002948,0.013137,0.021811,0.014144,0.0046837,0.0013117,0.00024651,1.9641e-005,5.9312e-007,3.2383e-005,0.0010724,0.013064,0.058557,0.096773,0.061485,0.026368,0.023684,0.014865,0.0039874,0.00047856,2.6867e-005,5.9312e-007,0,0,0,0,7.2257e-006,0.00023928,0.002915,0.013064,0.021539,0.013064,0.002915,0.00023928,7.2257e-006,0
0,0,0,0,0,0,0,0,0,0,0,3.2383e-005,0.0010724,0.013065,0.058557,0.096619,0.060372,0.034636,0.097613,0.15919,0.096565,0.022612,0.01484,0.058843,0.099448,0.071615,0.034624,0.014396,0.0042591,0.0030797,0.0028477,0.0013117,0.00026011,3.5279e-005,8.5001e-005,0.00035329,0.0013764,0.0046976,0.014138,0.021779,0.013084,0.0029156,0.00023928,7.2257e-006,5.3391e-005,0.0017681,0.021539,0.096565,0.16024,0.10984,0.083005,0.11137,0.080143,0.026129,0.0039874,0.00027166,7.2257e-006,0,0,0,0,3.2383e-005,0.0010724,0.013064,0.05855,0.096533,0.05855,0.013064,0.0010724,3.2383e-005,0
5.9312e-007,7.2257e-006,3.2383e-005,5.3391e-005,3.2383e-005,7.2257e-006,5.9312e-007,1.7911e-008,0,0,0,7.2257e-006,0.00023987,0.0029347,0.013304,0.022644,0.015905,0.017052,0.059029,0.09656,0.058558,0.013304,0.0039952,0.013149,0.021833,0.014176,0.0047305,0.0016122,0.0032263,0.013145,0.021573,0.013073,0.0029549,0.0007179,0.0021532,0.003583,0.0032819,0.01365,0.058654,0.096549,0.058551,0.013064,0.0010724,3.2383e-005,3.2383e-005,0.0010724,0.013064,0.058604,0.098333,0.081162,0.12266,0.21878,0.1931,0.08009,0.014832,0.0011258,3.2383e-005,0,0,0,0,5.3391e-005,0.0017681,0.021539,0.096533,0.15916,0.096533,0.021539,0.0017681,5.3391e-005,0
1.9641e-005,0.00023928,0.0010724,0.0017681,0.0010724,0.00023928,1.9641e-005,5.9312e-007,0,0,0,5.9312e-007,2.6867e-005,0.00047856,0.0039874,0.01484,0.022851,0.016219,0.015999,0.021779,0.013073,0.0029543,0.00071786,0.0021532,0.003563,0.0024164,0.0016367,0.0029121,0.014145,0.05879,0.096553,0.058565,0.013543,0.0069031,0.026181,0.043371,0.028969,0.029138,0.098084,0.15941,0.096553,0.02154,0.0017681,5.3391e-005,7.2257e-006,0.00023928,0.002915,0.013097,0.022665,0.027897,0.083005,0.19331,0.21771,0.1096,0.022612,0.0018004,5.3391e-005,0,0,0,0,3.2383e-005,0.0010724,0.013064,0.05855,0.096533,0.05855,0.013064,0.0010724,3.2383e-005,0
0.00023928,0.002915,0.013064,0.021539,0.013064,0.002915,0.00023928,7.2257e-006,0,0,0,1.7911e-008,3.2976e-005,0.0010796,0.013097,0.058604,0.096585,0.058797,0.014137,0.0028405,0.001112,0.00047916,0.0029419,0.013105,0.021832,0.016012,0.01604,0.023547,0.034611,0.099448,0.1594,0.096605,0.023684,0.027904,0.11739,0.19601,0.13124,0.060732,0.073759,0.099513,0.058789,0.013072,0.0010724,3.2383e-005,5.9312e-007,1.9641e-005,0.00023928,0.0010796,0.0020397,0.0050598,0.026368,0.080109,0.1096,0.061465,0.013304,0.0010796,3.2383e-005,0,0,0,0,7.2257e-006,0.00023928,0.002915,0.013064,0.021539,0.013064,0.002915,0.00023928,7.2257e-006,0
0.0010724,0.013064,0.05855,0.096533,0.05855,0.013064,0.0010724,3.2383e-005,0,0,0,0,5.3391e-005,0.0017681,0.021539,0.096533,0.15916,0.09654,0.021572,0.0018215,0.00011816,0.0010796,0.013065,0.058583,0.097605,0.071614,0.071647,0.098678,0.071647,0.071614,0.097605,0.058689,0.0166,0.044184,0.19417,0.33138,0.25186,0.14253,0.075151,0.034711,0.014137,0.0029474,0.00023928,7.2257e-006,1.7911e-008,5.9312e-007,7.2257e-006,3.2976e-005,8.0258e-005,0.00051095,0.0039947,0.014833,0.022612,0.013304,0.0029347,0.00023987,7.2257e-006,0,0,0,0,5.9312e-007,1.9641e-005,0.00023928,0.0010724,0.0017681,0.0010724,0.00023928,1.9641e-005,5.9312e-007,0
0.0017681,0.021539,0.096533,0.15916,0.096533,0.021539,0.0017681,5.3391e-005,0,0,0,0,3.2383e-005,0.0010724,0.013064,0.05855,0.096533,0.058551,0.013072,0.0011048,0.00013916,0.0018004,0.021547,0.096587,0.16092,0.11807,0.11808,0.16116,0.099501,0.034604,0.023307,0.013182,0.0050598,0.026421,0.11888,0.21461,0.21365,0.18552,0.09975,0.023372,0.0028404,0.00029267,1.9641e-005,5.9312e-007,0,0,0,1.7911e-008,1.1862e-006,2.6867e-005,0.00027166,0.0011258,0.0018004,0.0010796,0.00023987,1.9659e-005,5.9312e-007,0,0,0,0,1.7911e-008,5.9312e-007,7.2257e-006,3.2383e-005,5.3391e-005,3.2383e-005,7.2257e-006,5.9312e-007,1.7911e-008,0
0.0010724,0.013064,0.05855,0.096533,0.05855,0.013064,0.0010724,3.2383e-005,0,0,0,0,7.2257e-006,0.00023928,0.002915,0.013064,0.02154,0.013084,0.0031543,0.0013117,0.0018077,0.0021448,0.013304,0.058602,0.097606,0.071614,0.071615,0.097625,0.058822,0.014137,0.002841,0.0011264,0.00075023,0.0059355,0.027234,0.05615,0.08468,0.10237,0.059061,0.013132,0.0011048,3.9609e-005,5.9312e-007,1.7911e-008,0,0,0,0,1.7911e-008,5.9312e-007,7.2257e-006,3.2383e-005,5.3391e-005,3.2383e-005,7.2257e-006,5.9312e-007,1.7911e-008,0,0,0,0,0,0,0,0,0,0,0,0,0,0
0.00023928,0.002915,0.013064,0.021539,0.013064,0.002915,0.00023928,7.2257e-006,0,0,0,0,5.9312e-007,1.9641e-005,0.00023928,0.0010724,0.0017753,0.0013117,0.0031543,0.013084,0.021547,0.013304,0.0058301,0.013311,0.021786,0.015979,0.015979,0.021779,0.013079,0.002948,0.00031231,0.00028008,0.0011189,0.0022544,0.0034565,0.0066904,0.015229,0.022019,0.013104,0.0029162,0.00023928,7.2257e-006,0,0,0,0,0,0,0,0,0,0,0,0,0,0,0,0,0,0,0,0,0,0,0,0,0,0,0,0,0
1.9641e-005,0.00023928,0.0010724,0.0017681,0.0010724,0.00023928,1.9641e-005,5.9312e-007,0,0,0,0,1.7911e-008,5.9312e-007,7.2257e-006,3.2383e-005,8.5774e-005,0.0011048,0.013072,0.058551,0.096534,0.05857,0.013304,0.0021454,0.0018201,0.0013117,0.0013117,0.0017877,0.001073,0.00024651,0.00025892,0.0029157,0.013065,0.021554,0.013149,0.0032611,0.0013764,0.0017897,0.0010736,0.00023932,1.9641e-005,5.9312e-007,0,0,0,0,0,0,0,0,0,0,0,0,0,0,0,0,0,0,0,0,0,0,0,0,0,0,0,0,0
5.9312e-007,7.2257e-006,3.2383e-005,5.3391e-005,3.2383e-005,7.2257e-006,5.9312e-007,1.7911e-008,0,0,0,0,0,0,0,0,5.3391e-005,0.0017681,0.021539,0.096534,0.15916,0.096566,0.0216,0.0018328,0.0001146,4.0202e-005,3.9627e-005,5.3984e-005,3.2401e-005,3.9609e-005,0.001073,0.013064,0.05855,0.096533,0.058551,0.013072,0.0011054,9.3e-005,6.4766e-005,6.0617e-005,3.2976e-005,7.2436e-006,5.9312e-007,1.7911e-008,0,0,0,0,0,0,0,0,0,0,0,0,0,0,0,0,0,0,0,0,0,0,0,0,0,0,0
0,0,0,0,0,0,0,0,0,0,0,0,0,3.5821e-008,1.1862e-006,1.4451e-005,9.715e-005,0.0011792,0.01313,0.058585,0.096781,0.059655,0.014886,0.0021772,0.00027889,2.0235e-005,6.1103e-007,0,0,5.3391e-005,0.0017681,0.021539,0.096533,0.15916,0.096533,0.02154,0.0017877,0.00029267,0.0010724,0.0017681,0.0010724,0.00023928,1.9641e-005,5.9312e-007,0,0,0,0,0,0,0,0,0,0,0,0,0,0,0,0,0,0,0,0,0,0,0,0,0,0,0
0,0,0,0,0,0,0,0,0,0,0,0,0,1.1862e-006,3.9319e-005,0.00047975,0.0021664,0.0038402,0.0051744,0.013867,0.024747,0.027203,0.026223,0.014376,0.0031615,0.00025892,7.8188e-006,0,0,3.2383e-005,0.0010724,0.013064,0.05855,0.096533,0.05855,0.013072,0.0013117,0.0029474,0.013064,0.021539,0.013064,0.002915,0.00023928,7.2257e-006,0,0,0,0,0,0,0,0,0,0,0,0,0,0,0,0,0,0,0,0,0,0,0,0,0,0,0
0,0,0,0,0,0,1.7911e-008,5.9312e-007,7.2257e-006,3.2383e-005,5.3391e-005,3.2383e-005,7.2257e-006,1.5044e-005,0.00047977,0.0058694,0.026608,0.045243,0.029944,0.010366,0.018737,0.072794,0.11835,0.071641,0.015981,0.0013117,3.9609e-005,0,0,7.2257e-006,0.00023928,0.002915,0.013064,0.021539,0.013064,0.0029474,0.0013117,0.013072,0.05855,0.096533,0.05855,0.013064,0.0010724,3.2383e-005,0,0,1.7911e-008,5.9312e-007,7.2257e-006,3.2383e-005,5.3391e-005,3.2383e-005,7.2257e-006,5.9312e-007,1.7911e-008,0,0,0,0,0,0,0,0,0,0,0,0,0,0,0,0
0,0,0,0,0,0,5.9312e-007,1.9641e-005,0.00023928,0.0010724,0.0017681,0.0010724,0.00023928,8.4408e-005,0.0021598,0.026607,0.12293,0.2192,0.16029,0.055369,0.043704,0.15743,0.25678,0.15532,0.034623,0.002841,8.5774e-005,0,0,5.9312e-007,1.9641e-005,0.00023928,0.0010724,0.0017681,0.0010724,0.00029267,0.0017877,0.02154,0.096533,0.15916,0.096534,0.021547,0.0018004,0.00010678,3.2383e-005,7.2257e-006,1.1862e-006,1.9659e-005,0.00023928,0.0010724,0.0017681,0.0010724,0.00023928,1.9641e-005,5.9312e-007,0,0,0,0,0,0,0,0,0,0,0,0,0,0,0,0
0,0,0,0,0,0,7.2257e-006,0.00023928,0.002915,0.013064,0.021539,0.013064,0.002915,0.00034606,0.0036081,0.045224,0.21919,0.43542,0.38646,0.16593,0.077333,0.17887,0.26882,0.158,0.034843,0.0028477,8.5774e-005,0,0,1.7911e-008,5.9312e-007,7.2257e-006,3.2383e-005,5.3391e-005,3.2383e-005,3.9609e-005,0.001073,0.013064,0.058551,0.096541,0.058602,0.013357,0.0021772,0.0018077,0.001073,0.0002393,2.6867e-005,0.00023987,0.002915,0.013064,0.021539,0.013064,0.002915,0.00023928,7.2257e-006,0,0,0,0,0,0,0,0,0,0,0,0,0,0,0,0
0,0,0,0,0,0,3.2383e-005,0.0010724,0.013064,0.05855,0.096533,0.05855,0.013064,0.0011372,0.0022839,0.029665,0.16018,0.38616,0.43652,0.23357,0.11975,0.17175,0.17673,0.084679,0.017052,0.001344,3.9609e-005,0,0,0,0,0,0,0,0,7.2257e-006,0.00023928,0.0029156,0.013084,0.021786,0.014376,0.0075981,0.014376,0.021786,0.013084,0.0029156,0.00027166,0.0010796,0.013064,0.05855,0.096533,0.05855,0.013064,0.0010724,3.2383e-005,0,0,0,0,0,0,0,0,0,0,0,0,0,0,0,0
0,0,0,0,0,0,5.3391e-005,0.0017681,0.021539,0.096533,0.15916,0.096533,0.02154,0.0017897,0.0006291,0.0080282,0.05229,0.16024,0.22097,0.14473,0.12629,0.17545,0.11991,0.035676,0.0049224,0.00031231,7.8188e-006,0,0,0,0,0,0,0,0,5.9312e-007,1.9641e-005,0.00024651,0.0013117,0.0047155,0.015209,0.034843,0.071634,0.099449,0.058789,0.013072,0.0011258,0.0018004,0.021539,0.096533,0.15916,0.096533,0.021539,0.0017681,5.3391e-005,0,0,0,0,0,0,0,0,0,0,0,0,0,0,0,0
0,0,0,0,0,0,3.2383e-005,0.0010724,0.013064,0.05855,0.096533,0.058551,0.013084,0.0013129,0.0011585,0.0027252,0.0090472,0.029936,0.046316,0.039692,0.064666,0.098117,0.060386,0.014169,0.0013189,5.2618e-005,6.1103e-007,0,0,0,0,0,0,0,0,1.7911e-008,5.9312e-007,3.9609e-005,0.0011048,0.013171,0.060351,0.11808,0.15508,0.17222,0.097605,0.021572,0.0018004,0.0011258,0.013064,0.05855,0.096533,0.05855,0.013064,0.0010724,3.2383e-005,0,0,0,0,0,0,0,0,0,0,0,0,0,0,0,0
7.2257e-006,3.2383e-005,5.3409e-005,3.2976e-005,1.4451e-005,3.2976e-005,6.0634e-005,0.00027168,0.0029229,0.013072,0.021572,0.013125,0.0031867,0.0031616,0.013075,0.021593,0.013608,0.0051738,0.0040795,0.0050821,0.013551,0.021611,0.013119,0.0029474,0.00024651,7.8188e-006,1.7911e-008,0,0,0,0,0,0,0,0,0,0,5.3391e-005,0.0017681,0.021572,0.097605,0.17222,0.15508,0.11807,0.060318,0.013118,0.0010796,0.00027166,0.002915,0.013064,0.021539,0.013064,0.002915,0.00023928,7.2257e-006,0,0,0,0,0,0,0,0,0,0,0,0,0,0,0,0
0.00023928,0.0010724,0.0017687,0.001092,0.00047856,0.001092,0.0017692,0.0010926,0.0004982,0.0013313,0.002841,0.0028728,0.002384,0.013323,0.05857,0.096535,0.058565,0.01313,0.0011988,0.00033643,0.0010868,0.0017692,0.0010724,0.00023928,1.9641e-005,5.9312e-007,0,0,0,1.7911e-008,5.9312e-007,7.2257e-006,3.2383e-005,5.3391e-005,3.2383e-005,7.2257e-006,5.9312e-007,3.2401e-005,0.0010724,0.013072,0.058789,0.099448,0.071614,0.034604,0.014137,0.0029474,0.00023987,2.6867e-005,0.00023928,0.0010724,0.0017681,0.0010724,0.00023928,1.9641e-005,5.9312e-007,0,0,0,0,0,0,0,0,0,0,0,0,0,0,0,0
0.002915,0.013064,0.021547,0.013304,0.0058301,0.013304,0.021547,0.013072,0.0031615,0.0031867,0.013125,0.021625,0.01484,0.024455,0.096772,0.15916,0.096533,0.021539,0.0017687,6.0617e-005,3.2383e-005,5.3391e-005,3.2383e-005,7.2257e-006,5.9312e-007,1.7911e-008,0,0,0,5.9312e-007,1.9641e-005,0.00023928,0.0010724,0.0017681,0.0010724,0.00023928,1.9641e-005,7.8188e-006,0.00023928,0.0029156,0.013084,0.021779,0.014137,0.0046903,0.0013446,0.00030712,8.4426e-005,6.1821e-005,4.0795e-005,4.6852e-005,8.6367e-005,8.5792e-005,3.9609e-005,7.8188e-006,6.1103e-007,1.7911e-008,0,0,0,0,0,0,0,0,0,0,0,0,0,0,0
0.013064,0.05855,0.096565,0.059623,0.026129,0.059623,0.096565,0.058583,0.014137,0.014137,0.058583,0.096573,0.059655,0.026183,0.059662,0.096605,0.058604,0.013097,0.0010796,3.2976e-005,1.7911e-008,0,0,0,0,0,0,0,0,7.2257e-006,0.00023928,0.002915,0.013064,0.021539,0.013064,0.002915,0.00023928,7.8188e-006,1.9641e-005,0.0002393,0.001073,0.0017759,0.0011244,0.00053255,0.001144,0.0020152,0.0021454,0.002008,0.0011117,0.00047916,0.001092,0.0017687,0.0010724,0.00023928,1.9641e-005,5.9312e-007,0,0,0,0,0,0,0,0,0,0,0,0,0,0,0
0.021539,0.096533,0.15921,0.098301,0.043079,0.098301,0.15921,0.096586,0.023307,0.023308,0.096606,0.1594,0.097845,0.026243,0.016151,0.022937,0.014905,0.0040204,0.00048579,2.746e-005,6.1103e-007,0,0,0,0,0,0,0,0,3.2383e-005,0.0010724,0.013064,0.05855,0.096533,0.05855,0.013064,0.0010724,3.2994e-005,7.8188e-006,3.9609e-005,8.5792e-005,9.3593e-005,0.00028612,0.0029625,0.013358,0.024487,0.026136,0.024462,0.013543,0.0058373,0.013304,0.021547,0.013064,0.002915,0.00023928,7.2257e-006,0,0,0,0,0,0,0,0,0,0,0,0,0,0,0
0.013064,0.05855,0.096565,0.059623,0.026129,0.059623,0.096565,0.058583,0.014137,0.014144,0.058822,0.099449,0.071642,0.035102,0.018363,0.018852,0.024619,0.014383,0.003174,0.00025952,7.8188e-006,0,0,0,0,0,0,0,0,5.3391e-005,0.0017681,0.021539,0.096533,0.15916,0.096533,0.021539,0.0017687,7.3032e-005,0.00023928,0.0010724,0.0017687,0.0011244,0.0015509,0.014189,0.061391,0.11067,0.11734,0.10965,0.060696,0.026161,0.059623,0.096565,0.05855,0.013064,0.0010724,3.2383e-005,0,0,0,0,0,0,0,0,0,0,0,0,0,0,0
0.002915,0.013064,0.021547,0.013304,0.0058301,0.013304,0.021547,0.013072,0.0031543,0.0031867,0.014144,0.034604,0.071655,0.10077,0.074801,0.084739,0.11918,0.071654,0.01598,0.0013117,3.9609e-005,0,0,0,0,0,0,0,0,3.2383e-005,0.0010724,0.013064,0.05855,0.096533,0.058551,0.013072,0.001112,0.00032507,0.002948,0.013079,0.02158,0.01341,0.0076305,0.034904,0.11985,0.19376,0.19598,0.18099,0.10008,0.043132,0.098301,0.15921,0.096533,0.021539,0.0017681,5.3391e-005,0,0,0,1.7911e-008,5.9312e-007,7.2257e-006,3.2383e-005,5.3391e-005,3.2383e-005,7.2257e-006,5.9312e-007,1.7911e-008,0,0,0
0.00023928,0.0010724,0.0017687,0.001092,0.00047858,0.0010926,0.0017759,0.0011054,0.00031231,0.0003447,0.0028483,0.023309,0.097698,0.16227,0.13121,0.17666,0.25746,0.15514,0.034604,0.0028404,8.5774e-005,0,0,0,0,0,0,0,0,7.2257e-006,0.00023928,0.002915,0.013064,0.02154,0.013084,0.0031543,0.001344,0.0028483,0.014156,0.059029,0.097657,0.061424,0.028273,0.072959,0.15621,0.16818,0.13022,0.11073,0.060735,0.026162,0.059623,0.096565,0.05855,0.013064,0.0010724,3.2383e-005,0,0,0,5.9312e-007,1.9641e-005,0.00023928,0.0010724,0.0017681,0.0010724,0.00023928,1.9641e-005,5.9312e-007,0,0,0
7.2257e-006,3.2383e-005,5.3427e-005,3.3569e-005,2.227e-005,8.5001e-005,0.00034608,0.0011372,0.0017831,0.0011132,0.0013447,0.013157,0.058908,0.10045,0.094923,0.16922,0.257,0.15514,0.034604,0.0028405,8.6367e-005,7.2257e-006,3.2383e-005,5.3391e-005,3.2383e-005,7.2257e-006,5.9312e-007,1.7911e-008,0,5.9312e-007,1.9641e-005,0.00023928,0.0010724,0.0017753,0.0013117,0.0031543,0.013137,0.023316,0.03485,0.1024,0.17257,0.11989,0.05639,0.10416,0.17299,0.12207,0.049436,0.027302,0.013836,0.005857,0.013304,0.021547,0.013064,0.002915,0.00023928,7.2257e-006,0,0,0,7.2257e-006,0.00023928,0.002915,0.013064,0.021539,0.013064,0.002915,0.00023928,7.2257e-006,0,0,0
0,0,5.9312e-007,1.9641e-005,0.00024651,0.0013117,0.0046831,0.014137,0.021779,0.013091,0.0031621,0.0033936,0.016026,0.035915,0.050583,0.087594,0.12123,0.071861,0.015987,0.0013123,5.925e-005,0.00023928,0.0010724,0.0017681,0.0010724,0.00023928,1.9641e-005,5.9312e-007,0,1.7911e-008,5.9312e-007,7.2257e-006,3.2383e-005,8.5774e-005,0.0011048,0.013072,0.058584,0.097657,0.072926,0.085751,0.15796,0.15726,0.084945,0.073186,0.10165,0.073661,0.036781,0.016198,0.0040915,0.00072566,0.0010998,0.0017687,0.0010724,0.00023928,1.9641e-005,5.9312e-007,0,0,0,3.2383e-005,0.0010724,0.013064,0.05855,0.096533,0.05855,0.013064,0.0010724,3.2383e-005,0,0,0
0,0,7.2257e-006,0.00023928,0.0029474,0.014137,0.034604,0.071614,0.099448,0.05879,0.013124,0.002384,0.014177,0.060577,0.10076,0.072927,0.036399,0.015243,0.0032473,0.00033091,0.00030772,0.002948,0.013072,0.02154,0.013064,0.002915,0.00023928,7.2257e-006,0,0,0,0,0,5.3391e-005,0.0017681,0.021539,0.096547,0.15969,0.10413,0.069207,0.14139,0.18558,0.10531,0.036163,0.036439,0.071968,0.10059,0.060618,0.014177,0.0013262,8.5594e-005,6.1228e-005,6.4766e-005,6.0617e-005,3.2976e-005,7.2436e-006,5.9312e-007,1.7911e-008,0,5.3391e-005,0.0017681,0.021539,0.096533,0.15916,0.096533,0.021539,0.0017681,5.3391e-005,0,0,0
0,0,3.2383e-005,0.0010724,0.013118,0.060318,0.11807,0.15508,0.17222,0.097605,0.021626,0.0035434,0.021626,0.096607,0.15944,0.097665,0.023601,0.0039649,0.0023078,0.0022046,0.0031127,0.01421,0.058822,0.09656,0.058551,0.013065,0.0010796,6.4766e-005,5.3391e-005,3.2383e-005,7.2257e-006,5.9312e-007,1.7911e-008,3.2383e-005,0.0010724,0.013064,0.058583,0.097657,0.072926,0.085751,0.15792,0.15621,0.072146,0.017004,0.024652,0.10055,0.17246,0.11809,0.034604,0.0046837,0.00031231,0.00024651,0.0010724,0.0017681,0.0010724,0.00023987,2.6867e-005,3.2976e-005,5.3409e-005,6.5359e-005,0.0010868,0.013097,0.058604,0.096566,0.058565,0.013097,0.0011258,6.4766e-005,7.2257e-006,5.9312e-007,1.7911e-008
0,0,5.3391e-005,0.0017681,0.021572,0.097605,0.17222,0.15508,0.11807,0.060318,0.01315,0.0021448,0.013097,0.058551,0.096547,0.058822,0.01604,0.014409,0.024514,0.026422,0.027295,0.036611,0.10053,0.15963,0.09656,0.02156,0.0020073,0.0011258,0.0017681,0.001073,0.00024651,5.2025e-005,5.3984e-005,3.9609e-005,0.00024651,0.0029156,0.013118,0.023315,0.03485,0.1024,0.17251,0.11811,0.034651,0.0058208,0.014483,0.071654,0.15509,0.15508,0.071615,0.014144,0.001344,0.0029474,0.013064,0.021539,0.013065,0.0029347,0.00047856,0.0010796,0.0017687,0.0010993,0.00071844,0.0040143,0.014866,0.022685,0.013575,0.0040143,0.0020085,0.0010796,0.00023928,1.9641e-005,5.9312e-007
5.3391e-005,3.2383e-005,3.9609e-005,0.001073,0.013072,0.05879,0.099455,0.071647,0.034657,0.01417,0.0029697,0.00051876,0.0030081,0.01315,0.021611,0.014145,0.016012,0.059869,0.10984,0.12005,0.12373,0.094226,0.084711,0.10052,0.058829,0.013311,0.0039874,0.013097,0.02154,0.013084,0.0031543,0.0013117,0.0017753,0.001073,0.00025892,0.00025892,0.0011054,0.002841,0.014156,0.059029,0.097625,0.060319,0.014151,0.0016367,0.0047885,0.034637,0.11808,0.17222,0.099448,0.021811,0.0028477,0.013118,0.05855,0.096533,0.058557,0.013304,0.0039874,0.013097,0.021547,0.013305,0.0058694,0.013782,0.023699,0.01684,0.0079749,0.013782,0.021586,0.013065,0.002915,0.00023928,7.2257e-006
0.0017681,0.0010724,0.00024651,0.00025892,0.0029168,0.013104,0.022018,0.015209,0.0064518,0.0024043,0.0007453,0.0013706,0.0030809,0.0039128,0.0031331,0.0030994,0.021852,0.098354,0.18177,0.20614,0.23948,0.19775,0.093207,0.036372,0.014222,0.0040198,0.013304,0.058558,0.096547,0.058822,0.01604,0.014201,0.021632,0.013098,0.0029301,0.00028008,0.00010747,0.00035746,0.0030086,0.013112,0.02158,0.013138,0.0031873,0.0013709,0.0030875,0.015209,0.060558,0.097625,0.05879,0.013137,0.002841,0.021572,0.096533,0.15916,0.096565,0.022612,0.014832,0.058604,0.096565,0.05963,0.026368,0.062545,0.10969,0.081215,0.039225,0.062545,0.096805,0.058557,0.013064,0.0010724,3.2383e-005
0.021539,0.013064,0.0029156,0.00025892,0.00025375,0.0013123,0.0046903,0.014169,0.021839,0.013363,0.0060772,0.01622,0.034618,0.034636,0.016065,0.0042591,0.01335,0.059684,0.11137,0.13864,0.20615,0.21902,0.1107,0.02438,0.0029262,0.0020607,0.02156,0.096553,0.15943,0.098697,0.036611,0.062463,0.098594,0.059662,0.013544,0.0021841,0.0020409,0.0021644,0.0022466,0.0021644,0.0020152,0.0013313,0.0031549,0.013092,0.021787,0.016012,0.016033,0.021811,0.013079,0.002948,0.0013117,0.013072,0.05855,0.096533,0.058604,0.014832,0.022612,0.096565,0.15921,0.098333,0.044151,0.11137,0.21781,0.19483,0.10163,0.11137,0.16028,0.096565,0.021539,0.0017681,5.3391e-005
0.096533,0.058551,0.013072,0.0011054,0.00012538,0.0011372,0.013125,0.058583,0.096573,0.059656,0.027201,0.072687,0.15512,0.15508,0.071622,0.014376,0.004027,0.013368,0.025527,0.039193,0.083005,0.10984,0.061505,0.013358,0.0011516,0.0011444,0.013126,0.058822,0.099516,0.07363,0.059091,0.12379,0.18368,0.11008,0.027385,0.015311,0.024515,0.026129,0.024462,0.013336,0.0030081,0.0013446,0.013086,0.058584,0.096606,0.058822,0.014144,0.002841,0.0011048,0.00024651,0.00025892,0.0029156,0.013064,0.021539,0.013097,0.0039874,0.013304,0.058557,0.096565,0.059676,0.027897,0.081162,0.19313,0.21878,0.12266,0.081162,0.098333,0.058604,0.013064,0.0010724,3.2383e-005
0.15916,0.096553,0.021779,0.0028404,0.0018748,0.0028404,0.021779,0.096553,0.15921,0.098354,0.044847,0.11984,0.25574,0.25569,0.11807,0.023328,0.0020686,0.001185,0.0023,0.0050922,0.015079,0.022632,0.013305,0.0029543,0.00048638,0.0013189,0.0047155,0.01521,0.034927,0.074018,0.12665,0.17766,0.20724,0.11948,0.039277,0.061768,0.10966,0.1171,0.1096,0.05963,0.013183,0.0029135,0.021844,0.09762,0.16096,0.097666,0.021843,0.0018483,8.696e-005,7.8367e-006,2.0235e-005,0.0002393,0.0010724,0.0017681,0.0010796,0.00047856,0.0029347,0.013065,0.021547,0.013336,0.0069025,0.026368,0.080104,0.10984,0.06438,0.026368,0.022619,0.013097,0.002915,0.00023928,7.2257e-006
0.09654,0.058789,0.015979,0.014137,0.021611,0.014169,0.016033,0.058822,0.09658,0.059656,0.027201,0.072687,0.15512,0.15512,0.071668,0.014189,0.0013585,0.0011395,0.0018556,0.0014088,0.0014257,0.0018531,0.0010947,0.00047975,0.0029353,0.013085,0.021832,0.015912,0.026522,0.10277,0.19692,0.22769,0.21535,0.11605,0.04634,0.10032,0.18076,0.19307,0.18071,0.09854,0.022705,0.0048484,0.017125,0.072093,0.11916,0.073383,0.017052,0.0015509,5.925e-005,6.1103e-007,5.9312e-007,7.2257e-006,3.2383e-005,5.3391e-005,3.2976e-005,2.6867e-005,0.00023987,0.0010724,0.0017687,0.0010993,0.00071784,0.0040071,0.014834,0.022631,0.013543,0.0040071,0.0020079,0.0010796,0.00023928,1.9641e-005,5.9312e-007
0.021572,0.014137,0.01598,0.05881,0.096794,0.059894,0.017801,0.015241,0.021826,0.013331,0.0060712,0.016246,0.034883,0.035729,0.017787,0.0044732,0.003402,0.013111,0.02178,0.014144,0.0047155,0.0013651,0.00031127,0.0010993,0.013066,0.058551,0.096573,0.059687,0.027288,0.073819,0.16846,0.21476,0.16998,0.074839,0.027506,0.060747,0.10963,0.11711,0.10984,0.06257,0.026254,0.023963,0.029323,0.077445,0.13138,0.093161,0.029044,0.0042267,0.00027889,7.2257e-006,1.7911e-008,5.9312e-007,7.2257e-006,3.2383e-005,5.3409e-005,3.2976e-005,1.4451e-005,3.2976e-005,5.3427e-005,3.3569e-005,3.4093e-005,0.00027226,0.0011258,0.001801,0.0010868,0.00027226,7.305e-005,3.2976e-005,7.2257e-006,5.9312e-007,1.7911e-008
0.0018287,0.0028728,0.02184,0.096845,0.16233,0.11075,0.045193,0.017042,0.0049908,0.0013533,0.00053294,0.0018105,0.0068357,0.017706,0.024016,0.0147,0.016087,0.059063,0.099462,0.071615,0.034604,0.014137,0.0030008,0.0020073,0.021547,0.096533,0.15916,0.096826,0.026249,0.036851,0.12212,0.18708,0.12212,0.035354,0.0076395,0.013597,0.024462,0.026181,0.025766,0.02744,0.063294,0.099665,0.081648,0.12375,0.22055,0.19417,0.080329,0.014852,0.0011264,3.2383e-005,5.9312e-007,1.9641e-005,0.00023928,0.0010724,0.0017681,0.0010724,0.00023928,1.9641e-005,5.9312e-007,1.7911e-008,5.9312e-007,7.2257e-006,3.2383e-005,5.3391e-005,3.2383e-005,7.2257e-006,6.1103e-007,6.1103e-007,7.2257e-006,3.2383e-005,5.3391e-005
0.00033228,0.0022095,0.014934,0.061008,0.11325,0.1324,0.13479,0.074929,0.016558,0.0013924,0.00032815,0.0040479,0.026462,0.0813,0.11176,0.065451,0.036944,0.09981,0.1725,0.1551,0.11807,0.060318,0.01315,0.0021448,0.013097,0.05855,0.096534,0.058609,0.014616,0.018144,0.073654,0.12022,0.073622,0.017091,0.0017914,0.0011513,0.0020152,0.0024374,0.0066904,0.035696,0.11834,0.17337,0.11429,0.1019,0.19489,0.21779,0.1096,0.022612,0.0018005,5.3391e-005,7.2257e-006,0.00023928,0.002915,0.013064,0.021539,0.013064,0.002915,0.00023928,7.2257e-006,0,0,0,0,0,0,0,6.1103e-007,2.0235e-005,0.00024651,0.0011048,0.0018215
0.0031615,0.014376,0.026324,0.03056,0.065613,0.19671,0.30528,0.18363,0.040927,0.0033913,0.0012356,0.015099,0.083284,0.20751,0.24423,0.13895,0.062192,0.076514,0.12129,0.15534,0.17223,0.097605,0.021579,0.0020073,0.0029684,0.013064,0.021539,0.013105,0.0042345,0.016259,0.071715,0.11819,0.071708,0.01602,0.0013267,7.3196e-005,9.3036e-005,0.0011701,0.014205,0.07168,0.15515,0.15539,0.075609,0.040266,0.081194,0.10963,0.061465,0.013304,0.0010796,3.2383e-005,3.2401e-005,0.001073,0.013072,0.058583,0.096586,0.058583,0.013072,0.001073,3.2401e-005,0,0,0,0,0,0,0,7.8188e-006,0.00025892,0.0031543,0.014137,0.023307
0.01598,0.071634,0.11848,0.078171,0.084556,0.3018,0.49393,0.29944,0.06681,0.005538,0.0020253,0.024163,0.1267,0.29243,0.32825,0.22383,0.15186,0.08819,0.050662,0.072959,0.099541,0.058822,0.013079,0.0010926,0.00027168,0.0010724,0.0017681,0.001127,0.0020466,0.022038,0.098678,0.16269,0.098678,0.022018,0.0018073,5.4577e-005,5.3984e-005,0.0017949,0.022018,0.10052,0.17399,0.11917,0.035322,0.0086902,0.015126,0.022619,0.013304,0.0029347,0.00023987,7.2257e-006,5.3984e-005,0.0017877,0.021779,0.097605,0.16092,0.097605,0.021779,0.0017877,5.3984e-005,0,0,0,0,0,0,0,3.9609e-005,0.0013117,0.015979,0.071614,0.11807
0.034604,0.15508,0.25592,0.16237,0.123,0.39879,0.65285,0.39592,0.088341,0.0072911,0.0016242,0.019079,0.10946,0.29013,0.38522,0.3403,0.29501,0.15959,0.039673,0.018082,0.02364,0.014157,0.003155,0.00025952,1.5044e-005,3.2383e-005,5.3391e-005,7.201e-005,0.0013195,0.015987,0.071647,0.11813,0.071647,0.015987,0.0013123,3.9627e-005,3.9609e-005,0.0013123,0.016,0.071861,0.11918,0.073437,0.017112,0.0018371,0.001218,0.0018544,0.001112,0.0002471,2.0252e-005,6.1103e-007,3.9609e-005,0.0013117,0.015979,0.071614,0.11807,0.071614,0.015979,0.0013117,3.9609e-005,0,0,0,0,0,0,0,8.5774e-005,0.0028404,0.034604,0.15508,0.25569
0.034604,0.15508,0.25592,0.16237,0.123,0.39879,0.65285,0.39592,0.088341,0.0072911,0.0016242,0.019079,0.10946,0.29013,0.38522,0.3403,0.29501,0.15959,0.039673,0.018082,0.02364,0.014157,0.003155,0.00025952,1.5044e-005,3.2383e-005,5.3391e-005,7.201e-005,0.0013195,0.015987,0.071647,0.11813,0.071647,0.015987,0.0013123,3.9627e-005,3.9609e-005,0.0013123,0.016,0.071861,0.11918,0.073437,0.017112,0.0018371,0.001218,0.0018544,0.001112,0.0002471,2.0252e-005,6.1103e-007,3.9609e-005,0.0013117,0.015979,0.071614,0.11807,0.071614,0.015979,0.0013117,3.9609e-005,0,0,0,0,0,0,0,8.5774e-005,0.0028404,0.034604,0.15508,0.25569
0.01598,0.071634,0.11848,0.078171,0.084556,0.3018,0.49393,0.29944,0.06681,0.005538,0.0020253,0.024163,0.1267,0.29243,0.32825,0.22383,0.15186,0.08819,0.050662,0.072959,0.099541,0.058822,0.013079,0.0010926,0.00027168,0.0010724,0.0017681,0.001127,0.0020466,0.022038,0.098678,0.16269,0.098678,0.022018,0.0018073,5.4577e-005,5.3984e-005,0.0017949,0.022018,0.10052,0.17399,0.11917,0.035322,0.0086902,0.015126,0.022619,0.013304,0.0029347,0.00023987,7.2257e-006,5.3984e-005,0.0017877,0.021779,0.097605,0.16092,0.097605,0.021779,0.0017877,5.3984e-005,0,0,0,0,0,0,0,3.9609e-005,0.0013117,0.015979,0.071614,0.11807
0.0031615,0.014376,0.026324,0.03056,0.065613,0.19671,0.30528,0.18363,0.040927,0.0033913,0.0012356,0.015099,0.083284,0.20751,0.24423,0.13895,0.062192,0.076514,0.12129,0.15534,0.17223,0.097605,0.021579,0.0020073,0.0029684,0.013064,0.021539,0.013105,0.0042345,0.016259,0.071715,0.11819,0.071708,0.01602,0.0013267,7.3196e-005,9.3036e-005,0.0011701,0.014205,0.07168,0.15515,0.15539,0.075609,0.040266,0.081194,0.10963,0.061465,0.013304,0.0010796,3.2383e-005,3.2401e-005,0.001073,0.013072,0.058583,0.096586,0.058583,0.013072,0.001073,3.2401e-005,0,0,0,0,0,0,0,7.8188e-006,0.00025892,0.0031543,0.014137,0.023307
0.00033228,0.0022095,0.014934,0.061008,0.11325,0.1324,0.13479,0.074929,0.016558,0.0013924,0.00032815,0.0040479,0.026462,0.0813,0.11176,0.065451,0.036944,0.09981,0.1725,0.1551,0.11807,0.060318,0.01315,0.0021448,0.013097,0.05855,0.096534,0.058609,0.014616,0.018144,0.073654,0.12022,0.073622,0.017091,0.0017914,0.0011513,0.0020152,0.0024374,0.0066904,0.035696,0.11834,0.17337,0.11429,0.1019,0.19489,0.21779,0.1096,0.022612,0.0018005,5.3391e-005,7.2257e-006,0.00023928,0.002915,0.013064,0.021539,0.013064,0.002915,0.00023928,7.2257e-006,0,0,0,0,0,0,0,6.1103e-007,2.0235e-005,0.00024651,0.0011048,0.0018215
0.0018287,0.0028728,0.02184,0.096845,0.16233,0.11075,0.045193,0.017042,0.0049908,0.0013533,0.00053294,0.0018105,0.0068357,0.017706,0.024016,0.0147,0.016087,0.059063,0.099462,0.071615,0.034604,0.014137,0.0030008,0.0020073,0.021547,0.096533,0.15916,0.096826,0.026249,0.036851,0.12212,0.18708,0.12212,0.035354,0.0076395,0.013597,0.024462,0.026181,0.025766,0.02744,0.063294,0.099665,0.081648,0.12375,0.22055,0.19417,0.080329,0.014852,0.0011264,3.2383e-005,5.9312e-007,1.9641e-005,0.00023928,0.0010724,0.0017681,0.0010724,0.00023928,1.9641e-005,5.9312e-007,1.7911e-008,5.9312e-007,7.2257e-006,3.2383e-005,5.3391e-005,3.2383e-005,7.2257e-006,6.1103e-007,6.1103e-007,7.2257e-006,3.2383e-005,5.3391e-005
0.021572,0.014137,0.01598,0.05881,0.096794,0.059894,0.017801,0.015241,0.021826,0.013331,0.0060712,0.016246,0.034883,0.035729,0.017787,0.0044732,0.003402,0.013111,0.02178,0.014144,0.0047155,0.0013651,0.00031127,0.0010993,0.013066,0.058551,0.096573,0.059687,0.027288,0.073819,0.16846,0.21476,0.16998,0.074839,0.027506,0.060747,0.10963,0.11711,0.10984,0.06257,0.026254,0.023963,0.029323,0.077445,0.13138,0.093161,0.029044,0.0042267,0.00027889,7.2257e-006,1.7911e-008,5.9312e-007,7.2257e-006,3.2383e-005,5.3409e-005,3.2976e-005,1.4451e-005,3.2976e-005,5.3427e-005,3.3569e-005,3.4093e-005,0.00027226,0.0011258,0.001801,0.0010868,0.00027226,7.305e-005,3.2976e-005,7.2257e-006,5.9312e-007,1.7911e-008
0.09654,0.058789,0.015979,0.014137,0.021611,0.014169,0.016033,0.058822,0.09658,0.059656,0.027201,0.072687,0.15512,0.15512,0.071668,0.014189,0.0013585,0.0011395,0.0018556,0.0014088,0.0014257,0.0018531,0.0010947,0.00047975,0.0029353,0.013085,0.021832,0.015912,0.026522,0.10277,0.19692,0.22769,0.21535,0.11605,0.04634,0.10032,0.18076,0.19307,0.18071,0.09854,0.022705,0.0048484,0.017125,0.072093,0.11916,0.073383,0.017052,0.0015509,5.925e-005,6.1103e-007,5.9312e-007,7.2257e-006,3.2383e-005,5.3391e-005,3.2976e-005,2.6867e-005,0.00023987,0.0010724,0.0017687,0.0010993,0.00071784,0.0040071,0.014834,0.022631,0.013543,0.0040071,0.0020079,0.0010796,0.00023928,1.9641e-005,5.9312e-007
0.15916,0.096553,0.021779,0.0028404,0.0018748,0.0028404,0.021779,0.096553,0.15921,0.098354,0.044847,0.11984,0.25574,0.25569,0.11807,0.023328,0.0020686,0.001185,0.0023,0.0050922,0.015079,0.022632,0.013305,0.0029543,0.00048638,0.0013189,0.0047155,0.01521,0.034927,0.074018,0.12665,0.17766,0.20724,0.11948,0.039277,0.061768,0.10966,0.1171,0.1096,0.05963,0.013183,0.0029135,0.021844,0.09762,0.16096,0.097666,0.021843,0.0018483,8.696e-005,7.8367e-006,2.0235e-005,0.0002393,0.0010724,0.0017681,0.0010796,0.00047856,0.0029347,0.013065,0.021547,0.013336,0.0069025,0.026368,0.080104,0.10984,0.06438,0.026368,0.022619,0.013097,0.002915,0.00023928,7.2257e-006
0.096533,0.058551,0.013072,0.0011054,0.00012538,0.0011372,0.013125,0.058583,0.096573,0.059656,0.027201,0.072687,0.15512,0.15508,0.071622,0.014376,0.004027,0.013368,0.025527,0.039193,0.083005,0.10984,0.061505,0.013358,0.0011516,0.0011444,0.013126,0.058822,0.099516,0.07363,0.059091,0.12379,0.18368,0.11008,0.027385,0.015311,0.024515,0.026129,0.024462,0.013336,0.0030081,0.0013446,0.013086,0.058584,0.096606,0.058822,0.014144,0.002841,0.0011048,0.00024651,0.00025892,0.0029156,0.013064,0.021539,0.013097,0.0039874,0.013304,0.058557,0.096565,0.059676,0.027897,0.081162,0.19313,0.21878,0.12266,0.081162,0.098333,0.058604,0.013064,0.0010724,3.2383e-005
0.021539,0.013064,0.0029156,0.00025892,0.00025375,0.0013123,0.0046903,0.014169,0.021839,0.013363,0.0060772,0.01622,0.034618,0.034636,0.016065,0.0042591,0.01335,0.059684,0.11137,0.13864,0.20615,0.21902,0.1107,0.02438,0.0029262,0.0020607,0.02156,0.096553,0.15943,0.098697,0.036611,0.062463,0.098594,0.059662,0.013544,0.0021841,0.0020409,0.0021644,0.0022466,0.0021644,0.0020152,0.0013313,0.0031549,0.013092,0.021787,0.016012,0.016033,0.021811,0.013079,0.002948,0.0013117,0.013072,0.05855,0.096533,0.058604,0.014832,0.022612,0.096565,0.15921,0.098333,0.044151,0.11137,0.21781,0.19483,0.10163,0.11137,0.16028,0.096565,0.021539,0.0017681,5.3391e-005
0.0017681,0.0010724,0.00024651,0.00025892,0.0029168,0.013104,0.022018,0.015209,0.0064518,0.0024043,0.0007453,0.0013706,0.0030809,0.0039128,0.0031331,0.0030994,0.021852,0.098354,0.18177,0.20614,0.23948,0.19775,0.093207,0.036372,0.014222,0.0040198,0.013304,0.058558,0.096547,0.058822,0.01604,0.014201,0.021632,0.013098,0.0029301,0.00028008,0.00010747,0.00035746,0.0030086,0.013112,0.02158,0.013138,0.0031873,0.0013709,0.0030875,0.015209,0.060558,0.097625,0.05879,0.013137,0.002841,0.021572,0.096533,0.15916,0.096565,0.022612,0.014832,0.058604,0.096565,0.05963,0.026368,0.062545,0.10969,0.081215,0.039225,0.062545,0.096805,0.058557,0.013064,0.0010724,3.2383e-005
5.3391e-005,3.2383e-005,3.9609e-005,0.001073,0.013072,0.05879,0.099455,0.071647,0.034657,0.01417,0.0029697,0.00051876,0.0030081,0.01315,0.021611,0.014145,0.016012,0.059869,0.10984,0.12005,0.12373,0.094226,0.084711,0.10052,0.058829,0.013311,0.0039874,0.013097,0.02154,0.013084,0.0031543,0.0013117,0.0017753,0.001073,0.00025892,0.00025892,0.0011054,0.002841,0.014156,0.059029,0.097625,0.060319,0.014151,0.0016367,0.0047885,0.034637,0.11808,0.17222,0.099448,0.021811,0.0028477,0.013118,0.05855,0.096533,0.058557,0.013304,0.0039874,0.013097,0.021547,0.013305,0.0058694,0.013782,0.023699,0.01684,0.0079749,0.013782,0.021586,0.013065,0.002915,0.00023928,7.2257e-006
0,0,5.3391e-005,0.0017681,0.021572,0.097605,0.17222,0.15508,0.11807,0.060318,0.01315,0.0021448,0.013097,0.058551,0.096547,0.058822,0.01604,0.014409,0.024514,0.026422,0.027295,0.036611,0.10053,0.15963,0.09656,0.02156,0.0020073,0.0011258,0.0017681,0.001073,0.00024651,5.2025e-005,5.3984e-005,3.9609e-005,0.00024651,0.0029156,0.013118,0.023315,0.03485,0.1024,0.17251,0.11811,0.034651,0.0058208,0.014483,0.071654,0.15509,0.15508,0.071615,0.014144,0.001344,0.0029474,0.013064,0.021539,0.013065,0.0029347,0.00047856,0.0010796,0.0017687,0.0010993,0.00071844,0.0040143,0.014866,0.022685,0.013575,0.0040143,0.0020085,0.0010796,0.00023928,1.9641e-005,5.9312e-007
0,0,3.2383e-005,0.0010724,0.013118,0.060318,0.11807,0.15508,0.17222,0.097605,0.021626,0.0035434,0.021626,0.096607,0.15944,0.097665,0.023601,0.0039649,0.0023078,0.0022046,0.0031127,0.01421,0.058822,0.09656,0.058551,0.013065,0.0010796,6.4766e-005,5.3391e-005,3.2383e-005,7.2257e-006,5.9312e-007,1.7911e-008,3.2383e-005,0.0010724,0.013064,0.058583,0.097657,0.072926,0.085751,0.15792,0.15621,0.072146,0.017004,0.024652,0.10055,0.17246,0.11809,0.034604,0.0046837,0.00031231,0.00024651,0.0010724,0.0017681,0.0010724,0.00023987,2.6867e-005,3.2976e-005,5.3409e-005,6.5359e-005,0.0010868,0.013097,0.058604,0.096566,0.058565,0.013097,0.0011258,6.4766e-005,7.2257e-006,5.9312e-007,1.7911e-008
0,0,7.2257e-006,0.00023928,0.0029474,0.014137,0.034604,0.071614,0.099448,0.05879,0.013124,0.002384,0.014177,0.060577,0.10076,0.072927,0.036399,0.015243,0.0032473,0.00033091,0.00030772,0.002948,0.013072,0.02154,0.013064,0.002915,0.00023928,7.2257e-006,0,0,0,0,0,5.3391e-005,0.0017681,0.021539,0.096547,0.15969,0.10413,0.069207,0.14139,0.18558,0.10531,0.036163,0.036439,0.071968,0.10059,0.060618,0.014177,0.0013262,8.5594e-005,6.1228e-005,6.4766e-005,6.0617e-005,3.2976e-005,7.2436e-006,5.9312e-007,1.7911e-008,0,5.3391e-005,0.0017681,0.021539,0.096533,0.15916,0.096533,0.021539,0.0017681,5.3391e-005,0,0,0
0,0,5.9312e-007,1.9641e-005,0.00024651,0.0013117,0.0046831,0.014137,0.021779,0.013091,0.0031621,0.0033936,0.016026,0.035915,0.050583,0.087594,0.12123,0.071861,0.015987,0.0013123,5.925e-005,0.00023928,0.0010724,0.0017681,0.0010724,0.00023928,1.9641e-005,5.9312e-007,0,1.7911e-008,5.9312e-007,7.2257e-006,3.2383e-005,8.5774e-005,0.0011048,0.013072,0.058584,0.097657,0.072926,0.085751,0.15796,0.15726,0.084945,0.073186,0.10165,0.073661,0.036781,0.016198,0.0040915,0.00072566,0.0010998,0.0017687,0.0010724,0.00023928,1.9641e-005,5.9312e-007,0,0,0,3.2383e-005,0.0010724,0.013064,0.05855,0.096533,0.05855,0.013064,0.0010724,3.2383e-005,0,0,0
7.2257e-006,3.2383e-005,5.3427e-005,3.3569e-005,2.227e-005,8.5001e-005,0.00034608,0.0011372,0.0017831,0.0011132,0.0013447,0.013157,0.058908,0.10045,0.094923,0.16922,0.257,0.15514,0.034604,0.0028405,8.6367e-005,7.2257e-006,3.2383e-005,5.3391e-005,3.2383e-005,7.2257e-006,5.9312e-007,1.7911e-008,0,5.9312e-007,1.9641e-005,0.00023928,0.0010724,0.0017753,0.0013117,0.0031543,0.013137,0.023316,0.03485,0.1024,0.17257,0.11989,0.05639,0.10416,0.17299,0.12207,0.049436,0.027302,0.013836,0.005857,0.013304,0.021547,0.013064,0.002915,0.00023928,7.2257e-006,0,0,0,7.2257e-006,0.00023928,0.002915,0.013064,0.021539,0.013064,0.002915,0.00023928,7.2257e-006,0,0,0
0.00023928,0.0010724,0.0017687,0.001092,0.00047858,0.0010926,0.0017759,0.0011054,0.00031231,0.0003447,0.0028483,0.023309,0.097698,0.16227,0.13121,0.17666,0.25746,0.15514,0.034604,0.0028404,8.5774e-005,0,0,0,0,0,0,0,0,7.2257e-006,0.00023928,0.002915,0.013064,0.02154,0.013084,0.0031543,0.001344,0.0028483,0.014156,0.059029,0.097657,0.061424,0.028273,0.072959,0.15621,0.16818,0.13022,0.11073,0.060735,0.026162,0.059623,0.096565,0.05855,0.013064,0.0010724,3.2383e-005,0,0,0,5.9312e-007,1.9641e-005,0.00023928,0.0010724,0.0017681,0.0010724,0.00023928,1.9641e-005,5.9312e-007,0,0,0
0.002915,0.013064,0.021547,0.013304,0.0058301,0.013304,0.021547,0.013072,0.0031543,0.0031867,0.014144,0.034604,0.071655,0.10077,0.074801,0.084739,0.11918,0.071654,0.01598,0.0013117,3.9609e-005,0,0,0,0,0,0,0,0,3.2383e-005,0.0010724,0.013064,0.05855,0.096533,0.058551,0.013072,0.001112,0.00032507,0.002948,0.013079,0.02158,0.01341,0.0076305,0.034904,0.11985,0.19376,0.19598,0.18099,0.10008,0.043132,0.098301,0.15921,0.096533,0.021539,0.0017681,5.3391e-005,0,0,0,1.7911e-008,5.9312e-007,7.2257e-006,3.2383e-005,5.3391e-005,3.2383e-005,7.2257e-006,5.9312e-007,1.7911e-008,0,0,0
0.013064,0.05855,0.096565,0.059623,0.026129,0.059623,0.096565,0.058583,0.014137,0.014144,0.058822,0.099449,0.071642,0.035102,0.018363,0.018852,0.024619,0.014383,0.003174,0.00025952,7.8188e-006,0,0,0,0,0,0,0,0,5.3391e-005,0.0017681,0.021539,0.096533,0.15916,0.096533,0.021539,0.0017687,7.3032e-005,0.00023928,0.0010724,0.0017687,0.0011244,0.0015509,0.014189,0.061391,0.11067,0.11734,0.10965,0.060696,0.026161,0.059623,0.096565,0.05855,0.013064,0.0010724,3.2383e-005,0,0,0,0,0,0,0,0,0,0,0,0,0,0,0
0.021539,0.096533,0.15921,0.098301,0.043079,0.098301,0.15921,0.096586,0.023307,0.023308,0.096606,0.1594,0.097845,0.026243,0.016151,0.022937,0.014905,0.0040204,0.00048579,2.746e-005,6.1103e-007,0,0,0,0,0,0,0,0,3.2383e-005,0.0010724,0.013064,0.05855,0.096533,0.05855,0.013064,0.0010724,3.2994e-005,7.8188e-006,3.9609e-005,8.5792e-005,9.3593e-005,0.00028612,0.0029625,0.013358,0.024487,0.026136,0.024462,0.013543,0.0058373,0.013304,0.021547,0.013064,0.002915,0.00023928,7.2257e-006,0,0,0,0,0,0,0,0,0,0,0,0,0,0,0
0.013064,0.05855,0.096565,0.059623,0.026129,0.059623,0.096565,0.058583,0.014137,0.014137,0.058583,0.096573,0.059655,0.026183,0.059662,0.096605,0.058604,0.013097,0.0010796,3.2976e-005,1.7911e-008,0,0,0,0,0,0,0,0,7.2257e-006,0.00023928,0.002915,0.013064,0.021539,0.013064,0.002915,0.00023928,7.8188e-006,1.9641e-005,0.0002393,0.001073,0.0017759,0.0011244,0.00053255,0.001144,0.0020152,0.0021454,0.002008,0.0011117,0.00047916,0.001092,0.0017687,0.0010724,0.00023928,1.9641e-005,5.9312e-007,0,0,0,0,0,0,0,0,0,0,0,0,0,0,0
0.002915,0.013064,0.021547,0.013304,0.0058301,0.013304,0.021547,0.013072,0.0031615,0.0031867,0.013125,0.021625,0.01484,0.024455,0.096772,0.15916,0.096533,0.021539,0.0017687,6.0617e-005,3.2383e-005,5.3391e-005,3.2383e-005,7.2257e-006,5.9312e-007,1.7911e-008,0,0,0,5.9312e-007,1.9641e-005,0.00023928,0.0010724,0.0017681,0.0010724,0.00023928,1.9641e-005,7.8188e-006,0.00023928,0.0029156,0.013084,0.021779,0.014137,0.0046903,0.0013446,0.00030712,8.4426e-005,6.1821e-005,4.0795e-005,4.6852e-005,8.6367e-005,8.5792e-005,3.9609e-005,7.8188e-006,6.1103e-007,1.7911e-008,0,0,0,0,0,0,0,0,0,0,0,0,0,0,0
0.00023928,0.0010724,0.0017687,0.001092,0.00047856,0.001092,0.0017692,0.0010926,0.0004982,0.0013313,0.002841,0.0028728,0.002384,0.013323,0.05857,0.096535,0.058565,0.01313,0.0011988,0.00033643,0.0010868,0.0017692,0.0010724,0.00023928,1.9641e-005,5.9312e-007,0,0,0,1.7911e-008,5.9312e-007,7.2257e-006,3.2383e-005,5.3391e-005,3.2383e-005,7.2257e-006,5.9312e-007,3.2401e-005,0.0010724,0.013072,0.058789,0.099448,0.071614,0.034604,0.014137,0.0029474,0.00023987,2.6867e-005,0.00023928,0.0010724,0.0017681,0.0010724,0.00023928,1.9641e-005,5.9312e-007,0,0,0,0,0,0,0,0,0,0,0,0,0,0,0,0
7.2257e-006,3.2383e-005,5.3409e-005,3.2976e-005,1.4451e-005,3.2976e-005,6.0634e-005,0.00027168,0.0029229,0.013072,0.021572,0.013125,0.0031867,0.0031616,0.013075,0.021593,0.013608,0.0051738,0.0040795,0.0050821,0.013551,0.021611,0.013119,0.0029474,0.00024651,7.8188e-006,1.7911e-008,0,0,0,0,0,0,0,0,0,0,5.3391e-005,0.0017681,0.021572,0.097605,0.17222,0.15508,0.11807,0.060318,0.013118,0.0010796,0.00027166,0.002915,0.013064,0.021539,0.013064,0.002915,0.00023928,7.2257e-006,0,0,0,0,0,0,0,0,0,0,0,0,0,0,0,0
0,0,0,0,0,0,3.2383e-005,0.0010724,0.013064,0.05855,0.096533,0.058551,0.013084,0.0013129,0.0011585,0.0027252,0.0090472,0.029936,0.046316,0.039692,0.064666,0.098117,0.060386,0.014169,0.0013189,5.2618e-005,6.1103e-007,0,0,0,0,0,0,0,0,1.7911e-008,5.9312e-007,3.9609e-005,0.0011048,0.013171,0.060351,0.11808,0.15508,0.17222,0.097605,0.021572,0.0018004,0.0011258,0.013064,0.05855,0.096533,0.05855,0.013064,0.0010724,3.2383e-005,0,0,0,0,0,0,0,0,0,0,0,0,0,0,0,0
0,0,0,0,0,0,5.3391e-005,0.0017681,0.021539,0.096533,0.15916,0.096533,0.02154,0.0017897,0.0006291,0.0080282,0.05229,0.16024,0.22097,0.14473,0.12629,0.17545,0.11991,0.035676,0.0049224,0.00031231,7.8188e-006,0,0,0,0,0,0,0,0,5.9312e-007,1.9641e-005,0.00024651,0.0013117,0.0047155,0.015209,0.034843,0.071634,0.099449,0.058789,0.013072,0.0011258,0.0018004,0.021539,0.096533,0.15916,0.096533,0.021539,0.0017681,5.3391e-005,0,0,0,0,0,0,0,0,0,0,0,0,0,0,0,0
0,0,0,0,0,0,3.2383e-005,0.0010724,0.013064,0.05855,0.096533,0.05855,0.013064,0.0011372,0.0022839,0.029665,0.16018,0.38616,0.43652,0.23357,0.11975,0.17175,0.17673,0.084679,0.017052,0.001344,3.9609e-005,0,0,0,0,0,0,0,0,7.2257e-006,0.00023928,0.0029156,0.013084,0.021786,0.014376,0.0075981,0.014376,0.021786,0.013084,0.0029156,0.00027166,0.0010796,0.013064,0.05855,0.096533,0.05855,0.013064,0.0010724,3.2383e-005,0,0,0,0,0,0,0,0,0,0,0,0,0,0,0,0
0,0,0,0,0,0,7.2257e-006,0.00023928,0.002915,0.013064,0.021539,0.013064,0.002915,0.00034606,0.0036081,0.045224,0.21919,0.43542,0.38646,0.16593,0.077333,0.17887,0.26882,0.158,0.034843,0.0028477,8.5774e-005,0,0,1.7911e-008,5.9312e-007,7.2257e-006,3.2383e-005,5.3391e-005,3.2383e-005,3.9609e-005,0.001073,0.013064,0.058551,0.096541,0.058602,0.013357,0.0021772,0.0018077,0.001073,0.0002393,2.6867e-005,0.00023987,0.002915,0.013064,0.021539,0.013064,0.002915,0.00023928,7.2257e-006,0,0,0,0,0,0,0,0,0,0,0,0,0,0,0,0
0,0,0,0,0,0,5.9312e-007,1.9641e-005,0.00023928,0.0010724,0.0017681,0.0010724,0.00023928,8.4408e-005,0.0021598,0.026607,0.12293,0.2192,0.16029,0.055369,0.043704,0.15743,0.25678,0.15532,0.034623,0.002841,8.5774e-005,0,0,5.9312e-007,1.9641e-005,0.00023928,0.0010724,0.0017681,0.0010724,0.00029267,0.0017877,0.02154,0.096533,0.15916,0.096534,0.021547,0.0018004,0.00010678,3.2383e-005,7.2257e-006,1.1862e-006,1.9659e-005,0.00023928,0.0010724,0.0017681,0.0010724,0.00023928,1.9641e-005,5.9312e-007,0,0,0,0,0,0,0,0,0,0,0,0,0,0,0,0
0,0,0,0,0,0,1.7911e-008,5.9312e-007,7.2257e-006,3.2383e-005,5.3391e-005,3.2383e-005,7.2257e-006,1.5044e-005,0.00047977,0.0058694,0.026608,0.045243,0.029944,0.010366,0.018737,0.072794,0.11835,0.071641,0.015981,0.0013117,3.9609e-005,0,0,7.2257e-006,0.00023928,0.002915,0.013064,0.021539,0.013064,0.0029474,0.0013117,0.013072,0.05855,0.096533,0.05855,0.013064,0.0010724,3.2383e-005,0,0,1.7911e-008,5.9312e-007,7.2257e-006,3.2383e-005,5.3391e-005,3.2383e-005,7.2257e-006,5.9312e-007,1.7911e-008,0,0,0,0,0,0,0,0,0,0,0,0,0,0,0,0
0,0,0,0,0,0,0,0,0,0,0,0,0,1.1862e-006,3.9319e-005,0.00047975,0.0021664,0.0038402,0.0051744,0.013867,0.024747,0.027203,0.026223,0.014376,0.0031615,0.00025892,7.8188e-006,0,0,3.2383e-005,0.0010724,0.013064,0.05855,0.096533,0.05855,0.013072,0.0013117,0.0029474,0.013064,0.021539,0.013064,0.002915,0.00023928,7.2257e-006,0,0,0,0,0,0,0,0,0,0,0,0,0,0,0,0,0,0,0,0,0,0,0,0,0,0,0
0,0,0,0,0,0,0,0,0,0,0,0,0,3.5821e-008,1.1862e-006,1.4451e-005,9.715e-005,0.0011792,0.01313,0.058585,0.096781,0.059655,0.014886,0.0021772,0.00027889,2.0235e-005,6.1103e-007,0,0,5.3391e-005,0.0017681,0.021539,0.096533,0.15916,0.096533,0.02154,0.0017877,0.00029267,0.0010724,0.0017681,0.0010724,0.00023928,1.9641e-005,5.9312e-007,0,0,0,0,0,0,0,0,0,0,0,0,0,0,0,0,0,0,0,0,0,0,0,0,0,0,0
5.9312e-007,7.2257e-006,3.2383e-005,5.3391e-005,3.2383e-005,7.2257e-006,5.9312e-007,1.7911e-008,0,0,0,0,0,0,0,0,5.3391e-005,0.0017681,0.021539,0.096534,0.15916,0.096566,0.0216,0.0018328,0.0001146,4.0202e-005,3.9627e-005,5.3984e-005,3.2401e-005,3.9609e-005,0.001073,0.013064,0.05855,0.096533,0.058551,0.013072,0.0011054,9.3e-005,6.4766e-005,6.0617e-005,3.2976e-005,7.2436e-006,5.9312e-007,1.7911e-008,0,0,0,0,0,0,0,0,0,0,0,0,0,0,0,0,0,0,0,0,0,0,0,0,0,0,0
1.9641e-005,0.00023928,0.0010724,0.0017681,0.0010724,0.00023928,1.9641e-005,5.9312e-007,0,0,0,0,1.7911e-008,5.9312e-007,7.2257e-006,3.2383e-005,8.5774e-005,0.0011048,0.013072,0.058551,0.096534,0.05857,0.013304,0.0021454,0.0018201,0.0013117,0.0013117,0.0017877,0.001073,0.00024651,0.00025892,0.0029157,0.013065,0.021554,0.013149,0.0032611,0.0013764,0.0017897,0.0010736,0.00023932,1.9641e-005,5.9312e-007,0,0,0,0,0,0,0,0,0,0,0,0,0,0,0,0,0,0,0,0,0,0,0,0,0,0,0,0,0
0.00023928,0.002915,0.013064,0.021539,0.013064,0.002915,0.00023928,7.2257e-006,0,0,0,0,5.9312e-007,1.9641e-005,0.00023928,0.0010724,0.0017753,0.0013117,0.0031543,0.013084,0.021547,0.013304,0.0058301,0.013311,0.021786,0.015979,0.015979,0.021779,0.013079,0.002948,0.00031231,0.00028008,0.0011189,0.0022544,0.0034565,0.0066904,0.015229,0.022019,0.013104,0.0029162,0.00023928,7.2257e-006,0,0,0,0,0,0,0,0,0,0,0,0,0,0,0,0,0,0,0,0,0,0,0,0,0,0,0,0,0
0.0010724,0.013064,0.05855,0.096533,0.05855,0.013064,0.0010724,3.2383e-005,0,0,0,0,7.2257e-006,0.00023928,0.002915,0.013064,0.02154,0.013084,0.0031543,0.0013117,0.0018077,0.0021448,0.013304,0.058602,0.097606,0.071614,0.071615,0.097625,0.058822,0.014137,0.002841,0.0011264,0.00075023,0.0059355,0.027234,0.05615,0.08468,0.10237,0.059061,0.013132,0.0011048,3.9609e-005,5.9312e-007,1.7911e-008,0,0,0,0,1.7911e-008,5.9312e-007,7.2257e-006,3.2383e-005,5.3391e-005,3.2383e-005,7.2257e-006,5.9312e-007,1.7911e-008,0,0,0,0,0,0,0,0,0,0,0,0,0,0
0.0017681,0.021539,0.096533,0.15916,0.096533,0.021539,0.0017681,5.3391e-005,0,0,0,0,3.2383e-005,0.0010724,0.013064,0.05855,0.096533,0.058551,0.013072,0.0011048,0.00013916,0.0018004,0.021547,0.096587,0.16092,0.11807,0.11808,0.16116,0.099501,0.034604,0.023307,0.013182,0.0050598,0.026421,0.11888,0.21461,0.21365,0.18552,0.09975,0.023372,0.0028404,0.00029267,1.9641e-005,5.9312e-007,0,0,0,1.7911e-008,1.1862e-006,2.6867e-005,0.00027166,0.0011258,0.0018004,0.0010796,0.00023987,1.9659e-005,5.9312e-007,0,0,0,0,1.7911e-008,5.9312e-007,7.2257e-006,3.2383e-005,5.3391e-005,3.2383e-005,7.2257e-006,5.9312e-007,1.7911e-008,0
0.0010724,0.013064,0.05855,0.096533,0.05855,0.013064,0.0010724,3.2383e-005,0,0,0,0,5.3391e-005,0.0017681,0.021539,0.096533,0.15916,0.09654,0.021572,0.0018215,0.00011816,0.0010796,0.013065,0.058583,0.097605,0.071614,0.071647,0.098678,0.071647,0.071614,0.097605,0.058689,0.0166,0.044184,0.19417,0.33138,0.25186,0.14253,0.075151,0.034711,0.014137,0.0029474,0.00023928,7.2257e-006,1.7911e-008,5.9312e-007,7.2257e-006,3.2976e-005,8.0258e-005,0.00051095,0.0039947,0.014833,0.022612,0.013304,0.0029347,0.00023987,7.2257e-006,0,0,0,0,5.9312e-007,1.9641e-005,0.00023928,0.0010724,0.0017681,0.0010724,0.00023928,1.9641e-005,5.9312e-007,0
0.00023928,0.002915,0.013064,0.021539,0.013064,0.002915,0.00023928,7.2257e-006,0,0,0,1.7911e-008,3.2976e-005,0.0010796,0.013097,0.058604,0.096585,0.058797,0.014137,0.0028405,0.001112,0.00047916,0.0029419,0.013105,0.021832,0.016012,0.01604,0.023547,0.034611,0.099448,0.1594,0.096605,0.023684,0.027904,0.11739,0.19601,0.13124,0.060732,0.073759,0.099513,0.058789,0.013072,0.0010724,3.2383e-005,5.9312e-007,1.9641e-005,0.00023928,0.0010796,0.0020397,0.0050598,0.026368,0.080109,0.1096,0.061465,0.013304,0.0010796,3.2383e-005,0,0,0,0,7.2257e-006,0.00023928,0.002915,0.013064,0.021539,0.013064,0.002915,0.00023928,7.2257e-006,0
1.9641e-005,0.00023928,0.0010724,0.0017681,0.0010724,0.00023928,1.9641e-005,5.9312e-007,0,0,0,5.9312e-007,2.6867e-005,0.00047856,0.0039874,0.01484,0.022851,0.016219,0.015999,0.021779,0.013073,0.0029543,0.00071786,0.0021532,0.003563,0.0024164,0.0016367,0.0029121,0.014145,0.05879,0.096553,0.058565,0.013543,0.0069031,0.026181,0.043371,0.028969,0.029138,0.098084,0.15941,0.096553,0.02154,0.0017681,5.3391e-005,7.2257e-006,0.00023928,0.002915,0.013097,0.022665,0.027897,0.083005,0.19331,0.21771,0.1096,0.022612,0.0018004,5.3391e-005,0,0,0,0,3.2383e-005,0.0010724,0.013064,0.05855,0.096533,0.05855,0.013064,0.0010724,3.2383e-005,0
5.9312e-007,7.2257e-006,3.2383e-005,5.3391e-005,3.2383e-005,7.2257e-006,5.9312e-007,1.7911e-008,0,0,0,7.2257e-006,0.00023987,0.0029347,0.013304,0.022644,0.015905,0.017052,0.059029,0.09656,0.058558,0.013304,0.0039952,0.013149,0.021833,0.014176,0.0047305,0.0016122,0.0032263,0.013145,0.021573,0.013073,0.0029549,0.0007179,0.0021532,0.003583,0.0032819,0.01365,0.058654,0.096549,0.058551,0.013064,0.0010724,3.2383e-005,3.2383e-005,0.0010724,0.013064,0.058604,0.098333,0.081162,0.12266,0.21878,0.1931,0.08009,0.014832,0.0011258,3.2383e-005,0,0,0,0,5.3391e-005,0.0017681,0.021539,0.096533,0.15916,0.096533,0.021539,0.0017681,5.3391e-005,0
0,0,0,0,0,0,0,0,0,0,0,3.2383e-005,0.0010724,0.013065,0.058557,0.096619,0.060372,0.034636,0.097613,0.15919,0.096565,0.022612,0.01484,0.058843,0.099448,0.071615,0.034624,0.014396,0.0042591,0.0030797,0.0028477,0.0013117,0.00026011,3.5279e-005,8.5001e-005,0.00035329,0.0013764,0.0046976,0.014138,0.021779,0.013084,0.0029156,0.00023928,7.2257e-006,5.3391e-005,0.0017681,0.021539,0.096565,0.16024,0.10984,0.083005,0.11137,0.080143,0.026129,0.0039874,0.00027166,7.2257e-006,0,0,0,0,3.2383e-005,0.0010724,0.013064,0.05855,0.096533,0.05855,0.013064,0.0010724,3.2383e-005,0
0,0,0,0,0,0,0,0,0,0,0,5.3391e-005,0.0017681,0.021539,0.096533,0.15919,0.097605,0.034604,0.060318,0.096586,0.058604,0.014832,0.022644,0.097638,0.17222,0.15509,0.11831,0.063234,0.026189,0.022644,0.01315,0.0029474,0.00024652,1.5638e-005,0.00024652,0.002948,0.013137,0.021811,0.014144,0.0046837,0.0013117,0.00024651,1.9641e-005,5.9312e-007,3.2383e-005,0.0010724,0.013064,0.058557,0.096773,0.061485,0.026368,0.023684,0.014865,0.0039874,0.00047856,2.6867e-005,5.9312e-007,0,0,0,0,7.2257e-006,0.00023928,0.002915,0.013064,0.021539,0.013064,0.002915,0.00023928,7.2257e-006,0
0,0,0,0,0,0,0,0,0,0,0,3.2383e-005,0.0010724,0.013064,0.05855,0.09654,0.058789,0.015979,0.014137,0.021572,0.013097,0.0039874,0.013357,0.060325,0.11807,0.15512,0.17329,0.11067,0.080122,0.098301,0.058604,0.013064,0.001073,8.4408e-005,0.0013117,0.014137,0.060319,0.097613,0.058822,0.013137,0.0011054,3.9609e-005,5.9312e-007,1.7911e-008,7.2257e-006,0.00023928,0.002915,0.013065,0.021559,0.013304,0.0039947,0.0020397,0.001133,0.00027166,2.6867e-005,1.1862e-006,1.7911e-008,0,0,0,0,5.9312e-007,1.9641e-005,0.00023928,0.0010724,0.0017681,0.0010724,0.00023928,1.9641e-005,5.9312e-007,0
0,0,0,0,0,0,0,0,0,0,0,7.2257e-006,0.00023928,0.002915,0.013064,0.02154,0.013084,0.0031543,0.0013117,0.0017753,0.0010796,0.00047856,0.0029671,0.014137,0.034604,0.071668,0.10122,0.080329,0.1096,0.16023,0.096565,0.021539,0.0017753,0.00034606,0.0046831,0.034604,0.11807,0.17222,0.099448,0.021779,0.0017753,5.3391e-005,0,0,5.9312e-007,1.9641e-005,0.00023928,0.0010724,0.0017687,0.0010796,0.00027166,7.3032e-005,3.2976e-005,7.2257e-006,5.9312e-007,1.7911e-008,0,0,0,0,0,1.7911e-008,5.9312e-007,7.2257e-006,3.2383e-005,5.3391e-005,3.2383e-005,7.2257e-006,5.9312e-007,1.7911e-008,0
0,0,0,0,0,0,0,0,0,0,0,5.9312e-007,1.9641e-005,0.00023928,0.0010724,0.0017681,0.001073,0.00024651,5.2025e-005,5.3984e-005,3.2976e-005,2.6867e-005,0.0002471,0.0013117,0.0046831,0.014169,0.022851,0.026148,0.061466,0.096772,0.058557,0.013064,0.0011048,0.0011372,0.014137,0.071614,0.15508,0.15508,0.071614,0.014137,0.0011048,3.2383e-005,0,0,1.7911e-008,5.9312e-007,7.2257e-006,3.2383e-005,5.3391e-005,3.2383e-005,7.2257e-006,5.9312e-007,1.7911e-008,0,0,0,0,0,0,0,0,0,0,0,0,0,0,0,0,0,0
0,0,0,0,0,0,0,0,0,0,0,1.7911e-008,5.9312e-007,7.2257e-006,3.2383e-005,5.3391e-005,3.2383e-005,7.2257e-006,5.9312e-007,1.7911e-008,1.7911e-008,5.9312e-007,7.8188e-006,5.2025e-005,0.00029267,0.001112,0.0020146,0.003988,0.013304,0.021559,0.013065,0.002915,0.00029267,0.0017825,0.021779,0.099448,0.17222,0.11807,0.034604,0.0046831,0.00029267,7.2257e-006,0,0,0,0,0,0,0,0,0,0,0,0,0,0,0,0,0,0,0,0,0,0,0,0,0,0,0,0,0
