0,0,0,0,0,0,0,0,0,0,0,0,0,0,0,0,0,0,0,0,0,0,0,0,0,0,0,0,0,0,0,0,0,0,5.3391e-005,0.0017681,0.021539,0.096533,0.15916,0.096533,0.021539,0.0017681,5.3391e-005,0,0,0,0,0,0,0,0,0,0,0,0,0,0,0,0,0,0,0,0,0,0,0,0,0,0,0,0,0,0,0,0,0,0,0,0,0,0,0
0,0,0,0,0,0,0,0,0,0,0,0,0,0,0,1.7911e-008,5.9312e-007,7.2257e-006,3.2383e-005,5.3391e-005,3.2383e-005,7.2257e-006,5.9312e-007,1.7911e-008,0,0,0,0,0,0,0,0,0,0,3.2383e-005,0.0010724,0.013064,0.05855,0.096533,0.05855,0.013064,0.0010724,3.2383e-005,0,0,0,0,0,0,0,0,0,0,0,0,0,0,0,0,0,0,0,0,0,0,0,0,0,0,0,0,0,0,0,0,0,0,0,0,0,0,0
0,0,0,0,0,0,0,0,0,0,0,0,0,0,0,5.9312e-007,1.9641e-005,0.00023928,0.0010724,0.0017681,0.0010724,0.00023928,1.9641e-005,5.9312e-007,0,0,0,0,0,0,0,0,0,0,7.2257e-006,0.00023928,0.002915,0.013064,0.021539,0.013064,0.002915,0.00023928,7.2257e-006,0,0,0,0,0,0,0,0,0,0,0,0,0,0,0,0,0,0,0,0,0,0,0,0,0,0,0,0,0,0,0,0,0,0,0,0,0,0,0
0,0,0,0,0,0,0,0,0,0,0,0,0,0,0,7.2257e-006,0.00023928,0.002915,0.013064,0.021539,0.013064,0.002915,0.00023928,7.2257e-006,0,0,0,0,0,0,0,0,0,0,5.9312e-007,1.9641e-005,0.00023928,0.0010724,0.0017681,0.0010724,0.00023928,1.9641e-005,5.9312e-007,0,0,0,0,0,0,0,0,0,0,0,0,0,0,0,0,0,0,0,0,0,0,0,0,0,0,0,0,0,0,0,0,0,0,0,0,0,0,0
0,0,0,0,0,0,0,0,0,0,0,0,0,0,0,3.2383e-005,0.0010724,0.013064,0.05855,0.096533,0.05855,0.013064,0.0010724,3.2383e-005,0,0,0,0,0,0,0,0,0,0,1.7911e-008,5.9312e-007,7.2257e-006,3.2383e-005,5.3391e-005,3.2383e-005,7.2257e-006,5.9312e-007,1.7911e-008,0,0,0,0,0,0,0,0,0,0,0,0,0,0,0,0,0,0,0,0,0,0,0,0,0,0,0,0,0,0,0,0,0,0,0,0,0,0,0
0,0,0,0,0,0,0,0,0,0,0,0,0,0,0,5.3391e-005,0.0017681,0.021539,0.096533,0.15916,0.096533,0.021539,0.0017681,5.3391e-005,0,0,0,0,0,0,0,0,0,0,0,0,0,0,0,0,0,0,0,0,0,0,0,0,0,0,0,0,0,0,0,0,0,0,0,0,0,0,0,0,0,0,0,0,0,0,0,0,0,0,0,0,0,0,0,0,0,0
0,0,0,0,0,0,0,0,0,0,0,0,0,0,0,3.2383e-005,0.0010724,0.013064,0.05855,0.096533,0.05855,0.013064,0.0010724,3.2383e-005,0,0,0,0,0,0,0,0,0,0,0,0,0,0,0,0,0,0,0,0,0,0,0,0,0,0,0,0,0,0,0,0,0,0,0,0,0,0,0,0,0,0,0,0,0,0,0,0,0,0,0,0,0,0,0,0,0,0
0,0,0,0,0,0,0,0,0,0,0,0,0,0,0,7.2257e-006,0.00023928,0.002915,0.013064,0.021539,0.013064,0.002915,0.00023928,7.2257e-006,0,0,0,0,0,0,0,0,0,0,0,0,0,0,0,0,0,0,0,0,0,0,0,0,0,0,0,0,0,0,0,0,0,0,0,0,0,0,0,0,0,0,0,0,0,0,0,0,0,0,0,0,0,0,0,0,0,0
0,0,0,0,0,0,0,0,0,0,0,0,0,0,0,5.9312e-007,1.9641e-005,0.00023928,0.0010724,0.0017681,0.0010724,0.00023928,1.9641e-005,5.9312e-007,0,0,0,0,0,0,0,0,0,0,0,0,0,0,0,0,0,0,0,0,0,0,0,0,0,0,0,0,0,0,0,0,0,0,0,0,0,0,0,0,0,0,0,0,0,0,0,0,0,0,0,0,0,0,0,0,0,0
0,0,0,0,0,0,0,0,0,0,0,0,0,0,0,1.7911e-008,5.9312e-007,7.2257e-006,3.2383e-005,5.3391e-005,3.2383e-005,7.2257e-006,5.9312e-007,1.7911e-008,0,0,0,0,0,0,0,0,0,0,0,0,0,0,0,0,0,0,0,0,0,0,0,0,0,0,0,0,0,0,0,0,0,0,0,0,0,0,0,0,0,0,0,0,0,0,0,0,0,0,0,0,0,0,0,0,0,0
0,0,0,0,0,0,0,0,0,0,0,0,0,0,0,0,0,0,0,0,0,0,0,0,0,0,0,0,0,0,0,0,0,0,0,0,0,0,0,0,0,0,0,0,0,0,0,0,0,0,0,0,0,0,0,0,0,0,0,0,0,0,0,0,0,0,0,0,0,0,0,0,0,0,0,0,0,0,0,0,0,0
0,0,0,0,0,0,0,0,1.7911e-008,5.9312e-007,7.2257e-006,3.2383e-005,5.3391e-005,3.2383e-005,7.2257e-006,5.9312e-007,1.7911e-008,0,0,0,0,0,0,0,0,0,0,0,0,0,0,0,0,0,0,0,0,0,0,0,0,0,0,0,0,0,0,0,0,0,0,0,0,0,0,0,0,0,0,0,0,0,0,0,0,0,0,0,0,0,0,0,0,0,0,0,0,0,0,0,0,0
0,0,0,0,0,0,0,0,5.9312e-007,1.9641e-005,0.00023928,0.0010724,0.0017681,0.0010724,0.00023928,1.9641e-005,5.9312e-007,0,0,0,0,0,0,0,0,0,1.7911e-008,5.9312e-007,7.2257e-006,3.2383e-005,5.3391e-005,3.2383e-005,7.2257e-006,5.9312e-007,1.7911e-008,0,0,0,0,0,0,0,0,0,0,0,0,0,0,0,0,0,0,0,0,0,0,0,0,0,0,0,0,0,0,0,0,0,0,0,0,0,0,0,0,0,0,0,0,0,0,0
0,0,0,0,0,0,0,0,7.2257e-006,0.00023928,0.002915,0.013064,0.021539,0.013064,0.002915,0.00023928,7.2257e-006,0,0,0,0,0,0,0,0,0,5.9312e-007,1.9641e-005,0.00023928,0.0010724,0.0017681,0.0010724,0.00023928,1.9641e-005,5.9312e-007,0,0,0,0,0,0,0,0,0,0,0,0,0,0,0,0,0,0,0,0,0,0,0,0,0,0,0,0,0,0,0,0,0,0,0,0,0,0,0,0,0,0,0,0,0,0,0
0,0,0,0,0,0,0,0,3.2383e-005,0.0010724,0.013064,0.05855,0.096533,0.05855,0.013064,0.0010724,3.2383e-005,0,0,0,0,0,0,0,0,0,7.2257e-006,0.00023928,0.002915,0.013064,0.021539,0.013064,0.002915,0.00023928,7.2257e-006,0,0,0,0,0,0,0,0,0,0,0,0,0,0,0,0,0,0,0,0,0,0,0,0,0,0,0,0,0,0,0,0,0,0,0,0,0,0,0,0,0,0,0,0,0,0,0
0,0,0,0,0,0,0,0,5.3391e-005,0.0017681,0.021539,0.096533,0.15916,0.096533,0.021539,0.0017681,5.3391e-005,0,0,0,0,0,0,0,0,0,3.2383e-005,0.0010724,0.013064,0.05855,0.096533,0.05855,0.013064,0.0010724,3.2383e-005,0,0,0,0,0,0,0,0,0,0,0,0,0,0,0,0,0,0,0,0,0,0,0,0,0,0,0,0,0,0,0,0,0,0,0,0,0,0,0,0,0,0,0,0,0,0,0
0,0,0,0,0,0,0,0,3.2383e-005,0.0010724,0.013064,0.05855,0.096533,0.05855,0.013064,0.0010724,3.2383e-005,0,0,0,0,1.7911e-008,5.9312e-007,7.2257e-006,3.2383e-005,5.3391e-005,8.5774e-005,0.0017753,0.02154,0.096533,0.15916,0.096533,0.021539,0.0017681,5.3391e-005,0,0,0,0,0,0,0,0,0,0,0,0,0,0,0,0,0,0,0,0,0,0,0,0,0,0,0,0,0,0,0,0,0,0,0,0,0,0,0,0,0,0,0,0,0,0,0
0,0,0,0,0,0,0,0,7.2257e-006,0.00023928,0.002915,0.013064,0.021539,0.013064,0.002915,0.00023928,7.2257e-006,0,0,0,0,5.9312e-007,1.9641e-005,0.00023928,0.0010724,0.0017681,0.0011048,0.0013117,0.013084,0.058551,0.096533,0.05855,0.013064,0.0010724,3.2383e-005,0,0,0,0,0,0,0,0,0,0,0,0,0,0,0,0,0,0,0,0,0,0,0,0,0,0,0,0,0,0,0,0,0,0,0,0,0,0,0,0,0,0,0,0,0,0,0
0,0,0,0,0,0,0,0,5.9312e-007,1.9641e-005,0.00023928,0.0010724,0.0017681,0.0010724,0.00023928,1.9641e-005,5.9312e-007,0,0,0,0,7.2257e-006,0.00023928,0.002915,0.013064,0.021539,0.013072,0.0031543,0.0031543,0.013072,0.021539,0.013064,0.002915,0.00023928,7.2257e-006,0,0,0,0,0,0,0,0,0,0,0,0,0,0,0,0,0,0,0,0,0,0,0,0,0,0,0,0,0,0,0,0,0,0,0,0,0,0,0,0,0,0,0,0,0,0,0
0,0,0,0,0,0,0,0,1.7911e-008,5.9312e-007,7.2257e-006,3.2383e-005,5.3391e-005,3.2383e-005,7.2257e-006,5.9312e-007,1.7911e-008,0,0,0,0,3.2383e-005,0.0010724,0.013064,0.05855,0.096533,0.058551,0.013084,0.0013117,0.0011048,0.0017681,0.0010724,0.00023928,1.9641e-005,5.9312e-007,0,0,0,0,0,0,0,0,0,0,0,0,0,0,0,0,0,0,0,0,0,0,0,0,0,0,0,0,0,0,0,0,0,0,0,0,0,0,0,0,0,0,0,0,0,0,0
0,0,0,0,0,0,0,0,0,0,0,0,0,0,0,0,0,0,0,0,0,5.3391e-005,0.0017681,0.021539,0.096533,0.15916,0.096533,0.02154,0.0017753,8.5774e-005,5.3391e-005,3.2383e-005,7.2257e-006,5.9312e-007,1.7911e-008,0,0,0,0,0,0,0,0,0,0,0,0,0,0,0,0,0,0,0,0,0,0,0,0,0,0,0,0,0,0,0,0,0,0,0,0,0,0,0,0,0,0,0,0,0,0,0
0,0,0,0,0,0,0,1.7911e-008,5.9312e-007,7.2257e-006,3.2383e-005,5.3391e-005,3.2383e-005,7.2257e-006,5.9312e-007,1.7911e-008,0,0,0,0,0,3.2383e-005,0.0010724,0.013064,0.05855,0.096533,0.05855,0.013064,0.0010724,3.2383e-005,0,0,0,0,0,0,0,0,0,0,0,0,0,0,0,0,0,0,0,0,0,0,0,0,0,0,0,0,0,0,0,0,0,0,0,0,0,0,0,0,0,0,0,0,0,0,0,0,0,0,0,0
0,0,0,0,0,0,0,5.9312e-007,1.9641e-005,0.00023928,0.0010724,0.0017681,0.0010724,0.00023928,1.9641e-005,5.9312e-007,0,0,0,0,0,7.2257e-006,0.00023928,0.002915,0.013064,0.021539,0.013064,0.002915,0.00023928,7.2257e-006,0,0,0,0,0,0,0,0,0,0,0,0,0,0,0,0,0,0,0,0,0,0,0,0,0,1.7911e-008,5.9312e-007,7.2257e-006,3.2383e-005,5.3391e-005,3.2383e-005,7.2257e-006,5.9312e-007,1.7911e-008,0,0,0,0,0,0,0,0,0,0,0,0,0,0,0,0,0,0
0,0,0,0,0,0,0,7.2257e-006,0.00023928,0.002915,0.013064,0.021539,0.013064,0.002915,0.0002393,7.8188e-006,7.2257e-006,3.2383e-005,5.3391e-005,3.2383e-005,7.2257e-006,1.1862e-006,1.9659e-005,0.00023928,0.0010724,0.0017681,0.0010724,0.00023928,1.9641e-005,5.9312e-007,0,0,0,0,0,0,0,0,0,0,0,0,0,0,0,0,0,0,0,0,0,0,0,0,0,5.9312e-007,1.9641e-005,0.00023928,0.0010724,0.0017681,0.0010724,0.00023928,1.9641e-005,5.9312e-007,0,0,0,0,0,0,0,0,0,0,0,0,0,0,0,0,0,0
0,0,0,0,0,0,1.7911e-008,3.2976e-005,0.0010796,0.013097,0.058604,0.096565,0.058557,0.013065,0.001073,5.2025e-005,0.00023928,0.0010724,0.0017681,0.0010724,0.00023928,1.9659e-005,1.1862e-006,7.2257e-006,3.2383e-005,5.3391e-005,3.2383e-005,7.2257e-006,5.9312e-007,1.7911e-008,0,0,0,0,0,0,0,0,0,0,0,0,0,0,0,0,0,0,0,0,0,0,0,0,0,7.2257e-006,0.00023928,0.002915,0.013064,0.021539,0.013064,0.002915,0.00023928,7.2257e-006,0,0,0,0,0,0,0,0,0,0,0,0,0,0,0,0,0,0
0,0,0,0,0,0,5.9312e-007,7.3032e-005,0.0020074,0.022612,0.098308,0.16026,0.096826,0.021591,0.0017831,0.00029327,0.0029151,0.013064,0.021539,0.013064,0.002915,0.00023928,7.2257e-006,0,0,0,0,0,0,0,0,0,0,0,0,0,0,0,0,0,0,0,0,0,0,0,0,0,0,0,0,0,0,0,0,3.2383e-005,0.0010724,0.013064,0.05855,0.096533,0.05855,0.013064,0.0010724,3.2383e-005,0,0,0,0,0,0,0,0,0,0,0,0,0,0,0,0,0,0
0,0,0,0,1.7911e-008,5.9312e-007,1.4451e-005,0.00030405,0.0040414,0.026181,0.080336,0.11067,0.063233,0.014376,0.0013513,0.0011244,0.013065,0.05855,0.096533,0.05855,0.013064,0.0010724,3.2383e-005,0,0,0,0,0,0,0,0,0,0,0,0,0,0,0,0,0,0,0,0,0,0,0,0,0,0,0,0,0,0,0,0,5.3391e-005,0.0017681,0.021539,0.096533,0.15916,0.096533,0.021539,0.0017681,5.3391e-005,0,0,0,0,0,0,0,0,0,0,0,0,0,0,0,0,0,0
0,0,0,1.7911e-008,1.1862e-006,2.6867e-005,0.00030405,0.0022054,0.015111,0.062784,0.11275,0.093174,0.047669,0.017052,0.0032401,0.0020146,0.021547,0.096533,0.15916,0.096533,0.021539,0.0017681,5.3391e-005,0,0,0,0,0,0,0,0,0,0,0,0,0,0,0,0,0,0,0,0,0,0,0,0,0,0,0,0,0,0,0,0,3.2383e-005,0.0010724,0.013064,0.05855,0.096533,0.05855,0.013064,0.0010724,3.2383e-005,0,0,0,0,0,0,0,0,0,0,0,0,0,0,0,0,0,0
0,0,0,5.9312e-007,2.6867e-005,0.00047856,0.0040408,0.016601,0.044203,0.11115,0.17623,0.15712,0.11921,0.06059,0.013177,0.002146,0.013097,0.05855,0.096533,0.05855,0.013064,0.0010724,3.2383e-005,0,0,0,1.7911e-008,5.9312e-007,7.2257e-006,3.2383e-005,5.3391e-005,3.2383e-005,7.2436e-006,1.1862e-006,7.2436e-006,3.2383e-005,5.3391e-005,3.2383e-005,7.2257e-006,5.9312e-007,1.7911e-008,0,0,0,0,0,0,0,0,0,0,0,0,0,0,7.2257e-006,0.00023928,0.002915,0.013064,0.021539,0.013064,0.002915,0.00023928,7.2257e-006,0,0,1.7911e-008,5.9312e-007,7.2257e-006,3.2383e-005,5.3391e-005,3.2383e-005,7.2257e-006,5.9312e-007,1.7911e-008,0,0,0,0,0,0,0
0,0,0,7.2257e-006,0.00027166,0.0039874,0.026162,0.08117,0.12276,0.1219,0.13173,0.15733,0.17407,0.098718,0.021872,0.0020594,0.0029763,0.013065,0.021539,0.013064,0.002915,0.00023928,7.2257e-006,0,0,0,5.9312e-007,1.9641e-005,0.00023928,0.0010724,0.0017681,0.0010724,0.00023987,3.9283e-005,0.00023987,0.0010724,0.0017681,0.0010724,0.00023928,1.9641e-005,5.9312e-007,0,0,0,1.7911e-008,5.9312e-007,7.2257e-006,3.2401e-005,5.3984e-005,3.9609e-005,3.9609e-005,5.3984e-005,3.2401e-005,7.2257e-006,5.9312e-007,6.1103e-007,1.9641e-005,0.00023928,0.0010724,0.0017681,0.0010724,0.00023928,1.9641e-005,5.9312e-007,0,0,5.9312e-007,1.9641e-005,0.00023928,0.0010724,0.0017681,0.0010724,0.00023928,1.9641e-005,5.9312e-007,0,0,0,0,0,0,0
0,0,0,3.2383e-005,0.0011258,0.014833,0.080117,0.19356,0.22197,0.12681,0.062972,0.087811,0.12154,0.072946,0.017756,0.0024037,0.00051817,0.001092,0.0017687,0.001073,0.00024651,5.2025e-005,5.3984e-005,3.2383e-005,7.2257e-006,5.9312e-007,7.2436e-006,0.00023928,0.002915,0.013064,0.021539,0.013064,0.0029223,0.00047856,0.0029223,0.013064,0.021539,0.013064,0.002915,0.00023928,7.2257e-006,0,0,0,5.9312e-007,1.9641e-005,0.00023928,0.001073,0.0017877,0.0013117,0.0013117,0.0017877,0.001073,0.00023928,1.9641e-005,6.1103e-007,5.9312e-007,7.2257e-006,3.2383e-005,5.3391e-005,3.2383e-005,7.2257e-006,5.9312e-007,1.7911e-008,0,0,7.2257e-006,0.00023928,0.002915,0.013064,0.021539,0.013064,0.002915,0.00023928,7.2257e-006,0,0,0,0,0,0,0
0,0,0,5.3391e-005,0.0018004,0.022619,0.10984,0.22088,0.20932,0.11708,0.067191,0.090031,0.12441,0.084945,0.037527,0.014377,0.0029619,0.00027166,6.121e-005,5.2025e-005,0.00024651,0.001073,0.0017681,0.0010724,0.00023928,1.9641e-005,3.2976e-005,0.0010724,0.013064,0.05855,0.096533,0.05855,0.013097,0.0021448,0.013097,0.05855,0.096533,0.05855,0.013064,0.0010724,3.2383e-005,0,0,0,7.2257e-006,0.00023928,0.002915,0.013072,0.021779,0.015979,0.015979,0.021779,0.013072,0.002915,0.00023928,7.2257e-006,0,0,0,0,0,0,0,0,0,0,3.2383e-005,0.0010724,0.013064,0.05855,0.096533,0.05855,0.013064,0.0010724,3.2383e-005,0,0,0,0,0,0,0
0,0,0,3.2383e-005,0.0010796,0.013336,0.06257,0.12373,0.15177,0.18303,0.18094,0.17063,0.18819,0.15729,0.11835,0.060338,0.013118,0.0010724,3.9609e-005,0.00023928,0.002915,0.013064,0.021539,0.013064,0.0029156,0.00024651,9.3e-005,0.0018215,0.021572,0.09654,0.15916,0.096533,0.021593,0.0035361,0.021593,0.096533,0.15916,0.096534,0.021547,0.0018004,0.00010678,3.2383e-005,7.2257e-006,5.9312e-007,3.2401e-005,0.0010724,0.013064,0.058583,0.097605,0.071614,0.071614,0.097605,0.058583,0.013064,0.0010724,3.2383e-005,0,0,0,0,0,0,0,0,0,0,5.3409e-005,0.0017687,0.021547,0.096565,0.15921,0.096565,0.021547,0.0017687,5.3409e-005,0,0,0,0,0,0,0
5.3391e-005,3.2383e-005,7.2257e-006,7.8188e-006,0.00023991,0.0029887,0.015132,0.045952,0.13299,0.2608,0.26954,0.17952,0.1432,0.15801,0.17252,0.097633,0.021605,0.0018215,0.00011877,0.0010874,0.013105,0.058636,0.096619,0.05859,0.013092,0.0013123,0.0011378,0.0028477,0.014169,0.058843,0.096585,0.058558,0.013097,0.0021448,0.013097,0.05855,0.096534,0.05857,0.013304,0.0021448,0.0018004,0.0010724,0.00023928,1.9641e-005,5.3984e-005,0.0017681,0.021539,0.096586,0.16092,0.11807,0.11807,0.16092,0.096586,0.021539,0.0017681,5.3391e-005,0,0,0,0,0,0,0,0,0,0,3.2976e-005,0.001092,0.013304,0.059623,0.098301,0.059623,0.013304,0.001092,3.2976e-005,0,0,0,0,0,0,0
0.0017687,0.0010796,0.00027166,7.3625e-005,5.3229e-005,0.00029914,0.0024248,0.017017,0.074556,0.15697,0.16128,0.098897,0.070313,0.085791,0.10242,0.059268,0.014151,0.002841,0.0011784,0.0022663,0.022871,0.099374,0.162,0.097852,0.022038,0.0047039,0.013145,0.022018,0.017052,0.017747,0.022851,0.013311,0.0029491,0.00051154,0.0029757,0.013097,0.021554,0.013304,0.0058301,0.013304,0.021547,0.013064,0.002915,0.00023928,3.9609e-005,0.0010724,0.013064,0.058583,0.097613,0.071647,0.071668,0.097638,0.05859,0.013065,0.0010724,3.2383e-005,0,0,0,0,0,0,0,0,0,0,1.4451e-005,0.00047856,0.0058301,0.026129,0.043079,0.026129,0.0058301,0.00047856,1.4451e-005,0,0,0,0,0,0,0
0.021559,0.013304,0.003988,0.0020146,0.0011198,0.000547,0.0032656,0.01652,0.038677,0.050775,0.052975,0.078088,0.10547,0.073188,0.035142,0.017125,0.016045,0.021793,0.013351,0.0071418,0.029283,0.093161,0.13114,0.074562,0.017291,0.01439,0.05883,0.099468,0.071854,0.035683,0.015938,0.0040928,0.00075082,0.0011261,0.0020085,0.0021448,0.0020397,0.0021644,0.013304,0.05857,0.096534,0.05855,0.013064,0.0010724,3.9609e-005,0.00023928,0.0029156,0.013091,0.022018,0.017052,0.017747,0.022851,0.013311,0.0029347,0.00023987,7.2257e-006,0,0,0,0,0,0,0,0,0,0,3.2976e-005,0.001092,0.013304,0.059623,0.098301,0.059623,0.013304,0.001092,3.2976e-005,0,0,0,0,0,0,0
0.096772,0.061466,0.026148,0.022851,0.014201,0.0057633,0.014635,0.061978,0.11122,0.087614,0.063581,0.12342,0.17306,0.10085,0.025699,0.017681,0.059915,0.096824,0.059682,0.027441,0.075602,0.16818,0.17662,0.084732,0.01882,0.022916,0.097646,0.17223,0.15514,0.1184,0.061484,0.015165,0.0050676,0.013337,0.021566,0.013097,0.0030218,0.0020403,0.021561,0.096566,0.15921,0.096565,0.021547,0.0017687,5.4002e-005,1.9641e-005,0.00024651,0.0013123,0.0047027,0.014376,0.022851,0.014852,0.003988,0.00047856,2.6867e-005,5.9312e-007,0,0,0,0,0,0,0,0,0,0,5.3409e-005,0.0017687,0.021547,0.096565,0.15921,0.096565,0.021547,0.0017687,5.3409e-005,0,0,0,0,0,0,0
0.16023,0.1096,0.080329,0.10122,0.071722,0.036412,0.036789,0.11267,0.21918,0.20734,0.1518,0.16996,0.15646,0.074648,0.029022,0.044216,0.10964,0.16212,0.098594,0.044874,0.12008,0.25681,0.25746,0.11918,0.024619,0.014959,0.060392,0.11832,0.15639,0.1769,0.11177,0.044423,0.027916,0.061519,0.096772,0.058557,0.013097,0.0021644,0.013336,0.059623,0.098301,0.059623,0.013304,0.001092,3.2994e-005,5.9312e-007,3.9609e-005,0.0011048,0.013118,0.05859,0.096573,0.058604,0.013097,0.0010796,3.2976e-005,1.7911e-008,0,0,0,0,0,0,0,0,0,0,3.2383e-005,0.0010724,0.013064,0.05855,0.096533,0.05855,0.013064,0.0010724,3.2383e-005,0,0,0,0,0,0,0
0.098301,0.080122,0.11067,0.1733,0.1552,0.11951,0.076495,0.096108,0.19875,0.24083,0.20931,0.19492,0.121,0.047786,0.064313,0.10989,0.11711,0.10964,0.06076,0.027287,0.072726,0.15516,0.15514,0.071654,0.014383,0.00406,0.014408,0.037551,0.085751,0.13405,0.13046,0.11429,0.081402,0.10964,0.16026,0.096619,0.021586,0.0022539,0.0058841,0.026129,0.043079,0.026129,0.0058301,0.00047856,1.4451e-005,0,5.3391e-005,0.0017681,0.021539,0.096533,0.15916,0.096533,0.021539,0.0017687,6.121e-005,3.9609e-005,8.5774e-005,8.5774e-005,3.9609e-005,7.8188e-006,6.1103e-007,1.7911e-008,0,0,0,0,7.2257e-006,0.00023928,0.002915,0.013064,0.021539,0.013064,0.002915,0.00023928,7.2257e-006,0,0,0,0,0,0,0
0.022665,0.026215,0.06326,0.11856,0.15642,0.17741,0.11864,0.082576,0.11755,0.13873,0.12365,0.11228,0.064941,0.036788,0.098323,0.16214,0.10962,0.043325,0.016151,0.0078908,0.017291,0.03485,0.034623,0.015981,0.003174,0.00052599,0.0023985,0.017833,0.074508,0.13988,0.16821,0.17622,0.11096,0.080422,0.099406,0.060379,0.01417,0.0024037,0.013356,0.059623,0.098301,0.059623,0.013304,0.001092,3.2976e-005,0,3.2383e-005,0.0010724,0.013064,0.05855,0.096533,0.05855,0.013065,0.0010926,0.00029131,0.0013117,0.0028404,0.0028404,0.0013117,0.00025892,2.0235e-005,5.9312e-007,0,0,0,0,5.9312e-007,1.9641e-005,0.00023928,0.0010724,0.0017681,0.0010724,0.00023928,1.9641e-005,5.9312e-007,0,0,0,0,0,0,0
0.0037754,0.0050994,0.014855,0.03759,0.085785,0.13515,0.14395,0.17506,0.17147,0.097428,0.043459,0.038761,0.036034,0.029091,0.061732,0.097027,0.059869,0.017748,0.015229,0.02207,0.014396,0.0057561,0.0030797,0.0013189,0.0002607,0.00010831,0.0020923,0.02299,0.10051,0.17508,0.15642,0.11882,0.064565,0.030866,0.036748,0.034875,0.016052,0.0049236,0.021793,0.096573,0.15921,0.096565,0.021547,0.0017687,5.3409e-005,0,7.2257e-006,0.00023928,0.002915,0.013064,0.021539,0.013064,0.0029223,0.00048579,0.0031615,0.015979,0.034604,0.034604,0.015979,0.0031543,0.00024651,7.2257e-006,0,0,0,0,1.7911e-008,5.9312e-007,7.2257e-006,3.2383e-005,5.3391e-005,3.2383e-005,7.2257e-006,5.9312e-007,1.7911e-008,0,0,0,0,0,0,0
0.021612,0.013376,0.0053063,0.018041,0.074516,0.14162,0.18973,0.27194,0.2582,0.12146,0.039596,0.064155,0.09899,0.061945,0.026176,0.022685,0.014255,0.016065,0.05883,0.096556,0.05859,0.01315,0.0011582,7.2585e-005,3.4686e-005,0.00051157,0.0050604,0.027911,0.081434,0.11281,0.074821,0.037818,0.02852,0.038624,0.073622,0.10053,0.059061,0.014164,0.014137,0.058583,0.096533,0.05855,0.013064,0.0010724,3.2383e-005,0,5.9312e-007,1.9677e-005,0.00024047,0.0010868,0.0018328,0.0011792,0.00033643,0.0011389,0.014138,0.071615,0.15508,0.15508,0.071614,0.014137,0.0011048,3.2383e-005,0,0,0,0,0,0,0,0,0,0,0,0,0,0,0,0,0,0,0,0
0.096534,0.058611,0.014884,0.022937,0.098775,0.17507,0.16922,0.17688,0.1572,0.076412,0.048805,0.11924,0.17231,0.099714,0.023091,0.0046697,0.0046691,0.022883,0.096845,0.15921,0.096541,0.02154,0.0017681,6.0617e-005,0.00027166,0.0039947,0.026368,0.083005,0.12268,0.083276,0.028513,0.018881,0.06167,0.11835,0.15516,0.17225,0.09762,0.021812,0.0046909,0.013157,0.021625,0.01315,0.0029547,0.0002471,7.8367e-006,1.7911e-008,1.7911e-008,1.7794e-006,4.6508e-005,0.00051095,0.0021982,0.0035685,0.0022054,0.0023006,0.023347,0.11807,0.25569,0.25569,0.11807,0.023307,0.0018215,5.3391e-005,1.7911e-008,5.9312e-007,7.2257e-006,3.2383e-005,5.3391e-005,3.2383e-005,7.2257e-006,5.9312e-007,1.7911e-008,0,0,0,0,0,0,0,0,0,0,0
0.15919,0.096619,0.022645,0.014854,0.058883,0.099741,0.074562,0.047708,0.036781,0.030148,0.074769,0.15533,0.1551,0.071868,0.017118,0.014335,0.022981,0.027269,0.063267,0.097852,0.058805,0.013116,0.0011264,9.715e-005,0.001133,0.014834,0.080109,0.19331,0.21878,0.11143,0.025517,0.023718,0.097743,0.17224,0.15508,0.11808,0.060352,0.013211,0.001603,0.0024237,0.0046091,0.0039128,0.0015509,0.00027856,2.0828e-005,5.9312e-007,0,1.4451e-005,0.00047856,0.0058301,0.026129,0.043079,0.026161,0.0069349,0.014615,0.071629,0.15508,0.15508,0.071614,0.014137,0.0011048,3.2383e-005,5.9312e-007,1.9641e-005,0.00023928,0.0010724,0.0017681,0.0010724,0.00023928,1.9641e-005,5.9312e-007,0,0,0,0,0,0,0,0,0,0,0
0.097605,0.060325,0.014376,0.0042273,0.013137,0.021806,0.014408,0.0058623,0.0048874,0.023105,0.099707,0.17224,0.11812,0.035916,0.018847,0.061104,0.10187,0.07659,0.048793,0.035943,0.016272,0.0042345,0.002047,0.0011864,0.0020721,0.022639,0.1096,0.21771,0.19312,0.080415,0.01701,0.015973,0.059895,0.099695,0.071686,0.034897,0.015249,0.0049698,0.0044738,0.016258,0.034677,0.034637,0.015987,0.0031621,0.00027891,6.0617e-005,3.2383e-005,7.1992e-005,0.0021454,0.026129,0.1171,0.19307,0.11711,0.026375,0.0052991,0.016044,0.034604,0.034604,0.015979,0.0031543,0.00024651,7.2257e-006,7.2257e-006,0.00023928,0.002915,0.013064,0.021539,0.013064,0.002915,0.00023928,7.2257e-006,0,0,0,0,0,0,0,0,0,0,0
0.034604,0.034604,0.015999,0.0033942,0.0013391,0.0020224,0.0021844,0.0021255,0.0022508,0.013363,0.058817,0.097614,0.060611,0.018828,0.036207,0.12235,0.19944,0.18154,0.13353,0.065488,0.017384,0.014623,0.022664,0.014865,0.005067,0.013782,0.061492,0.10961,0.080329,0.029051,0.017291,0.024727,0.026175,0.02494,0.015688,0.0093734,0.015481,0.02313,0.02724,0.074531,0.15532,0.15509,0.071634,0.014376,0.0021772,0.0018004,0.0010724,0.00034666,0.003563,0.043112,0.19312,0.31834,0.19307,0.0431,0.0037951,0.0014184,0.0028404,0.0028404,0.0013117,0.00025892,2.0235e-005,5.9312e-007,3.2383e-005,0.0010724,0.013064,0.05855,0.096533,0.05855,0.013064,0.0010724,3.2383e-005,0,0,0,0,0,0,0,0,0,0,0
0.060318,0.097605,0.05879,0.013098,0.0013446,0.0030008,0.013097,0.021554,0.013304,0.0058307,0.013311,0.021611,0.014222,0.017124,0.073226,0.17284,0.24824,0.28623,0.24497,0.11475,0.036219,0.06328,0.10965,0.080097,0.026368,0.0069221,0.013575,0.022651,0.015905,0.017052,0.059048,0.096806,0.059863,0.017787,0.016314,0.034929,0.07172,0.10128,0.082098,0.13114,0.25676,0.25573,0.11831,0.026223,0.014886,0.021593,0.013065,0.0029994,0.0026233,0.027208,0.11887,0.19414,0.11734,0.026149,0.0021532,0.00010438,8.5774e-005,8.5774e-005,3.9609e-005,7.8188e-006,6.1103e-007,1.7911e-008,5.3391e-005,0.0017681,0.021539,0.096533,0.15916,0.096533,0.021539,0.0017681,5.3391e-005,0,0,0,0,0,0,0,0,0,0,0
0.096586,0.15919,0.09654,0.021572,0.0028405,0.013118,0.05855,0.096534,0.05857,0.013304,0.0021454,0.0018611,0.0028801,0.022157,0.10237,0.2079,0.28622,0.34884,0.25635,0.095247,0.038524,0.11076,0.21774,0.19307,0.080109,0.015072,0.0022054,0.0018862,0.0028938,0.021811,0.09656,0.1592,0.097638,0.034711,0.062119,0.11813,0.15512,0.17332,0.11174,0.093186,0.15685,0.15517,0.072687,0.027201,0.059655,0.096565,0.058557,0.013318,0.004466,0.018927,0.047668,0.056143,0.029044,0.0060694,0.00048579,1.4451e-005,0,0,0,0,0,0,3.2383e-005,0.0010724,0.013064,0.05855,0.096533,0.05855,0.013064,0.0010724,3.2383e-005,0,0,0,0,0,0,0,0,0,0,0
0.05855,0.096533,0.05855,0.013118,0.0028404,0.021572,0.096533,0.15916,0.096534,0.021547,0.0018201,0.00037845,0.0021777,0.014945,0.062711,0.13269,0.21837,0.28294,0.178,0.048853,0.020589,0.080415,0.19307,0.21771,0.1096,0.022626,0.0018652,0.00019256,0.0011372,0.013079,0.058551,0.096586,0.060318,0.034636,0.098678,0.17225,0.15509,0.11832,0.063473,0.029097,0.035676,0.034689,0.017747,0.024694,0.09678,0.15917,0.096598,0.022666,0.014904,0.059089,0.098679,0.062094,0.015241,0.0016049,0.00011127,4.0795e-005,5.3984e-005,3.2401e-005,7.2257e-006,5.9312e-007,1.7911e-008,0,7.2257e-006,0.00023928,0.002915,0.013064,0.021539,0.013064,0.002915,0.00023928,7.2257e-006,0,0,0,0,0,0,0,0,0,0,0
0.013064,0.021539,0.013064,0.0029474,0.0013117,0.013072,0.05855,0.096533,0.05855,0.013072,0.0013117,0.0029547,0.013304,0.024495,0.027468,0.040725,0.086283,0.12387,0.074716,0.017603,0.0056114,0.026221,0.080098,0.10961,0.061517,0.013596,0.0021844,0.0018149,0.0013123,0.0031543,0.013084,0.021572,0.014137,0.015987,0.059036,0.099488,0.071668,0.034656,0.014403,0.0042597,0.0030797,0.0028801,0.0023841,0.013324,0.058597,0.096805,0.059729,0.016633,0.023693,0.09682,0.15926,0.09688,0.022677,0.0035702,0.0013662,0.0013117,0.0017877,0.001073,0.00023928,1.9641e-005,5.9312e-007,0,5.9312e-007,1.9641e-005,0.00023928,0.0010724,0.0017681,0.0010724,0.00023928,1.9641e-005,5.9312e-007,0,0,0,0,0,0,1.7911e-008,5.9312e-007,7.2257e-006,3.2383e-005,5.3391e-005
0.0010724,0.0017681,0.0010724,0.00024651,0.00025892,0.0029156,0.013064,0.021539,0.013064,0.0029474,0.0013117,0.013072,0.05857,0.096794,0.060153,0.020956,0.029386,0.045178,0.027522,0.007234,0.0028054,0.0051084,0.015099,0.022879,0.014623,0.0076502,0.01443,0.021819,0.013111,0.0031555,0.0013117,0.0017825,0.0013123,0.0031746,0.013343,0.022852,0.015905,0.0057561,0.0015588,0.00030576,0.00010601,9.3593e-005,0.00027948,0.0029497,0.013543,0.025527,0.027929,0.026599,0.026607,0.061499,0.097012,0.061472,0.026136,0.022851,0.016012,0.015979,0.021779,0.013072,0.002915,0.00023928,7.2257e-006,0,1.7911e-008,5.9312e-007,7.2257e-006,3.2383e-005,5.3391e-005,3.2383e-005,7.2257e-006,5.9312e-007,1.7911e-008,0,0,0,0,0,0,5.9312e-007,1.9641e-005,0.00023928,0.0010724,0.0017681
3.2383e-005,5.3391e-005,3.2383e-005,7.8188e-006,2.0235e-005,0.0002393,0.0010724,0.0017681,0.0010724,0.00029267,0.0017877,0.021541,0.096554,0.15944,0.098763,0.036725,0.062568,0.098921,0.062837,0.027482,0.02448,0.014481,0.0045272,0.0050276,0.015471,0.035948,0.073456,0.10055,0.059037,0.013099,0.0011054,8.6367e-005,5.925e-005,0.00048581,0.0039886,0.01484,0.022644,0.013357,0.0029671,0.0002471,7.8188e-006,6.1103e-007,2.6867e-005,0.00051095,0.0050598,0.027897,0.081169,0.11008,0.0644,0.026401,0.023691,0.026161,0.061498,0.097845,0.071622,0.071614,0.097605,0.058583,0.013064,0.0010724,3.2383e-005,0,0,0,0,0,0,0,0,0,0,0,0,0,0,0,0,7.2257e-006,0.00023928,0.002915,0.013064,0.021539
0,0,0,1.7911e-008,5.9312e-007,7.2257e-006,3.2383e-005,5.3391e-005,3.2383e-005,3.9609e-005,0.001073,0.013072,0.058809,0.099741,0.074456,0.057918,0.11181,0.16373,0.11305,0.094274,0.12166,0.072812,0.017339,0.014769,0.063578,0.13227,0.17842,0.18636,0.10076,0.021831,0.0017759,5.3409e-005,3.2994e-005,0.0010802,0.013104,0.058636,0.096619,0.05859,0.013072,0.001073,3.2401e-005,1.7911e-008,3.2994e-005,0.0011336,0.014872,0.080175,0.19315,0.21777,0.10984,0.023738,0.0053366,0.022665,0.096826,0.16094,0.11807,0.11807,0.16092,0.096586,0.021539,0.0017681,5.3391e-005,0,0,0,0,0,0,0,0,0,0,0,0,0,0,0,0,3.2401e-005,0.001073,0.013072,0.058583,0.096586
0,0,0,0,0,0,0,0,0,7.2257e-006,0.00023928,0.0029547,0.014376,0.037551,0.085752,0.13406,0.13053,0.11567,0.097652,0.18233,0.28007,0.16931,0.039585,0.026222,0.11475,0.24561,0.27426,0.18998,0.07635,0.014437,0.0011126,3.2401e-005,5.3984e-005,0.0017877,0.021779,0.097605,0.16092,0.097605,0.021779,0.0017877,5.3984e-005,0,5.3984e-005,0.0018201,0.022852,0.11068,0.21951,0.19419,0.080368,0.014924,0.0022533,0.013136,0.058622,0.09766,0.071654,0.071654,0.097659,0.058615,0.013072,0.001073,3.2401e-005,0,0,0,0,0,0,0,0,0,0,0,0,0,0,0,0,5.3984e-005,0.0017877,0.021779,0.097605,0.16092
0,0,0,0,0,0,0,0,0,6.1103e-007,2.0235e-005,0.00033228,0.0039452,0.036433,0.15645,0.25909,0.16937,0.062064,0.06756,0.22994,0.37402,0.22675,0.051981,0.02298,0.1066,0.27631,0.34144,0.19437,0.050052,0.0060344,0.0003447,7.8188e-006,3.9609e-005,0.0013117,0.015979,0.071614,0.11807,0.071614,0.015979,0.0013117,3.9609e-005,0,3.9609e-005,0.0013195,0.016238,0.074769,0.13221,0.094922,0.030116,0.0044738,0.00055745,0.0031621,0.014145,0.023566,0.017291,0.017291,0.023566,0.014145,0.0031543,0.00025892,7.8188e-006,0,0,0,0,0,0,0,0,0,0,0,0,0,0,0,0,3.9609e-005,0.0013117,0.015979,0.071614,0.11807
0,0,0,0,0,0,0,0,0,6.1103e-007,2.0235e-005,0.00033228,0.0039452,0.036433,0.15645,0.25909,0.16937,0.062064,0.06756,0.22994,0.37402,0.22675,0.051981,0.02298,0.1066,0.27631,0.34144,0.19437,0.050052,0.0060344,0.0003447,7.8188e-006,3.9609e-005,0.0013117,0.015979,0.071614,0.11807,0.071614,0.015979,0.0013117,3.9609e-005,0,3.9609e-005,0.0013195,0.016238,0.074769,0.13221,0.094922,0.030116,0.0044738,0.00055745,0.0031621,0.014145,0.023566,0.017291,0.017291,0.023566,0.014145,0.0031543,0.00025892,7.8188e-006,0,0,0,0,0,0,0,0,0,0,0,0,0,0,0,0,3.9609e-005,0.0013117,0.015979,0.071614,0.11807
0,0,0,0,0,0,0,0,0,7.2257e-006,0.00023928,0.0029547,0.014376,0.037551,0.085752,0.13406,0.13053,0.11567,0.097652,0.18233,0.28007,0.16931,0.039585,0.026222,0.11475,0.24561,0.27426,0.18998,0.07635,0.014437,0.0011126,3.2401e-005,5.3984e-005,0.0017877,0.021779,0.097605,0.16092,0.097605,0.021779,0.0017877,5.3984e-005,0,5.3984e-005,0.0018201,0.022852,0.11068,0.21951,0.19419,0.080368,0.014924,0.0022533,0.013136,0.058622,0.09766,0.071654,0.071654,0.097659,0.058615,0.013072,0.001073,3.2401e-005,0,0,0,0,0,0,0,0,0,0,0,0,0,0,0,0,5.3984e-005,0.0017877,0.021779,0.097605,0.16092
0,0,0,1.7911e-008,5.9312e-007,7.2257e-006,3.2383e-005,5.3391e-005,3.2383e-005,3.9609e-005,0.001073,0.013072,0.058809,0.099741,0.074456,0.057918,0.11181,0.16373,0.11305,0.094274,0.12166,0.072812,0.017339,0.014769,0.063578,0.13227,0.17842,0.18636,0.10076,0.021831,0.0017759,5.3409e-005,3.2994e-005,0.0010802,0.013104,0.058636,0.096619,0.05859,0.013072,0.001073,3.2401e-005,1.7911e-008,3.2994e-005,0.0011336,0.014872,0.080175,0.19315,0.21777,0.10984,0.023738,0.0053366,0.022665,0.096826,0.16094,0.11807,0.11807,0.16092,0.096586,0.021539,0.0017681,5.3391e-005,0,0,0,0,0,0,0,0,0,0,0,0,0,0,0,0,3.2401e-005,0.001073,0.013072,0.058583,0.096586
3.2383e-005,5.3391e-005,3.2383e-005,7.8188e-006,2.0235e-005,0.0002393,0.0010724,0.0017681,0.0010724,0.00029267,0.0017877,0.021541,0.096554,0.15944,0.098763,0.036725,0.062568,0.098921,0.062837,0.027482,0.02448,0.014481,0.0045272,0.0050276,0.015471,0.035948,0.073456,0.10055,0.059037,0.013099,0.0011054,8.6367e-005,5.925e-005,0.00048581,0.0039886,0.01484,0.022644,0.013357,0.0029671,0.0002471,7.8188e-006,6.1103e-007,2.6867e-005,0.00051095,0.0050598,0.027897,0.081169,0.11008,0.0644,0.026401,0.023691,0.026161,0.061498,0.097845,0.071622,0.071614,0.097605,0.058583,0.013064,0.0010724,3.2383e-005,0,0,0,0,0,0,0,0,0,0,0,0,0,0,0,0,7.2257e-006,0.00023928,0.002915,0.013064,0.021539
0.0010724,0.0017681,0.0010724,0.00024651,0.00025892,0.0029156,0.013064,0.021539,0.013064,0.0029474,0.0013117,0.013072,0.05857,0.096794,0.060153,0.020956,0.029386,0.045178,0.027522,0.007234,0.0028054,0.0051084,0.015099,0.022879,0.014623,0.0076502,0.01443,0.021819,0.013111,0.0031555,0.0013117,0.0017825,0.0013123,0.0031746,0.013343,0.022852,0.015905,0.0057561,0.0015588,0.00030576,0.00010601,9.3593e-005,0.00027948,0.0029497,0.013543,0.025527,0.027929,0.026599,0.026607,0.061499,0.097012,0.061472,0.026136,0.022851,0.016012,0.015979,0.021779,0.013072,0.002915,0.00023928,7.2257e-006,0,1.7911e-008,5.9312e-007,7.2257e-006,3.2383e-005,5.3391e-005,3.2383e-005,7.2257e-006,5.9312e-007,1.7911e-008,0,0,0,0,0,0,5.9312e-007,1.9641e-005,0.00023928,0.0010724,0.0017681
0.013064,0.021539,0.013064,0.0029474,0.0013117,0.013072,0.05855,0.096533,0.05855,0.013072,0.0013117,0.0029547,0.013304,0.024495,0.027468,0.040725,0.086283,0.12387,0.074716,0.017603,0.0056114,0.026221,0.080098,0.10961,0.061517,0.013596,0.0021844,0.0018149,0.0013123,0.0031543,0.013084,0.021572,0.014137,0.015987,0.059036,0.099488,0.071668,0.034656,0.014403,0.0042597,0.0030797,0.0028801,0.0023841,0.013324,0.058597,0.096805,0.059729,0.016633,0.023693,0.09682,0.15926,0.09688,0.022677,0.0035702,0.0013662,0.0013117,0.0017877,0.001073,0.00023928,1.9641e-005,5.9312e-007,0,5.9312e-007,1.9641e-005,0.00023928,0.0010724,0.0017681,0.0010724,0.00023928,1.9641e-005,5.9312e-007,0,0,0,0,0,0,1.7911e-008,5.9312e-007,7.2257e-006,3.2383e-005,5.3391e-005
0.05855,0.096533,0.05855,0.013118,0.0028404,0.021572,0.096533,0.15916,0.096534,0.021547,0.0018201,0.00037845,0.0021777,0.014945,0.062711,0.13269,0.21837,0.28294,0.178,0.048853,0.020589,0.080415,0.19307,0.21771,0.1096,0.022626,0.0018652,0.00019256,0.0011372,0.013079,0.058551,0.096586,0.060318,0.034636,0.098678,0.17225,0.15509,0.11832,0.063473,0.029097,0.035676,0.034689,0.017747,0.024694,0.09678,0.15917,0.096598,0.022666,0.014904,0.059089,0.098679,0.062094,0.015241,0.0016049,0.00011127,4.0795e-005,5.3984e-005,3.2401e-005,7.2257e-006,5.9312e-007,1.7911e-008,0,7.2257e-006,0.00023928,0.002915,0.013064,0.021539,0.013064,0.002915,0.00023928,7.2257e-006,0,0,0,0,0,0,0,0,0,0,0
0.096586,0.15919,0.09654,0.021572,0.0028405,0.013118,0.05855,0.096534,0.05857,0.013304,0.0021454,0.0018611,0.0028801,0.022157,0.10237,0.2079,0.28622,0.34884,0.25635,0.095247,0.038524,0.11076,0.21774,0.19307,0.080109,0.015072,0.0022054,0.0018862,0.0028938,0.021811,0.09656,0.1592,0.097638,0.034711,0.062119,0.11813,0.15512,0.17332,0.11174,0.093186,0.15685,0.15517,0.072687,0.027201,0.059655,0.096565,0.058557,0.013318,0.004466,0.018927,0.047668,0.056143,0.029044,0.0060694,0.00048579,1.4451e-005,0,0,0,0,0,0,3.2383e-005,0.0010724,0.013064,0.05855,0.096533,0.05855,0.013064,0.0010724,3.2383e-005,0,0,0,0,0,0,0,0,0,0,0
0.060318,0.097605,0.05879,0.013098,0.0013446,0.0030008,0.013097,0.021554,0.013304,0.0058307,0.013311,0.021611,0.014222,0.017124,0.073226,0.17284,0.24824,0.28623,0.24497,0.11475,0.036219,0.06328,0.10965,0.080097,0.026368,0.0069221,0.013575,0.022651,0.015905,0.017052,0.059048,0.096806,0.059863,0.017787,0.016314,0.034929,0.07172,0.10128,0.082098,0.13114,0.25676,0.25573,0.11831,0.026223,0.014886,0.021593,0.013065,0.0029994,0.0026233,0.027208,0.11887,0.19414,0.11734,0.026149,0.0021532,0.00010438,8.5774e-005,8.5774e-005,3.9609e-005,7.8188e-006,6.1103e-007,1.7911e-008,5.3391e-005,0.0017681,0.021539,0.096533,0.15916,0.096533,0.021539,0.0017681,5.3391e-005,0,0,0,0,0,0,0,0,0,0,0
0.034604,0.034604,0.015999,0.0033942,0.0013391,0.0020224,0.0021844,0.0021255,0.0022508,0.013363,0.058817,0.097614,0.060611,0.018828,0.036207,0.12235,0.19944,0.18154,0.13353,0.065488,0.017384,0.014623,0.022664,0.014865,0.005067,0.013782,0.061492,0.10961,0.080329,0.029051,0.017291,0.024727,0.026175,0.02494,0.015688,0.0093734,0.015481,0.02313,0.02724,0.074531,0.15532,0.15509,0.071634,0.014376,0.0021772,0.0018004,0.0010724,0.00034666,0.003563,0.043112,0.19312,0.31834,0.19307,0.0431,0.0037951,0.0014184,0.0028404,0.0028404,0.0013117,0.00025892,2.0235e-005,5.9312e-007,3.2383e-005,0.0010724,0.013064,0.05855,0.096533,0.05855,0.013064,0.0010724,3.2383e-005,0,0,0,0,0,0,0,0,0,0,0
0.097605,0.060325,0.014376,0.0042273,0.013137,0.021806,0.014408,0.0058623,0.0048874,0.023105,0.099707,0.17224,0.11812,0.035916,0.018847,0.061104,0.10187,0.07659,0.048793,0.035943,0.016272,0.0042345,0.002047,0.0011864,0.0020721,0.022639,0.1096,0.21771,0.19312,0.080415,0.01701,0.015973,0.059895,0.099695,0.071686,0.034897,0.015249,0.0049698,0.0044738,0.016258,0.034677,0.034637,0.015987,0.0031621,0.00027891,6.0617e-005,3.2383e-005,7.1992e-005,0.0021454,0.026129,0.1171,0.19307,0.11711,0.026375,0.0052991,0.016044,0.034604,0.034604,0.015979,0.0031543,0.00024651,7.2257e-006,7.2257e-006,0.00023928,0.002915,0.013064,0.021539,0.013064,0.002915,0.00023928,7.2257e-006,0,0,0,0,0,0,0,0,0,0,0
0.15919,0.096619,0.022645,0.014854,0.058883,0.099741,0.074562,0.047708,0.036781,0.030148,0.074769,0.15533,0.1551,0.071868,0.017118,0.014335,0.022981,0.027269,0.063267,0.097852,0.058805,0.013116,0.0011264,9.715e-005,0.001133,0.014834,0.080109,0.19331,0.21878,0.11143,0.025517,0.023718,0.097743,0.17224,0.15508,0.11808,0.060352,0.013211,0.001603,0.0024237,0.0046091,0.0039128,0.0015509,0.00027856,2.0828e-005,5.9312e-007,0,1.4451e-005,0.00047856,0.0058301,0.026129,0.043079,0.026161,0.0069349,0.014615,0.071629,0.15508,0.15508,0.071614,0.014137,0.0011048,3.2383e-005,5.9312e-007,1.9641e-005,0.00023928,0.0010724,0.0017681,0.0010724,0.00023928,1.9641e-005,5.9312e-007,0,0,0,0,0,0,0,0,0,0,0
0.096534,0.058611,0.014884,0.022937,0.098775,0.17507,0.16922,0.17688,0.1572,0.076412,0.048805,0.11924,0.17231,0.099714,0.023091,0.0046697,0.0046691,0.022883,0.096845,0.15921,0.096541,0.02154,0.0017681,6.0617e-005,0.00027166,0.0039947,0.026368,0.083005,0.12268,0.083276,0.028513,0.018881,0.06167,0.11835,0.15516,0.17225,0.09762,0.021812,0.0046909,0.013157,0.021625,0.01315,0.0029547,0.0002471,7.8367e-006,1.7911e-008,1.7911e-008,1.7794e-006,4.6508e-005,0.00051095,0.0021982,0.0035685,0.0022054,0.0023006,0.023347,0.11807,0.25569,0.25569,0.11807,0.023307,0.0018215,5.3391e-005,1.7911e-008,5.9312e-007,7.2257e-006,3.2383e-005,5.3391e-005,3.2383e-005,7.2257e-006,5.9312e-007,1.7911e-008,0,0,0,0,0,0,0,0,0,0,0
0.021612,0.013376,0.0053063,0.018041,0.074516,0.14162,0.18973,0.27194,0.2582,0.12146,0.039596,0.064155,0.09899,0.061945,0.026176,0.022685,0.014255,0.016065,0.05883,0.096556,0.05859,0.01315,0.0011582,7.2585e-005,3.4686e-005,0.00051157,0.0050604,0.027911,0.081434,0.11281,0.074821,0.037818,0.02852,0.038624,0.073622,0.10053,0.059061,0.014164,0.014137,0.058583,0.096533,0.05855,0.013064,0.0010724,3.2383e-005,0,5.9312e-007,1.9677e-005,0.00024047,0.0010868,0.0018328,0.0011792,0.00033643,0.0011389,0.014138,0.071615,0.15508,0.15508,0.071614,0.014137,0.0011048,3.2383e-005,0,0,0,0,0,0,0,0,0,0,0,0,0,0,0,0,0,0,0,0
0.0037754,0.0050994,0.014855,0.03759,0.085785,0.13515,0.14395,0.17506,0.17147,0.097428,0.043459,0.038761,0.036034,0.029091,0.061732,0.097027,0.059869,0.017748,0.015229,0.02207,0.014396,0.0057561,0.0030797,0.0013189,0.0002607,0.00010831,0.0020923,0.02299,0.10051,0.17508,0.15642,0.11882,0.064565,0.030866,0.036748,0.034875,0.016052,0.0049236,0.021793,0.096573,0.15921,0.096565,0.021547,0.0017687,5.3409e-005,0,7.2257e-006,0.00023928,0.002915,0.013064,0.021539,0.013064,0.0029223,0.00048579,0.0031615,0.015979,0.034604,0.034604,0.015979,0.0031543,0.00024651,7.2257e-006,0,0,0,0,1.7911e-008,5.9312e-007,7.2257e-006,3.2383e-005,5.3391e-005,3.2383e-005,7.2257e-006,5.9312e-007,1.7911e-008,0,0,0,0,0,0,0
0.022665,0.026215,0.06326,0.11856,0.15642,0.17741,0.11864,0.082576,0.11755,0.13873,0.12365,0.11228,0.064941,0.036788,0.098323,0.16214,0.10962,0.043325,0.016151,0.0078908,0.017291,0.03485,0.034623,0.015981,0.003174,0.00052599,0.0023985,0.017833,0.074508,0.13988,0.16821,0.17622,0.11096,0.080422,0.099406,0.060379,0.01417,0.0024037,0.013356,0.059623,0.098301,0.059623,0.013304,0.001092,3.2976e-005,0,3.2383e-005,0.0010724,0.013064,0.05855,0.096533,0.05855,0.013065,0.0010926,0.00029131,0.0013117,0.0028404,0.0028404,0.0013117,0.00025892,2.0235e-005,5.9312e-007,0,0,0,0,5.9312e-007,1.9641e-005,0.00023928,0.0010724,0.0017681,0.0010724,0.00023928,1.9641e-005,5.9312e-007,0,0,0,0,0,0,0
0.098301,0.080122,0.11067,0.1733,0.1552,0.11951,0.076495,0.096108,0.19875,0.24083,0.20931,0.19492,0.121,0.047786,0.064313,0.10989,0.11711,0.10964,0.06076,0.027287,0.072726,0.15516,0.15514,0.071654,0.014383,0.00406,0.014408,0.037551,0.085751,0.13405,0.13046,0.11429,0.081402,0.10964,0.16026,0.096619,0.021586,0.0022539,0.0058841,0.026129,0.043079,0.026129,0.0058301,0.00047856,1.4451e-005,0,5.3391e-005,0.0017681,0.021539,0.096533,0.15916,0.096533,0.021539,0.0017687,6.121e-005,3.9609e-005,8.5774e-005,8.5774e-005,3.9609e-005,7.8188e-006,6.1103e-007,1.7911e-008,0,0,0,0,7.2257e-006,0.00023928,0.002915,0.013064,0.021539,0.013064,0.002915,0.00023928,7.2257e-006,0,0,0,0,0,0,0
0.16023,0.1096,0.080329,0.10122,0.071722,0.036412,0.036789,0.11267,0.21918,0.20734,0.1518,0.16996,0.15646,0.074648,0.029022,0.044216,0.10964,0.16212,0.098594,0.044874,0.12008,0.25681,0.25746,0.11918,0.024619,0.014959,0.060392,0.11832,0.15639,0.1769,0.11177,0.044423,0.027916,0.061519,0.096772,0.058557,0.013097,0.0021644,0.013336,0.059623,0.098301,0.059623,0.013304,0.001092,3.2994e-005,5.9312e-007,3.9609e-005,0.0011048,0.013118,0.05859,0.096573,0.058604,0.013097,0.0010796,3.2976e-005,1.7911e-008,0,0,0,0,0,0,0,0,0,0,3.2383e-005,0.0010724,0.013064,0.05855,0.096533,0.05855,0.013064,0.0010724,3.2383e-005,0,0,0,0,0,0,0
0.096772,0.061466,0.026148,0.022851,0.014201,0.0057633,0.014635,0.061978,0.11122,0.087614,0.063581,0.12342,0.17306,0.10085,0.025699,0.017681,0.059915,0.096824,0.059682,0.027441,0.075602,0.16818,0.17662,0.084732,0.01882,0.022916,0.097646,0.17223,0.15514,0.1184,0.061484,0.015165,0.0050676,0.013337,0.021566,0.013097,0.0030218,0.0020403,0.021561,0.096566,0.15921,0.096565,0.021547,0.0017687,5.4002e-005,1.9641e-005,0.00024651,0.0013123,0.0047027,0.014376,0.022851,0.014852,0.003988,0.00047856,2.6867e-005,5.9312e-007,0,0,0,0,0,0,0,0,0,0,5.3409e-005,0.0017687,0.021547,0.096565,0.15921,0.096565,0.021547,0.0017687,5.3409e-005,0,0,0,0,0,0,0
0.021559,0.013304,0.003988,0.0020146,0.0011198,0.000547,0.0032656,0.01652,0.038677,0.050775,0.052975,0.078088,0.10547,0.073188,0.035142,0.017125,0.016045,0.021793,0.013351,0.0071418,0.029283,0.093161,0.13114,0.074562,0.017291,0.01439,0.05883,0.099468,0.071854,0.035683,0.015938,0.0040928,0.00075082,0.0011261,0.0020085,0.0021448,0.0020397,0.0021644,0.013304,0.05857,0.096534,0.05855,0.013064,0.0010724,3.9609e-005,0.00023928,0.0029156,0.013091,0.022018,0.017052,0.017747,0.022851,0.013311,0.0029347,0.00023987,7.2257e-006,0,0,0,0,0,0,0,0,0,0,3.2976e-005,0.001092,0.013304,0.059623,0.098301,0.059623,0.013304,0.001092,3.2976e-005,0,0,0,0,0,0,0
0.0017687,0.0010796,0.00027166,7.3625e-005,5.3229e-005,0.00029914,0.0024248,0.017017,0.074556,0.15697,0.16128,0.098897,0.070313,0.085791,0.10242,0.059268,0.014151,0.002841,0.0011784,0.0022663,0.022871,0.099374,0.162,0.097852,0.022038,0.0047039,0.013145,0.022018,0.017052,0.017747,0.022851,0.013311,0.0029491,0.00051154,0.0029757,0.013097,0.021554,0.013304,0.0058301,0.013304,0.021547,0.013064,0.002915,0.00023928,3.9609e-005,0.0010724,0.013064,0.058583,0.097613,0.071647,0.071668,0.097638,0.05859,0.013065,0.0010724,3.2383e-005,0,0,0,0,0,0,0,0,0,0,1.4451e-005,0.00047856,0.0058301,0.026129,0.043079,0.026129,0.0058301,0.00047856,1.4451e-005,0,0,0,0,0,0,0
5.3391e-005,3.2383e-005,7.2257e-006,7.8188e-006,0.00023991,0.0029887,0.015132,0.045952,0.13299,0.2608,0.26954,0.17952,0.1432,0.15801,0.17252,0.097633,0.021605,0.0018215,0.00011877,0.0010874,0.013105,0.058636,0.096619,0.05859,0.013092,0.0013123,0.0011378,0.0028477,0.014169,0.058843,0.096585,0.058558,0.013097,0.0021448,0.013097,0.05855,0.096534,0.05857,0.013304,0.0021448,0.0018004,0.0010724,0.00023928,1.9641e-005,5.3984e-005,0.0017681,0.021539,0.096586,0.16092,0.11807,0.11807,0.16092,0.096586,0.021539,0.0017681,5.3391e-005,0,0,0,0,0,0,0,0,0,0,3.2976e-005,0.001092,0.013304,0.059623,0.098301,0.059623,0.013304,0.001092,3.2976e-005,0,0,0,0,0,0,0
0,0,0,3.2383e-005,0.0010796,0.013336,0.06257,0.12373,0.15177,0.18303,0.18094,0.17063,0.18819,0.15729,0.11835,0.060338,0.013118,0.0010724,3.9609e-005,0.00023928,0.002915,0.013064,0.021539,0.013064,0.0029156,0.00024651,9.3e-005,0.0018215,0.021572,0.09654,0.15916,0.096533,0.021593,0.0035361,0.021593,0.096533,0.15916,0.096534,0.021547,0.0018004,0.00010678,3.2383e-005,7.2257e-006,5.9312e-007,3.2401e-005,0.0010724,0.013064,0.058583,0.097605,0.071614,0.071614,0.097605,0.058583,0.013064,0.0010724,3.2383e-005,0,0,0,0,0,0,0,0,0,0,5.3409e-005,0.0017687,0.021547,0.096565,0.15921,0.096565,0.021547,0.0017687,5.3409e-005,0,0,0,0,0,0,0
0,0,0,5.3391e-005,0.0018004,0.022619,0.10984,0.22088,0.20932,0.11708,0.067191,0.090031,0.12441,0.084945,0.037527,0.014377,0.0029619,0.00027166,6.121e-005,5.2025e-005,0.00024651,0.001073,0.0017681,0.0010724,0.00023928,1.9641e-005,3.2976e-005,0.0010724,0.013064,0.05855,0.096533,0.05855,0.013097,0.0021448,0.013097,0.05855,0.096533,0.05855,0.013064,0.0010724,3.2383e-005,0,0,0,7.2257e-006,0.00023928,0.002915,0.013072,0.021779,0.015979,0.015979,0.021779,0.013072,0.002915,0.00023928,7.2257e-006,0,0,0,0,0,0,0,0,0,0,3.2383e-005,0.0010724,0.013064,0.05855,0.096533,0.05855,0.013064,0.0010724,3.2383e-005,0,0,0,0,0,0,0
0,0,0,3.2383e-005,0.0011258,0.014833,0.080117,0.19356,0.22197,0.12681,0.062972,0.087811,0.12154,0.072946,0.017756,0.0024037,0.00051817,0.001092,0.0017687,0.001073,0.00024651,5.2025e-005,5.3984e-005,3.2383e-005,7.2257e-006,5.9312e-007,7.2436e-006,0.00023928,0.002915,0.013064,0.021539,0.013064,0.0029223,0.00047856,0.0029223,0.013064,0.021539,0.013064,0.002915,0.00023928,7.2257e-006,0,0,0,5.9312e-007,1.9641e-005,0.00023928,0.001073,0.0017877,0.0013117,0.0013117,0.0017877,0.001073,0.00023928,1.9641e-005,6.1103e-007,5.9312e-007,7.2257e-006,3.2383e-005,5.3391e-005,3.2383e-005,7.2257e-006,5.9312e-007,1.7911e-008,0,0,7.2257e-006,0.00023928,0.002915,0.013064,0.021539,0.013064,0.002915,0.00023928,7.2257e-006,0,0,0,0,0,0,0
0,0,0,7.2257e-006,0.00027166,0.0039874,0.026162,0.08117,0.12276,0.1219,0.13173,0.15733,0.17407,0.098718,0.021872,0.0020594,0.0029763,0.013065,0.021539,0.013064,0.002915,0.00023928,7.2257e-006,0,0,0,5.9312e-007,1.9641e-005,0.00023928,0.0010724,0.0017681,0.0010724,0.00023987,3.9283e-005,0.00023987,0.0010724,0.0017681,0.0010724,0.00023928,1.9641e-005,5.9312e-007,0,0,0,1.7911e-008,5.9312e-007,7.2257e-006,3.2401e-005,5.3984e-005,3.9609e-005,3.9609e-005,5.3984e-005,3.2401e-005,7.2257e-006,5.9312e-007,6.1103e-007,1.9641e-005,0.00023928,0.0010724,0.0017681,0.0010724,0.00023928,1.9641e-005,5.9312e-007,0,0,5.9312e-007,1.9641e-005,0.00023928,0.0010724,0.0017681,0.0010724,0.00023928,1.9641e-005,5.9312e-007,0,0,0,0,0,0,0
0,0,0,5.9312e-007,2.6867e-005,0.00047856,0.0040408,0.016601,0.044203,0.11115,0.17623,0.15712,0.11921,0.06059,0.013177,0.002146,0.013097,0.05855,0.096533,0.05855,0.013064,0.0010724,3.2383e-005,0,0,0,1.7911e-008,5.9312e-007,7.2257e-006,3.2383e-005,5.3391e-005,3.2383e-005,7.2436e-006,1.1862e-006,7.2436e-006,3.2383e-005,5.3391e-005,3.2383e-005,7.2257e-006,5.9312e-007,1.7911e-008,0,0,0,0,0,0,0,0,0,0,0,0,0,0,7.2257e-006,0.00023928,0.002915,0.013064,0.021539,0.013064,0.002915,0.00023928,7.2257e-006,0,0,1.7911e-008,5.9312e-007,7.2257e-006,3.2383e-005,5.3391e-005,3.2383e-005,7.2257e-006,5.9312e-007,1.7911e-008,0,0,0,0,0,0,0
0,0,0,1.7911e-008,1.1862e-006,2.6867e-005,0.00030405,0.0022054,0.015111,0.062784,0.11275,0.093174,0.047669,0.017052,0.0032401,0.0020146,0.021547,0.096533,0.15916,0.096533,0.021539,0.0017681,5.3391e-005,0,0,0,0,0,0,0,0,0,0,0,0,0,0,0,0,0,0,0,0,0,0,0,0,0,0,0,0,0,0,0,0,3.2383e-005,0.0010724,0.013064,0.05855,0.096533,0.05855,0.013064,0.0010724,3.2383e-005,0,0,0,0,0,0,0,0,0,0,0,0,0,0,0,0,0,0
0,0,0,0,1.7911e-008,5.9312e-007,1.4451e-005,0.00030405,0.0040414,0.026181,0.080336,0.11067,0.063233,0.014376,0.0013513,0.0011244,0.013065,0.05855,0.096533,0.05855,0.013064,0.0010724,3.2383e-005,0,0,0,0,0,0,0,0,0,0,0,0,0,0,0,0,0,0,0,0,0,0,0,0,0,0,0,0,0,0,0,0,5.3391e-005,0.0017681,0.021539,0.096533,0.15916,0.096533,0.021539,0.0017681,5.3391e-005,0,0,0,0,0,0,0,0,0,0,0,0,0,0,0,0,0,0
0,0,0,0,0,0,5.9312e-007,7.3032e-005,0.0020074,0.022612,0.098308,0.16026,0.096826,0.021591,0.0017831,0.00029327,0.0029151,0.013064,0.021539,0.013064,0.002915,0.00023928,7.2257e-006,0,0,0,0,0,0,0,0,0,0,0,0,0,0,0,0,0,0,0,0,0,0,0,0,0,0,0,0,0,0,0,0,3.2383e-005,0.0010724,0.013064,0.05855,0.096533,0.05855,0.013064,0.0010724,3.2383e-005,0,0,0,0,0,0,0,0,0,0,0,0,0,0,0,0,0,0
0,0,0,0,0,0,1.7911e-008,3.2976e-005,0.0010796,0.013097,0.058604,0.096565,0.058557,0.013065,0.001073,5.2025e-005,0.00023928,0.0010724,0.0017681,0.0010724,0.00023928,1.9659e-005,1.1862e-006,7.2257e-006,3.2383e-005,5.3391e-005,3.2383e-005,7.2257e-006,5.9312e-007,1.7911e-008,0,0,0,0,0,0,0,0,0,0,0,0,0,0,0,0,0,0,0,0,0,0,0,0,0,7.2257e-006,0.00023928,0.002915,0.013064,0.021539,0.013064,0.002915,0.00023928,7.2257e-006,0,0,0,0,0,0,0,0,0,0,0,0,0,0,0,0,0,0
0,0,0,0,0,0,0,7.2257e-006,0.00023928,0.002915,0.013064,0.021539,0.013064,0.002915,0.0002393,7.8188e-006,7.2257e-006,3.2383e-005,5.3391e-005,3.2383e-005,7.2257e-006,1.1862e-006,1.9659e-005,0.00023928,0.0010724,0.0017681,0.0010724,0.00023928,1.9641e-005,5.9312e-007,0,0,0,0,0,0,0,0,0,0,0,0,0,0,0,0,0,0,0,0,0,0,0,0,0,5.9312e-007,1.9641e-005,0.00023928,0.0010724,0.0017681,0.0010724,0.00023928,1.9641e-005,5.9312e-007,0,0,0,0,0,0,0,0,0,0,0,0,0,0,0,0,0,0
0,0,0,0,0,0,0,5.9312e-007,1.9641e-005,0.00023928,0.0010724,0.0017681,0.0010724,0.00023928,1.9641e-005,5.9312e-007,0,0,0,0,0,7.2257e-006,0.00023928,0.002915,0.013064,0.021539,0.013064,0.002915,0.00023928,7.2257e-006,0,0,0,0,0,0,0,0,0,0,0,0,0,0,0,0,0,0,0,0,0,0,0,0,0,1.7911e-008,5.9312e-007,7.2257e-006,3.2383e-005,5.3391e-005,3.2383e-005,7.2257e-006,5.9312e-007,1.7911e-008,0,0,0,0,0,0,0,0,0,0,0,0,0,0,0,0,0,0
0,0,0,0,0,0,0,1.7911e-008,5.9312e-007,7.2257e-006,3.2383e-005,5.3391e-005,3.2383e-005,7.2257e-006,5.9312e-007,1.7911e-008,0,0,0,0,0,3.2383e-005,0.0010724,0.013064,0.05855,0.096533,0.05855,0.013064,0.0010724,3.2383e-005,0,0,0,0,0,0,0,0,0,0,0,0,0,0,0,0,0,0,0,0,0,0,0,0,0,0,0,0,0,0,0,0,0,0,0,0,0,0,0,0,0,0,0,0,0,0,0,0,0,0,0,0
0,0,0,0,0,0,0,0,0,0,0,0,0,0,0,0,0,0,0,0,0,5.3391e-005,0.0017681,0.021539,0.096533,0.15916,0.096533,0.02154,0.0017753,8.5774e-005,5.3391e-005,3.2383e-005,7.2257e-006,5.9312e-007,1.7911e-008,0,0,0,0,0,0,0,0,0,0,0,0,0,0,0,0,0,0,0,0,0,0,0,0,0,0,0,0,0,0,0,0,0,0,0,0,0,0,0,0,0,0,0,0,0,0,0
0,0,0,0,0,0,0,0,1.7911e-008,5.9312e-007,7.2257e-006,3.2383e-005,5.3391e-005,3.2383e-005,7.2257e-006,5.9312e-007,1.7911e-008,0,0,0,0,3.2383e-005,0.0010724,0.013064,0.05855,0.096533,0.058551,0.013084,0.0013117,0.0011048,0.0017681,0.0010724,0.00023928,1.9641e-005,5.9312e-007,0,0,0,0,0,0,0,0,0,0,0,0,0,0,0,0,0,0,0,0,0,0,0,0,0,0,0,0,0,0,0,0,0,0,0,0,0,0,0,0,0,0,0,0,0,0,0
0,0,0,0,0,0,0,0,5.9312e-007,1.9641e-005,0.00023928,0.0010724,0.0017681,0.0010724,0.00023928,1.9641e-005,5.9312e-007,0,0,0,0,7.2257e-006,0.00023928,0.002915,0.013064,0.021539,0.013072,0.0031543,0.0031543,0.013072,0.021539,0.013064,0.002915,0.00023928,7.2257e-006,0,0,0,0,0,0,0,0,0,0,0,0,0,0,0,0,0,0,0,0,0,0,0,0,0,0,0,0,0,0,0,0,0,0,0,0,0,0,0,0,0,0,0,0,0,0,0
0,0,0,0,0,0,0,0,7.2257e-006,0.00023928,0.002915,0.013064,0.021539,0.013064,0.002915,0.00023928,7.2257e-006,0,0,0,0,5.9312e-007,1.9641e-005,0.00023928,0.0010724,0.0017681,0.0011048,0.0013117,0.013084,0.058551,0.096533,0.05855,0.013064,0.0010724,3.2383e-005,0,0,0,0,0,0,0,0,0,0,0,0,0,0,0,0,0,0,0,0,0,0,0,0,0,0,0,0,0,0,0,0,0,0,0,0,0,0,0,0,0,0,0,0,0,0,0
0,0,0,0,0,0,0,0,3.2383e-005,0.0010724,0.013064,0.05855,0.096533,0.05855,0.013064,0.0010724,3.2383e-005,0,0,0,0,1.7911e-008,5.9312e-007,7.2257e-006,3.2383e-005,5.3391e-005,8.5774e-005,0.0017753,0.02154,0.096533,0.15916,0.096533,0.021539,0.0017681,5.3391e-005,0,0,0,0,0,0,0,0,0,0,0,0,0,0,0,0,0,0,0,0,0,0,0,0,0,0,0,0,0,0,0,0,0,0,0,0,0,0,0,0,0,0,0,0,0,0,0
0,0,0,0,0,0,0,0,5.3391e-005,0.0017681,0.021539,0.096533,0.15916,0.096533,0.021539,0.0017681,5.3391e-005,0,0,0,0,0,0,0,0,0,3.2383e-005,0.0010724,0.013064,0.05855,0.096533,0.05855,0.013064,0.0010724,3.2383e-005,0,0,0,0,0,0,0,0,0,0,0,0,0,0,0,0,0,0,0,0,0,0,0,0,0,0,0,0,0,0,0,0,0,0,0,0,0,0,0,0,0,0,0,0,0,0,0
0,0,0,0,0,0,0,0,3.2383e-005,0.0010724,0.013064,0.05855,0.096533,0.05855,0.013064,0.0010724,3.2383e-005,0,0,0,0,0,0,0,0,0,7.2257e-006,0.00023928,0.002915,0.013064,0.021539,0.013064,0.002915,0.00023928,7.2257e-006,0,0,0,0,0,0,0,0,0,0,0,0,0,0,0,0,0,0,0,0,0,0,0,0,0,0,0,0,0,0,0,0,0,0,0,0,0,0,0,0,0,0,0,0,0,0,0
0,0,0,0,0,0,0,0,7.2257e-006,0.00023928,0.002915,0.013064,0.021539,0.013064,0.002915,0.00023928,7.2257e-006,0,0,0,0,0,0,0,0,0,5.9312e-007,1.9641e-005,0.00023928,0.0010724,0.0017681,0.0010724,0.00023928,1.9641e-005,5.9312e-007,0,0,0,0,0,0,0,0,0,0,0,0,0,0,0,0,0,0,0,0,0,0,0,0,0,0,0,0,0,0,0,0,0,0,0,0,0,0,0,0,0,0,0,0,0,0,0
0,0,0,0,0,0,0,0,5.9312e-007,1.9641e-005,0.00023928,0.0010724,0.0017681,0.0010724,0.00023928,1.9641e-005,5.9312e-007,0,0,0,0,0,0,0,0,0,1.7911e-008,5.9312e-007,7.2257e-006,3.2383e-005,5.3391e-005,3.2383e-005,7.2257e-006,5.9312e-007,1.7911e-008,0,0,0,0,0,0,0,0,0,0,0,0,0,0,0,0,0,0,0,0,0,0,0,0,0,0,0,0,0,0,0,0,0,0,0,0,0,0,0,0,0,0,0,0,0,0,0
0,0,0,0,0,0,0,0,1.7911e-008,5.9312e-007,7.2257e-006,3.2383e-005,5.3391e-005,3.2383e-005,7.2257e-006,5.9312e-007,1.7911e-008,0,0,0,0,0,0,0,0,0,0,0,0,0,0,0,0,0,0,0,0,0,0,0,0,0,0,0,0,0,0,0,0,0,0,0,0,0,0,0,0,0,0,0,0,0,0,0,0,0,0,0,0,0,0,0,0,0,0,0,0,0,0,0,0,0
0,0,0,0,0,0,0,0,0,0,0,0,0,0,0,0,0,0,0,0,0,0,0,0,0,0,0,0,0,0,0,0,0,0,0,0,0,0,0,0,0,0,0,0,0,0,0,0,0,0,0,0,0,0,0,0,0,0,0,0,0,0,0,0,0,0,0,0,0,0,0,0,0,0,0,0,0,0,0,0,0,0
0,0,0,0,0,0,0,0,0,0,0,0,0,0,0,1.7911e-008,5.9312e-007,7.2257e-006,3.2383e-005,5.3391e-005,3.2383e-005,7.2257e-006,5.9312e-007,1.7911e-008,0,0,0,0,0,0,0,0,0,0,0,0,0,0,0,0,0,0,0,0,0,0,0,0,0,0,0,0,0,0,0,0,0,0,0,0,0,0,0,0,0,0,0,0,0,0,0,0,0,0,0,0,0,0,0,0,0,0
0,0,0,0,0,0,0,0,0,0,0,0,0,0,0,5.9312e-007,1.9641e-005,0.00023928,0.0010724,0.0017681,0.0010724,0.00023928,1.9641e-005,5.9312e-007,0,0,0,0,0,0,0,0,0,0,0,0,0,0,0,0,0,0,0,0,0,0,0,0,0,0,0,0,0,0,0,0,0,0,0,0,0,0,0,0,0,0,0,0,0,0,0,0,0,0,0,0,0,0,0,0,0,0
0,0,0,0,0,0,0,0,0,0,0,0,0,0,0,7.2257e-006,0.00023928,0.002915,0.013064,0.021539,0.013064,0.002915,0.00023928,7.2257e-006,0,0,0,0,0,0,0,0,0,0,0,0,0,0,0,0,0,0,0,0,0,0,0,0,0,0,0,0,0,0,0,0,0,0,0,0,0,0,0,0,0,0,0,0,0,0,0,0,0,0,0,0,0,0,0,0,0,0
0,0,0,0,0,0,0,0,0,0,0,0,0,0,0,3.2383e-005,0.0010724,0.013064,0.05855,0.096533,0.05855,0.013064,0.0010724,3.2383e-005,0,0,0,0,0,0,0,0,0,0,0,0,0,0,0,0,0,0,0,0,0,0,0,0,0,0,0,0,0,0,0,0,0,0,0,0,0,0,0,0,0,0,0,0,0,0,0,0,0,0,0,0,0,0,0,0,0,0
0,0,0,0,0,0,0,0,0,0,0,0,0,0,0,5.3391e-005,0.0017681,0.021539,0.096533,0.15916,0.096533,0.021539,0.0017681,5.3391e-005,0,0,0,0,0,0,0,0,0,0,0,0,0,0,0,0,0,0,0,0,0,0,0,0,0,0,0,0,0,0,0,0,0,0,0,0,0,0,0,0,0,0,0,0,0,0,0,0,0,0,0,0,0,0,0,0,0,0
0,0,0,0,0,0,0,0,0,0,0,0,0,0,0,3.2383e-005,0.0010724,0.013064,0.05855,0.096533,0.05855,0.013064,0.0010724,3.2383e-005,0,0,0,0,0,0,0,0,0,0,1.7911e-008,5.9312e-007,7.2257e-006,3.2383e-005,5.3391e-005,3.2383e-005,7.2257e-006,5.9312e-007,1.7911e-008,0,0,0,0,0,0,0,0,0,0,0,0,0,0,0,0,0,0,0,0,0,0,0,0,0,0,0,0,0,0,0,0,0,0,0,0,0,0,0
0,0,0,0,0,0,0,0,0,0,0,0,0,0,0,7.2257e-006,0.00023928,0.002915,0.013064,0.021539,0.013064,0.002915,0.00023928,7.2257e-006,0,0,0,0,0,0,0,0,0,0,5.9312e-007,1.9641e-005,0.00023928,0.0010724,0.0017681,0.0010724,0.00023928,1.9641e-005,5.9312e-007,0,0,0,0,0,0,0,0,0,0,0,0,0,0,0,0,0,0,0,0,0,0,0,0,0,0,0,0,0,0,0,0,0,0,0,0,0,0,0
0,0,0,0,0,0,0,0,0,0,0,0,0,0,0,5.9312e-007,1.9641e-005,0.00023928,0.0010724,0.0017681,0.0010724,0.00023928,1.9641e-005,5.9312e-007,0,0,0,0,0,0,0,0,0,0,7.2257e-006,0.00023928,0.002915,0.013064,0.021539,0.013064,0.002915,0.00023928,7.2257e-006,0,0,0,0,0,0,0,0,0,0,0,0,0,0,0,0,0,0,0,0,0,0,0,0,0,0,0,0,0,0,0,0,0,0,0,0,0,0,0
0,0,0,0,0,0,0,0,0,0,0,0,0,0,0,1.7911e-008,5.9312e-007,7.2257e-006,3.2383e-005,5.3391e-005,3.2383e-005,7.2257e-006,5.9312e-007,1.7911e-008,0,0,0,0,0,0,0,0,0,0,3.2383e-005,0.0010724,0.013064,0.05855,0.096533,0.05855,0.013064,0.0010724,3.2383e-005,0,0,0,0,0,0,0,0,0,0,0,0,0,0,0,0,0,0,0,0,0,0,0,0,0,0,0,0,0,0,0,0,0,0,0,0,0,0,0
0,0,0,0,0,0,0,0,0,0,0,0,0,0,0,0,0,0,0,0,0,0,0,0,0,0,0,0,0,0,0,0,0,0,5.3391e-005,0.0017681,0.021539,0.096533,0.15916,0.096533,0.021539,0.0017681,5.3391e-005,0,0,0,0,0,0,0,0,0,0,0,0,0,0,0,0,0,0,0,0,0,0,0,0,0,0,0,0,0,0,0,0,0,0,0,0,0,0,0
