Data properties:
 
Recording date: 31/03/2008
Recording time : 11:07:23:808 (corresponds to time 0)
Study: AlasdairTPOnlyRoughness
Subject: MY
Recording: my1
Screen resolution: 1600 x 1200
Coordinate unit: Pixels
 
 
Filter settings:
 
Eye: Average
Validity level: Normal
Fixation radius: 50
Min duration: 100
 
Fix number	Timestamp	Duration	GazepointX	GazepointY
 
1	52	159	531	627
2	231	199	688	554
3	470	638	789	545
4	1128	259	796	542
5	1407	259	788	527
6	1706	199	717	707
7	1926	598	762	651
8	2564	319	386	814
9	2902	259	408	1037
10	3261	179	1066	708
11	3501	339	718	353
12	3859	219	812	285
13	4099	159	636	341
14	4298	279	429	520
15	4617	239	377	265
16	4916	339	1115	228
17	5275	100	1123	253
18	5414	279	1024	630
19	5733	259	965	913
20	6013	139	830	839
21	6192	1236	1133	701
22	7468	339	842	648
23	7847	618	900	363
24	8485	578	823	515
25	9143	359	904	506
26	9541	100	1001	567
27	9681	1156	691	524
28	11036	1715	777	477
29	12771	1156	909	621
30	13947	140	800	575
31	14286	1076	793	536
32	15403	259	845	397
33	15682	219	769	434
34	15941	120	820	571
35	16080	1116	817	452
36	17376	499	793	415
37	17895	379	790	494
38	18293	558	802	373
39	18872	279	801	442
40	19190	957	563	462
41	20347	219	702	484
42	20606	758	776	515
43	21403	219	697	321
44	21742	1575	765	455
45	23517	319	717	470
46	23856	399	775	520
47	24274	498	712	482
48	24793	359	789	496
49	25191	339	697	483
50	25550	299	786	536
51	25889	797	1040	762
52	26886	1435	885	589
53	28361	199	739	566
54	28600	199	790	546
55	28900	598	729	790
56	30036	219	748	515
57	30275	219	792	508
58	30534	718	746	662
59	31292	618	801	369
60	31950	140	737	447
61	32129	1236	853	108
62	33425	738	777	575
63	34203	658	764	340
64	34880	359	775	472
65	35279	140	863	669
66	35439	120	881	732
67	35598	1017	720	959
68	36675	299	744	449
69	36994	419	780	519
70	37452	1196	779	316
71	38668	100	697	394
72	38808	1276	663	168
73	40124	1455	777	402
74	41599	578	765	498
75	42197	299	638	286
76	42536	179	1146	335
77	42755	219	1096	577
78	42995	139	950	496
79	43174	299	744	808
80	43513	140	606	844
81	43672	419	449	1003
82	44171	299	495	240
83	44530	339	383	663
84	44908	319	1073	203
85	45267	159	904	283
86	45467	339	515	158
87	45845	239	706	463
88	46124	359	625	537
89	46503	120	749	411
90	46643	299	921	379
91	47042	239	973	462
92	47321	319	1251	122
93	47680	259	1113	526
94	47979	259	1108	821
95	48636	1037	738	970
96	49952	1774	764	457
97	51766	279	700	784
98	52085	957	528	714
99	53282	319	672	455
100	53621	817	790	503
101	54458	259	627	521
102	54737	359	717	539
103	55116	120	640	712
104	55255	857	596	706
105	56132	718	697	571
106	56870	1156	795	475
107	58066	139	652	654
108	58226	857	731	669
109	59243	498	739	554
110	59960	1455	734	603
111	61436	219	629	559
112	61695	279	524	266
113	62014	259	1134	242
114	62313	199	896	733
115	62552	199	1044	573
116	62771	259	1011	510
117	63070	758	704	943
118	63868	239	411	1007
119	64147	319	1069	990
120	64506	359	953	800
121	65004	459	763	888
122	65483	299	793	932
123	65822	419	624	594
124	66360	279	525	301
125	66699	479	957	138
126	67217	199	1248	131
127	67456	419	874	119
128	67915	279	1012	314
129	68214	199	795	334
130	68433	439	678	369
131	68912	379	1129	496
132	69310	199	1060	540
133	69530	199	835	562
134	69769	259	1001	498
135	70068	439	612	536
136	70546	538	428	544
137	71125	439	693	685
138	71603	459	465	738
139	72102	658	1082	814
140	72779	459	1115	987
141	73278	478	670	1015
142	73796	359	594	844
143	74195	538	402	1040
144	74773	140	419	282
145	74932	140	421	180
146	75112	219	410	185
147	75391	279	1075	90
148	75710	299	935	138
149	76029	259	920	300
150	76328	498	1227	149
151	76886	439	673	198
152	77345	419	577	320
153	77803	259	1065	454
154	78082	359	934	402
155	78541	279	991	447
156	78840	718	1211	527
157	79598	159	945	553
158	79797	199	590	468
159	80016	120	599	479
160	80176	558	414	471
161	80754	279	582	712
162	81073	419	427	653
163	81531	419	787	751
164	81990	538	503	736
165	82548	319	439	752
166	82927	439	1005	860
167	83386	479	770	843
168	83904	199	1004	510
169	84143	140	998	513
170	84343	279	958	882
171	84641	379	761	1017
172	85040	379	673	988
173	85459	359	578	867
174	85858	598	414	1057
175	86516	219	1014	1071
176	86755	498	1211	1066
177	87393	498	1075	796
178	87911	219	1256	777
179	88150	897	1017	844
180	89087	359	1207	236
181	89486	359	1213	111
182	89905	339	1021	257
183	90264	219	966	284
184	90503	339	999	188
185	90862	219	898	111
186	91101	379	653	81
187	91519	299	426	125
188	91839	299	322	114
189	92177	478	387	260
190	92696	618	591	298
191	93354	319	598	207
192	93712	419	953	238
193	94151	439	890	233
194	94610	319	808	128
195	94949	339	1144	272
196	95307	718	1244	251
197	96065	498	941	401
198	96583	299	751	407
199	96922	299	900	314
200	97241	459	945	363
201	97740	518	1136	379
202	98318	259	517	375
203	98597	439	394	384
204	99075	399	638	375
205	99494	239	587	397
206	99753	319	542	637
207	100092	957	403	531
208	101109	259	947	519
209	101408	459	712	544
210	101886	478	604	552
211	102385	877	615	548
212	103302	219	1062	574
213	103561	419	904	565
214	104000	379	898	428
215	104398	279	682	392
216	104717	259	1189	642
217	104996	419	1110	617
218	105495	179	1247	626
219	105834	120	1224	621
220	105993	578	713	700
221	106611	239	916	707
222	106890	299	529	750
223	107229	479	746	616
224	107748	100	489	641
225	107887	498	364	728
226	108426	279	547	814
227	108745	379	347	748
228	109163	778	648	846
229	109961	379	434	881
230	110359	618	419	970
231	111017	399	686	1010
232	111456	479	410	998
233	111954	140	500	1060
234	112114	837	388	1029
235	112971	1475	410	1086
236	114486	279	560	908
237	114785	518	485	842
238	115324	199	362	778
239	115583	538	598	1014
240	116141	459	688	1017
241	116619	857	803	1065
242	117517	279	1139	1057
243	117836	997	970	1033
244	118872	479	1185	1057
245	119371	140	1261	1053
246	119530	279	1248	935
247	119849	359	1159	885
248	120228	499	1105	900
249	120746	419	1045	909
250	121205	458	779	930
251	121683	239	708	888
252	121962	319	776	930
253	122341	179	1051	591
254	122560	538	990	580
255	123119	359	1009	345
256	123517	479	1255	92
257	124036	299	611	119
258	124375	379	450	104
259	124793	419	615	63
260	125232	479	416	59
261	125730	299	350	87
262	126049	479	418	54
263	126548	678	327	108
264	127265	578	658	75
265	127963	618	1253	91
266	128601	1396	1231	207
267	130037	897	1224	216
268	130994	658	1224	211
269	131671	638	943	165
270	132329	199	920	178
271	132588	678	742	181
272	133286	259	428	211
273	133565	718	330	251
274	134323	319	428	372
275	134662	618	362	381
276	135320	100	882	363
277	135459	120	869	335
278	135619	379	599	346
279	136037	239	594	347
280	136316	857	878	396
281	137194	459	670	345
282	137692	339	605	428
283	138091	299	446	454
284	138410	399	573	455
285	138829	359	439	440
286	139227	937	576	409
287	140184	977	437	417
288	141181	957	518	329
289	142198	219	1107	462
290	142437	379	974	407
291	142836	219	946	359
292	143075	618	717	416
293	143713	339	603	472
294	144092	578	1175	451
295	144690	279	1258	457
296	145009	459	1075	542
297	145487	359	1059	456
298	145886	718	1221	576
299	146624	797	982	527
300	147441	698	738	610
301	148159	459	523	573
302	148657	718	340	571
303	149435	1096	412	676
304	150571	459	746	709
305	151069	439	753	699
306	151548	379	622	605
307	151967	658	522	798
308	152644	419	454	671
309	153083	319	463	749
310	153422	598	358	704
311	154080	319	880	526
312	154419	359	825	539
313	154797	698	657	542
314	155515	359	674	418
315	155934	140	1078	628
316	156093	439	1039	615
317	156572	817	820	575
318	157429	359	807	608
319	157828	558	772	829
320	158406	299	776	894
321	158825	279	709	682
322	159144	758	1141	554
323	159921	499	1101	645
324	160459	339	1198	826
325	160818	658	1068	604
326	161496	1176	1178	774
327	162712	399	1038	712
328	163151	120	1208	996
329	163310	1376	956	761
330	164905	578	738	481
331	165503	219	844	506
332	165742	1057	786	558
333	166819	857	698	481
334	167876	239	711	521
335	168135	419	783	519
336	168813	399	759	431
337	169231	459	794	541
338	169710	339	704	529
339	170089	419	641	805
340	170547	339	1011	821
341	170946	339	1072	339
342	171325	140	618	296
343	171644	219	1105	278
344	171903	279	657	168
345	172222	439	415	355
346	172700	339	497	679
347	173079	299	458	988
348	173398	339	387	809
349	173777	359	418	1004
350	174176	598	714	836
351	174814	199	1184	751
352	175073	199	459	804
353	175292	678	349	819
354	176010	239	451	1020
355	176269	518	385	1038
356	176847	319	1036	980
357	177186	2432	1030	892
358	179658	399	1233	630
359	180157	319	916	429
360	180515	399	1126	184
361	180954	239	863	153
362	181233	359	503	135
363	181632	179	762	776
364	181831	199	994	819
365	182050	199	1055	860
366	182270	1754	1024	911
367	184084	359	755	720
368	184483	339	671	555
369	184862	777	1028	902
370	185878	459	778	506
371	186377	538	784	484
372	186955	299	908	535
373	187274	379	793	554
374	187693	100	664	529
375	187812	219	529	463
376	188051	658	597	456
377	188809	319	1033	206
378	189168	239	812	285
379	189447	259	1142	689
380	189746	239	704	759
381	190005	159	602	768
382	190185	1196	767	1009
383	191580	1096	778	512
384	192696	718	784	571
385	193454	120	650	511
386	193634	817	674	806
387	194650	239	686	691
388	194929	279	828	541
389	195228	259	771	525
390	195507	179	776	530
391	195707	279	741	790
392	196026	459	743	694
393	196504	199	669	727
394	196724	139	635	778
395	196883	199	612	491
396	197102	120	662	467
397	197262	259	1106	345
398	197581	399	536	903
399	198000	159	557	1016
400	198199	279	1095	959
401	198498	199	1059	1002
402	198737	518	534	1023
403	199315	120	452	562
404	199455	140	442	563
405	199614	339	656	479
406	199973	219	584	578
407	200232	419	374	180
408	200671	339	335	368
409	201070	319	1044	255
410	201409	419	851	238
411	201847	319	925	217
412	202226	698	941	573
413	202964	479	1086	827
414	203482	339	776	859
415	203841	419	583	841
416	204299	140	556	982
417	204479	957	431	792
418	205655	479	536	568
419	206153	538	773	528
420	206712	259	584	566
421	206991	439	774	580
422	207469	140	552	651
423	207649	120	872	687
424	207788	578	834	705
425	208566	738	763	636
426	209323	518	759	600
427	209862	558	747	633
428	210460	279	675	641
429	210779	279	956	664
430	211078	259	986	681
431	211377	359	639	971
432	211776	120	442	967
433	211955	259	685	324
434	212254	279	550	321
435	212573	359	998	284
436	212952	857	929	412
437	213849	239	684	603
438	214108	558	387	518
439	214766	199	316	417
440	215025	399	671	179
441	215444	259	465	143
442	215763	359	1131	183
443	216261	359	1144	506
444	216660	1037	1047	694
445	217876	578	768	523
446	218674	1256	786	551
447	219969	179	717	629
448	220189	837	590	989
449	221225	558	808	415
450	221804	518	811	395
451	222362	199	595	425
452	222601	498	780	488
453	223119	139	643	537
454	223299	159	699	747
455	223498	319	581	972
456	223857	299	1112	461
457	224176	299	1050	545
458	224535	239	446	514
459	224794	678	472	446
460	225671	319	582	382
461	226030	259	808	480
462	226469	179	604	445
463	226668	778	757	475
464	227485	239	587	492
465	227784	120	974	276
466	227924	738	891	194
467	228841	279	801	243
468	229180	817	767	631
469	230057	439	720	333
470	230516	179	802	585
471	230715	199	730	475
472	230954	179	552	943
473	231154	299	534	861
474	231513	259	1100	309
475	231792	140	1053	296
476	231971	319	564	354
477	232330	259	594	591
478	232609	917	482	649
479	233745	219	516	605
480	234005	339	755	547
481	234543	159	509	521
482	234742	738	701	531
483	235520	100	578	590
484	235639	140	734	552
485	235859	538	681	572
486	236576	1156	708	525
487	237753	219	602	425
488	237992	419	778	398
489	238430	419	691	510
490	238889	797	628	898
491	239946	578	716	505
492	240564	160	689	262
493	240763	299	789	471
494	241082	359	655	502
495	241461	259	775	507
496	241740	160	628	530
497	241939	917	954	586
498	243056	1017	779	485
499	244092	817	777	567
500	245029	459	552	578
501	245508	319	578	581
502	246026	239	694	511
503	246305	399	776	552
504	246744	239	557	553
505	247023	817	752	534
506	247860	139	629	556
507	248040	239	583	861
508	248319	179	434	808
509	248518	259	498	955
510	248817	279	1058	374
511	249116	219	718	347
512	249376	199	456	302
513	249794	180	665	506
514	250073	219	823	684
515	250312	140	860	766
516	250472	897	959	819
517	251568	1894	788	586
518	253482	219	726	643
519	253742	319	517	416
520	254100	459	533	883
521	254619	279	1182	306
522	254938	299	1086	580
523	255277	259	1046	910
524	255556	179	986	944
525	255775	797	1008	788
526	256792	1994	800	602
527	258925	339	862	317
528	259304	518	875	305
529	260021	160	783	466
530	260221	179	773	778
531	260420	379	782	587
532	260839	479	779	293
533	261357	498	769	523
534	262015	638	963	512
535	262892	558	856	493
536	263471	817	777	531
537	264308	179	704	490
538	264507	897	852	444
539	265624	1216	780	481
540	266860	199	858	430
541	267079	379	780	408
542	267498	120	978	436
543	267637	479	1039	393
544	268335	957	908	474
545	269312	897	798	479
546	270349	159	364	277
547	270568	199	1001	662
548	270787	638	1070	574
549	271644	439	873	556
550	272103	758	789	606
551	273100	439	754	504
552	273558	159	923	558
553	273758	738	941	224
554	274695	997	881	367
555	275731	638	809	559
556	276409	120	805	357
557	276648	120	784	507
558	276808	100	638	793
559	276947	758	521	601
560	277964	299	755	490
561	278283	797	809	542
562	279101	199	595	589
563	279320	419	784	581
564	279759	339	623	576
565	280137	239	566	341
566	280416	140	1010	533
567	280596	758	1090	844
568	281573	299	926	551
569	281912	199	722	551
570	282131	419	826	613
571	282570	937	810	586
572	283646	120	607	237
573	283806	698	715	619
574	284703	1974	793	557
575	286796	279	1069	308
576	287135	239	632	970
577	287394	937	666	1017
578	288530	458	764	625
579	289009	498	791	591
580	289547	219	735	1036
581	289826	479	811	612
582	290345	319	694	882
583	290704	159	758	754
584	290903	299	965	915
585	291262	339	1066	304
586	291641	379	532	424
587	292059	279	801	201
588	292398	359	563	999
589	292797	199	419	635
590	293016	478	372	625
591	293734	279	737	506
592	294272	179	590	530
593	294472	1037	785	536
594	295528	159	517	523
595	295708	279	409	617
596	296126	160	734	252
597	296326	299	1105	570
598	296744	239	974	815
599	297023	319	547	920
600	297362	359	473	1018
601	297921	379	536	503
602	298339	159	999	341
603	298539	120	994	358
604	298698	379	658	204
605	299117	259	1156	215
606	299436	279	1000	774
607	299735	199	939	759
608	299974	239	580	718
609	300253	239	948	768
610	300512	379	887	760
611	300951	159	401	761
612	301330	797	382	1015
613	302167	179	881	1053
614	302366	419	575	1092
615	302805	239	528	1055
616	303084	319	1134	1033
617	303443	219	1179	733
618	303682	837	1171	661
619	305018	359	1232	325
620	305417	1435	1157	662
621	306912	359	556	611
622	307310	379	488	413
623	307729	319	581	197
624	308088	339	409	140
625	308487	618	918	187
626	309145	339	668	108
627	309524	299	697	734
628	309843	379	634	708
629	310261	319	350	650
630	310600	179	353	704
631	310799	319	450	886
632	311178	1316	1153	634
633	312713	479	738	537
634	313212	1495	798	520
635	314886	100	990	690
636	315086	598	548	301
637	315704	419	392	497
638	316362	279	759	383
639	316681	359	771	323
640	317079	139	776	329
641	317239	678	789	513
642	317956	259	787	541
643	318236	997	752	445
644	319432	1455	790	486
645	320907	140	798	547
646	321067	219	762	453
647	321306	319	765	743
648	321685	120	351	799
649	321824	578	338	626
650	322462	419	1089	374
651	322921	139	1193	649
652	323120	120	1179	163
653	323280	159	1202	105
654	323479	339	675	196
655	323878	339	828	814
656	324256	199	779	936
657	324496	499	493	995
658	325054	359	1172	1043
659	325453	259	1121	622
660	325732	359	1170	658
661	326130	179	924	612
662	326449	299	661	341
663	326768	279	532	207
664	327068	419	401	173
665	327526	279	897	132
666	327845	399	717	120
667	328284	379	1198	144
668	328702	359	1193	285
669	329101	419	1257	159
670	329559	299	1233	502
671	329878	279	1175	591
672	330178	439	1148	523
673	330656	279	1145	764
674	330975	1396	1164	1023
675	332410	379	940	814
676	332829	319	1094	574
677	333188	219	829	407
678	333686	159	868	193
679	333866	199	861	104
680	334105	199	713	126
681	334324	160	603	117
682	334524	678	428	527
683	335221	479	368	404
684	335740	678	430	668
685	336457	279	610	783
686	336776	678	325	687
687	337494	239	420	987
688	337753	319	390	995
689	338092	299	441	1084
690	338431	598	864	598
691	339069	319	720	991
692	339508	100	561	731
693	340166	479	717	567
694	340684	299	494	452
695	341023	319	678	320
696	341382	399	1149	221
697	341800	419	1223	166
698	342239	379	1286	149
699	342638	419	1160	150
700	343096	339	1146	192
701	343495	179	917	815
702	343714	279	713	866
703	344033	199	634	765
704	344412	140	620	792
705	344591	359	589	1046
706	344970	658	389	1084
707	345668	259	823	1114
708	345967	120	690	1114
709	346127	877	544	1101
710	347024	538	349	1107
711	347602	518	938	1099
712	348140	877	818	1063
713	349057	419	1241	1037
714	349556	957	1159	838
715	350552	339	1251	864
716	350951	618	788	912
717	351609	399	397	892
718	352028	359	356	949
719	352407	359	371	617
720	352785	558	346	649
721	353364	578	466	825
722	353982	498	704	704
723	354520	439	807	734
724	354998	857	1112	677
725	355875	538	1057	635
726	356454	319	1169	437
727	356792	279	1103	356
728	357112	239	1260	521
729	357391	339	854	474
730	357789	339	546	512
731	358148	159	481	501
732	358328	279	361	506
733	358647	458	374	321
734	359145	678	661	396
735	359843	479	638	223
736	360361	279	1164	231
737	360680	299	1062	207
738	360999	160	1099	75
739	361258	120	1248	114
740	361398	159	1244	71
741	361657	159	735	-42
742	361836	140	783	7
743	362096	279	583	166
744	362395	558	381	143
745	362973	778	306	113
746	363810	279	912	65
747	364109	219	716	48
748	364368	179	551	30
749	364608	159	400	100
750	364787	259	306	107
751	365086	419	642	84
752	365624	239	532	186
753	365923	259	1157	132
754	366282	299	1059	38
755	366601	698	847	63
756	367319	718	1198	213
757	368057	458	1246	185
758	368555	179	1161	292
759	368754	299	1004	263
760	369073	159	832	227
761	369372	259	744	228
762	369671	299	380	281
763	369990	279	319	287
764	370290	618	367	391
765	370947	399	646	331
766	371386	339	426	369
767	371745	159	428	461
768	371944	120	582	523
769	372104	379	379	383
770	372502	459	386	458
771	372981	439	320	372
772	373439	2632	691	445
773	376749	638	741	338
774	377467	159	763	478
775	377646	359	785	535
776	378045	279	683	382
777	378583	239	572	804
778	378862	339	771	190
779	379261	279	1104	846
780	379580	478	954	748
781	380098	339	717	938
782	380477	259	462	986
783	380756	139	401	890
784	380935	339	469	356
785	381314	160	657	137
786	381514	718	531	367
787	382271	279	528	384
788	383148	379	604	285
789	383547	578	596	316
790	384305	299	584	359
791	384644	299	509	327
792	384982	319	756	582
793	385341	219	1074	315
794	385620	179	592	929
795	385820	558	558	983
796	386577	1076	701	278
797	387853	199	602	401
798	388073	359	738	421
799	388451	259	569	418
800	388750	259	525	871
801	389050	160	824	776
802	389229	598	864	769
803	390046	199	708	445
804	390445	778	703	389
805	391242	618	788	521
806	391900	219	649	465
807	392160	957	558	283
808	393156	479	963	231
809	393675	319	848	760
810	394014	379	667	990
811	394412	459	600	696
812	394911	419	1036	913
813	395369	439	1156	545
814	395828	199	1261	635
815	396067	219	1053	188
816	396326	319	936	173
817	396685	817	543	199
818	397523	498	402	155
819	398041	538	424	130
820	398619	399	909	183
821	399038	299	988	158
822	399357	518	1004	85
823	399915	618	772	127
824	400573	498	1176	396
825	401111	179	1209	679
826	401330	857	1120	407
827	402766	1475	781	342
828	404361	658	924	431
829	405238	917	842	408
830	406175	638	796	480
831	406873	219	768	582
832	407112	259	726	519
833	407391	758	964	536
834	408368	1395	833	499
835	409783	339	756	543
836	410222	219	777	554
837	410461	199	961	580
838	410700	199	581	792
839	410940	239	664	649
840	411239	698	932	999
841	412535	239	814	489
842	412794	538	800	528
843	413372	239	863	203
844	413651	359	785	543
845	414030	139	730	447
846	414488	199	914	337
847	414728	638	1032	472
848	415585	299	908	358
849	415924	199	677	497
850	416163	778	776	551
851	416980	259	887	390
852	417259	259	763	326
853	417558	120	876	493
854	417718	120	623	452
855	417877	160	938	499
856	418057	439	1006	536
857	418755	817	829	437
858	419592	140	956	495
859	419752	319	740	499
860	420090	279	660	409
861	420389	299	773	440
862	420728	279	573	723
863	421047	100	639	784
864	421187	239	360	720
865	421466	159	469	520
866	421645	638	401	530
867	422562	239	602	399
868	422822	459	791	526
869	423539	379	654	423
870	423938	219	480	443
871	424177	179	737	501
872	424377	299	537	507
873	424716	259	514	922
874	425015	299	1049	823
875	425334	179	946	764
876	425553	399	934	390
877	425972	299	1075	363
878	426291	120	1116	301
879	426510	100	1239	207
880	426709	319	485	195
881	427208	199	667	339
882	427447	299	388	353
883	427886	339	502	937
884	428244	379	428	1033
885	428663	459	452	715
886	429161	379	856	499
887	429580	419	656	230
888	430019	120	507	103
889	430198	419	759	755
890	430657	219	782	851
891	430896	259	961	903
892	431175	279	969	771
893	431494	159	1104	864
894	431673	219	980	701
895	431933	718	1105	857
896	432929	698	734	459
897	433667	259	810	527
898	433946	399	768	518
899	434365	439	775	499
900	434823	120	727	652
901	434963	299	645	971
902	435282	140	799	818
903	435441	598	871	880
904	436398	279	733	619
905	436717	837	795	549
906	437594	159	805	702
907	437794	319	806	536
908	438133	179	867	698
909	438332	219	846	865
910	438571	219	834	647
911	438811	279	1045	329
912	439110	718	965	371
913	440067	837	790	435
914	440924	558	796	632
915	441522	499	841	374
916	442040	279	962	460
917	442339	179	1118	703
918	442539	598	1142	663
919	443197	439	517	828
920	443655	279	489	921
921	443974	937	1147	678
922	444951	339	728	423
923	445509	199	710	376
924	445908	259	787	439
925	446187	598	805	536
926	446825	459	826	263
927	447403	179	758	473
928	447603	618	500	370
929	448480	179	693	302
930	448699	419	778	562
931	449158	219	579	332
932	449417	219	857	589
933	449656	379	784	612
934	450075	279	615	472
935	450374	199	600	539
936	450613	199	1125	482
937	450972	100	892	1018
938	451091	558	929	944
939	451929	459	791	394
940	452626	857	791	590
941	453504	279	797	580
942	453803	698	925	837
943	454780	479	828	576
944	455298	339	816	374
945	455697	199	905	841
946	455936	399	832	589
947	456355	259	923	752
948	456634	219	965	828
949	456893	199	1037	335
950	457132	199	579	554
951	457391	638	528	960
952	458249	159	740	528
953	458448	159	724	549
954	458627	1415	796	529
955	460103	259	658	855
956	460422	159	1120	620
957	460621	159	1150	375
958	460820	159	778	301
959	461020	299	466	282
960	461379	120	836	840
961	461518	259	828	803
962	461817	658	611	644
963	462754	239	696	446
964	463013	419	823	508
965	463472	120	829	499
966	463611	120	788	537
967	463751	359	788	526
968	464150	199	595	508
969	464389	239	757	520
970	464648	120	914	639
971	464788	140	1003	701
972	464967	259	1095	295
973	465266	120	615	506
974	465426	399	664	833
975	465864	219	558	985
976	466104	120	522	817
977	466243	199	546	756
978	466582	159	1146	852
979	466761	678	1069	920
980	467738	100	793	491
981	468137	1376	795	573
982	469632	458	568	612
983	470131	319	456	259
984	470489	239	974	260
985	470749	877	790	188
986	471845	179	780	314
987	472084	219	790	732
988	472324	1435	784	616
989	473799	319	740	351
990	474158	359	860	168
991	474556	219	529	134
992	474816	279	339	174
993	475154	598	686	839
994	475792	399	1177	809
995	476231	259	569	824
996	476510	459	696	834
997	477009	578	1039	413
998	477627	419	1187	184
999	478085	219	789	189
1000	478344	837	1163	180
1001	479242	399	446	152
1002	479660	339	355	156
1003	480039	498	707	150
1004	480557	179	558	154
1005	480777	339	354	214
1006	481155	100	335	214
1007	481295	339	455	466
1008	481654	279	345	487
1009	481973	1216	881	518
1010	483667	479	841	363
1011	484345	239	729	485
1012	484604	618	787	464
1013	485262	199	795	455
1014	485482	1057	1035	443
1015	486758	518	727	401
1016	487316	219	698	583
1017	487555	558	787	564
1018	488153	459	766	318
1019	488632	120	793	396
1020	488791	159	736	512
1021	489050	140	775	783
1022	489230	239	566	885
1023	489509	279	1017	731
1024	489828	179	764	660
1025	490027	199	713	712
1026	490246	957	699	1000
1027	491482	638	765	464
1028	492140	439	770	448
1029	492619	279	717	778
1030	492918	359	687	943
1031	493297	299	607	976
1032	493636	100	545	537
1033	493755	399	542	690
1034	494194	299	929	363
1035	494513	359	790	291
1036	494892	319	473	385
1037	495290	219	414	457
1038	495549	379	400	145
1039	495968	319	983	126
1040	496307	239	781	185
1041	496606	279	1114	578
1042	496925	498	982	812
1043	497463	299	638	927
1044	497782	259	544	919
1045	498081	538	833	874
1046	498660	498	1112	889
1047	499178	279	1257	774
1048	499517	1037	1135	206
1049	500573	319	1078	119
1050	500912	339	1028	129
1051	501271	259	1252	146
1052	501550	160	1225	136
1053	501750	459	580	232
1054	502248	459	420	438
1055	502726	299	622	410
1056	503046	997	706	553
1057	504521	100	744	472
1058	504800	199	728	539
1059	505019	479	793	560
1060	505518	299	705	346
1061	505837	359	801	402
1062	506215	718	980	439
1063	507093	1934	860	416
1064	509066	279	629	484
1065	509385	159	1059	342
1066	509585	399	1033	526
1067	510003	777	1122	478
1068	511020	399	910	355
1069	511459	199	1415	242
1070	511698	578	785	520
1071	512316	598	945	314
1072	512954	698	537	360
1073	513891	1017	770	367
1074	514928	120	852	482
1075	515067	279	784	543
1076	515386	359	666	350
1077	515865	558	1029	252
1078	516642	359	940	263
1079	517041	439	785	531
1080	517519	359	970	254
1081	517898	658	771	278
1082	518596	120	904	310
1083	518735	299	570	341
1084	519054	159	342	239
1085	519254	299	817	775
1086	519593	419	968	897
1087	520031	419	1127	622
1088	520490	459	1061	258
1089	521008	399	510	492
1090	521467	259	602	913
1091	521746	479	673	1062
1092	522523	379	829	378
1093	522922	419	774	549
1094	523361	638	776	433
1095	524019	459	777	593
1096	524497	658	992	775
1097	525374	937	871	613
1098	526331	199	940	769
1099	526570	219	754	519
1100	526810	459	831	542
1101	527288	199	973	637
1102	527507	160	872	870
1103	527707	199	629	599
1104	527926	259	511	937
1105	528205	219	719	1010
1106	528444	538	634	1029
1107	529222	718	840	504
1108	529980	239	636	349
1109	530259	857	731	823
1110	531136	299	678	957
1111	531475	199	1002	768
1112	531694	199	984	683
1113	531933	239	748	254
1114	532212	120	488	451
1115	532352	698	408	527
1116	533269	638	725	479
1117	533987	379	784	530
1118	534385	219	426	476
1119	534645	419	671	460
1120	535083	279	517	490
1121	535422	199	997	533
1122	535642	518	1037	563
1123	536419	558	891	517
1124	537017	319	767	495
1125	537356	638	882	481
1126	538014	259	677	493
1127	538293	738	788	485
1128	539230	279	784	463
1129	539549	778	788	428
1130	540346	279	739	453
1131	540645	498	795	469
1132	541164	100	603	426
1133	541283	718	569	460
1134	542220	239	667	440
1135	542480	359	803	482
1136	542878	219	585	390
1137	543117	259	754	425
1138	543397	777	682	444
1139	544214	120	966	431
1140	544354	219	1098	285
1141	544633	379	965	795
1142	545031	159	1072	1021
1143	545251	219	512	840
1144	545490	299	512	717
1145	545829	120	464	1064
1146	545968	199	482	1021
1147	546188	120	443	1036
1148	546367	399	868	574
1149	546806	339	863	316
1150	547184	239	514	272
1151	547444	359	399	272
1152	547862	399	1147	254
1153	548301	299	852	160
1154	548660	399	761	826
1155	549079	658	751	929
1156	549776	1495	989	991
1157	551491	1834	794	506
1158	553365	199	901	781
1159	553604	179	996	980
1160	553923	339	548	1016
1161	554302	219	452	499
1162	554541	718	594	578
1163	555558	239	722	531
1164	556016	299	740	520
1165	556335	159	800	513
1166	556535	598	758	504
1167	557173	139	739	530
1168	557332	159	654	541
1169	557512	159	935	567
1170	557691	598	989	572
1171	558488	1316	796	462
1172	559824	578	845	439
1173	560442	179	998	484
1174	560642	199	688	483
1175	560861	718	670	516
1176	561738	279	684	491
1177	562117	479	789	519
1178	562635	299	674	478
1179	562954	638	780	508
1180	563612	239	690	514
1181	563891	279	656	778
1182	564230	279	980	746
1183	564549	179	848	982
1184	564748	837	1056	680
1185	565805	917	823	527
1186	566742	937	790	462
1187	567719	638	952	569
