Obs, RMS, beta, ecc, nFix
1, 0.900, 1.600, 100.000, 1.000 
1, 0.900, 1.600, 100.000, 3.000 
1, 0.900, 1.600, 100.000, 3.000 
1, 0.900, 1.600, 100.000, 39.000 
1, 0.900, 1.600, 100.000, 3.000 
1, 0.900, 1.600, 100.000, 4.000 
1, 0.900, 1.600, 100.000, 1.000 
1, 0.900, 1.600, 100.000, 2.000 
1, 0.900, 1.600, 100.000, 2.000 
1, 0.900, 1.600, 100.000, 2.000 
1, 0.900, 1.600, 100.000, 2.000 
1, 0.900, 1.600, 100.000, 3.000 
1, 0.900, 1.600, 100.000, 1.000 
1, 0.900, 1.600, 100.000, 1.000 
1, 0.900, 1.600, 100.000, 1.000 
1, 0.900, 1.600, 100.000, 4.000 
1, 0.900, 1.600, 100.000, 1.000 
1, 0.900, 1.600, 100.000, 11.000 
1, 0.900, 1.600, 100.000, 1.000 
1, 0.900, 1.600, 100.000, 1.000 
1, 0.900, 1.600, 225.000, 22.000 
1, 0.900, 1.600, 225.000, 2.000 
1, 0.900, 1.600, 225.000, 2.000 
1, 0.900, 1.600, 225.000, 4.000 
1, 0.900, 1.600, 225.000, 1.000 
1, 0.900, 1.600, 225.000, 41.000 
1, 0.900, 1.600, 225.000, 1.000 
1, 0.900, 1.600, 225.000, 3.000 
1, 0.900, 1.600, 225.000, 2.000 
1, 0.900, 1.600, 225.000, 2.000 
1, 0.900, 1.600, 225.000, 5.000 
1, 0.900, 1.600, 225.000, 1.000 
1, 0.900, 1.600, 225.000, 7.000 
1, 0.900, 1.600, 225.000, 4.000 
1, 0.900, 1.600, 225.000, 3.000 
1, 0.900, 1.600, 225.000, 9.000 
1, 0.900, 1.600, 225.000, 3.000 
1, 0.900, 1.600, 225.000, 1.000 
1, 0.900, 1.600, 225.000, 1.000 
1, 0.900, 1.600, 225.000, 3.000 
1, 0.900, 1.600, 350.000, 2.000 
1, 0.900, 1.600, 350.000, 29.000 
1, 0.900, 1.600, 350.000, 2.000 
1, 0.900, 1.600, 350.000, 3.000 
1, 0.900, 1.600, 350.000, 6.000 
1, 0.900, 1.600, 350.000, 2.000 
1, 0.900, 1.600, 350.000, 6.000 
1, 0.900, 1.600, 350.000, 5.000 
1, 0.900, 1.600, 350.000, 6.000 
1, 0.900, 1.600, 350.000, 2.000 
1, 0.900, 1.600, 350.000, 13.000 
1, 0.900, 1.600, 350.000, 26.000 
1, 0.900, 1.600, 350.000, 26.000 
1, 0.900, 1.600, 350.000, 23.000 
1, 0.900, 1.600, 350.000, 2.000 
1, 0.900, 1.600, 350.000, 3.000 
1, 0.900, 1.600, 350.000, 5.000 
1, 0.900, 1.600, 350.000, 30.000 
1, 0.900, 1.600, 350.000, 37.000 
1, 0.900, 1.600, 350.000, 12.000 
1, 1.100, 1.600, 100.000, 69.000 
1, 1.100, 1.600, 100.000, 50.000 
1, 1.100, 1.600, 100.000, 1.000 
1, 1.100, 1.600, 100.000, 2.000 
1, 1.100, 1.600, 100.000, 6.000 
1, 1.100, 1.600, 100.000, 2.000 
1, 1.100, 1.600, 100.000, 33.000 
1, 1.100, 1.600, 100.000, 2.000 
1, 1.100, 1.600, 100.000, 1.000 
1, 1.100, 1.600, 100.000, 1.000 
1, 1.100, 1.600, 100.000, 3.000 
1, 1.100, 1.600, 100.000, 15.000 
1, 1.100, 1.600, 100.000, 1.000 
1, 1.100, 1.600, 100.000, 22.000 
1, 1.100, 1.600, 100.000, 10.000 
1, 1.100, 1.600, 100.000, 4.000 
1, 1.100, 1.600, 100.000, 7.000 
1, 1.100, 1.600, 100.000, 3.000 
1, 1.100, 1.600, 100.000, 2.000 
1, 1.100, 1.600, 100.000, 2.000 
1, 1.100, 1.600, 225.000, 47.000 
1, 1.100, 1.600, 225.000, 6.000 
1, 1.100, 1.600, 225.000, 43.000 
1, 1.100, 1.600, 225.000, 11.000 
1, 1.100, 1.600, 225.000, 6.000 
1, 1.100, 1.600, 225.000, 3.000 
1, 1.100, 1.600, 225.000, 5.000 
1, 1.100, 1.600, 225.000, 2.000 
1, 1.100, 1.600, 225.000, 3.000 
1, 1.100, 1.600, 225.000, 14.000 
1, 1.100, 1.600, 225.000, 9.000 
1, 1.100, 1.600, 225.000, 5.000 
1, 1.100, 1.600, 225.000, 319.000 
1, 1.100, 1.600, 225.000, 4.000 
1, 1.100, 1.600, 225.000, 22.000 
1, 1.100, 1.600, 225.000, 5.000 
1, 1.100, 1.600, 225.000, 34.000 
1, 1.100, 1.600, 225.000, 2.000 
1, 1.100, 1.600, 225.000, 15.000 
1, 1.100, 1.600, 225.000, 4.000 
1, 1.100, 1.600, 350.000, 12.000 
1, 1.100, 1.600, 350.000, 36.000 
1, 1.100, 1.600, 350.000, 99.000 
1, 1.100, 1.600, 350.000, 3.000 
1, 1.100, 1.600, 350.000, 21.000 
1, 1.100, 1.600, 350.000, 14.000 
1, 1.100, 1.600, 350.000, 6.000 
1, 1.100, 1.600, 350.000, 9.000 
1, 1.100, 1.600, 350.000, 9.000 
1, 1.100, 1.600, 350.000, 9.000 
1, 1.100, 1.600, 350.000, 3.000 
1, 1.100, 1.600, 350.000, 56.000 
1, 1.100, 1.600, 350.000, 61.000 
1, 1.100, 1.600, 350.000, 5.000 
1, 1.100, 1.600, 350.000, 30.000 
1, 1.100, 1.600, 350.000, 11.000 
1, 1.100, 1.600, 350.000, 2.000 
1, 1.100, 1.600, 350.000, 88.000 
1, 1.100, 1.600, 350.000, 202.000 
1, 1.100, 1.600, 350.000, 10.000 
1, 0.900, 1.650, 100.000, 1.000 
1, 0.900, 1.650, 100.000, 2.000 
1, 0.900, 1.650, 100.000, 1.000 
1, 0.900, 1.650, 100.000, 1.000 
1, 0.900, 1.650, 100.000, 3.000 
1, 0.900, 1.650, 100.000, 1.000 
1, 0.900, 1.650, 100.000, 1.000 
1, 0.900, 1.650, 100.000, 1.000 
1, 0.900, 1.650, 100.000, 2.000 
1, 0.900, 1.650, 100.000, 2.000 
1, 0.900, 1.650, 100.000, 2.000 
1, 0.900, 1.650, 100.000, 1.000 
1, 0.900, 1.650, 100.000, 1.000 
1, 0.900, 1.650, 100.000, 4.000 
1, 0.900, 1.650, 100.000, 2.000 
1, 0.900, 1.650, 100.000, 1.000 
1, 0.900, 1.650, 100.000, 1.000 
1, 0.900, 1.650, 100.000, 2.000 
1, 0.900, 1.650, 100.000, 1.000 
1, 0.900, 1.650, 100.000, 2.000 
1, 0.900, 1.650, 225.000, 2.000 
1, 0.900, 1.650, 225.000, 4.000 
1, 0.900, 1.650, 225.000, 2.000 
1, 0.900, 1.650, 225.000, 3.000 
1, 0.900, 1.650, 225.000, 3.000 
1, 0.900, 1.650, 225.000, 2.000 
1, 0.900, 1.650, 225.000, 2.000 
1, 0.900, 1.650, 225.000, 3.000 
1, 0.900, 1.650, 225.000, 1.000 
1, 0.900, 1.650, 225.000, 6.000 
1, 0.900, 1.650, 225.000, 2.000 
1, 0.900, 1.650, 225.000, 1.000 
1, 0.900, 1.650, 225.000, 1.000 
1, 0.900, 1.650, 225.000, 1.000 
1, 0.900, 1.650, 225.000, 1.000 
1, 0.900, 1.650, 225.000, 5.000 
1, 0.900, 1.650, 225.000, 5.000 
1, 0.900, 1.650, 225.000, 4.000 
1, 0.900, 1.650, 225.000, 2.000 
1, 0.900, 1.650, 225.000, 3.000 
1, 0.900, 1.650, 350.000, 2.000 
1, 0.900, 1.650, 350.000, 2.000 
1, 0.900, 1.650, 350.000, 17.000 
1, 0.900, 1.650, 350.000, 2.000 
1, 0.900, 1.650, 350.000, 5.000 
1, 0.900, 1.650, 350.000, 6.000 
1, 0.900, 1.650, 350.000, 3.000 
1, 0.900, 1.650, 350.000, 6.000 
1, 0.900, 1.650, 350.000, 1.000 
1, 0.900, 1.650, 350.000, 2.000 
1, 0.900, 1.650, 350.000, 3.000 
1, 0.900, 1.650, 350.000, 3.000 
1, 0.900, 1.650, 350.000, 3.000 
1, 0.900, 1.650, 350.000, 4.000 
1, 0.900, 1.650, 350.000, 5.000 
1, 0.900, 1.650, 350.000, 4.000 
1, 0.900, 1.650, 350.000, 2.000 
1, 0.900, 1.650, 350.000, 2.000 
1, 0.900, 1.650, 350.000, 2.000 
1, 0.900, 1.650, 350.000, 8.000 
1, 1.100, 1.650, 100.000, 2.000 
1, 1.100, 1.650, 100.000, 1.000 
1, 1.100, 1.650, 100.000, 1.000 
1, 1.100, 1.650, 100.000, 124.000 
1, 1.100, 1.650, 100.000, 4.000 
1, 1.100, 1.650, 100.000, 2.000 
1, 1.100, 1.650, 100.000, 4.000 
1, 1.100, 1.650, 100.000, 1.000 
1, 1.100, 1.650, 100.000, 2.000 
1, 1.100, 1.650, 100.000, 1.000 
1, 1.100, 1.650, 100.000, 1.000 
1, 1.100, 1.650, 100.000, 2.000 
1, 1.100, 1.650, 100.000, 2.000 
1, 1.100, 1.650, 100.000, 2.000 
1, 1.100, 1.650, 100.000, 9.000 
1, 1.100, 1.650, 100.000, 1.000 
1, 1.100, 1.650, 100.000, 2.000 
1, 1.100, 1.650, 100.000, 23.000 
1, 1.100, 1.650, 100.000, 1.000 
1, 1.100, 1.650, 100.000, 4.000 
1, 1.100, 1.650, 225.000, 3.000 
1, 1.100, 1.650, 225.000, 3.000 
1, 1.100, 1.650, 225.000, 2.000 
1, 1.100, 1.650, 225.000, 8.000 
1, 1.100, 1.650, 225.000, 4.000 
1, 1.100, 1.650, 225.000, 2.000 
1, 1.100, 1.650, 225.000, 3.000 
1, 1.100, 1.650, 225.000, 2.000 
1, 1.100, 1.650, 225.000, 2.000 
1, 1.100, 1.650, 225.000, 9.000 
1, 1.100, 1.650, 225.000, 4.000 
1, 1.100, 1.650, 225.000, 7.000 
1, 1.100, 1.650, 225.000, 66.000 
1, 1.100, 1.650, 225.000, 1.000 
1, 1.100, 1.650, 225.000, 14.000 
1, 1.100, 1.650, 225.000, 1.000 
1, 1.100, 1.650, 225.000, 3.000 
1, 1.100, 1.650, 225.000, 3.000 
1, 1.100, 1.650, 225.000, 4.000 
1, 1.100, 1.650, 225.000, 2.000 
1, 1.100, 1.650, 350.000, 11.000 
1, 1.100, 1.650, 350.000, 2.000 
1, 1.100, 1.650, 350.000, 7.000 
1, 1.100, 1.650, 350.000, 4.000 
1, 1.100, 1.650, 350.000, 1.000 
1, 1.100, 1.650, 350.000, 3.000 
1, 1.100, 1.650, 350.000, 1.000 
1, 1.100, 1.650, 350.000, 8.000 
1, 1.100, 1.650, 350.000, 3.000 
1, 1.100, 1.650, 350.000, 2.000 
1, 1.100, 1.650, 350.000, 6.000 
1, 1.100, 1.650, 350.000, 4.000 
1, 1.100, 1.650, 350.000, 3.000 
1, 1.100, 1.650, 350.000, 3.000 
1, 1.100, 1.650, 350.000, 2.000 
1, 1.100, 1.650, 350.000, 2.000 
1, 1.100, 1.650, 350.000, 2.000 
1, 1.100, 1.650, 350.000, 8.000 
1, 1.100, 1.650, 350.000, 11.000 
1, 1.100, 1.650, 350.000, 24.000 
1, 0.900, 1.700, 100.000, 3.000 
1, 0.900, 1.700, 100.000, 1.000 
1, 0.900, 1.700, 100.000, 1.000 
1, 0.900, 1.700, 100.000, 2.000 
1, 0.900, 1.700, 100.000, 1.000 
1, 0.900, 1.700, 100.000, 2.000 
1, 0.900, 1.700, 100.000, 1.000 
1, 0.900, 1.700, 100.000, 2.000 
1, 0.900, 1.700, 100.000, 2.000 
1, 0.900, 1.700, 100.000, 1.000 
1, 0.900, 1.700, 100.000, 1.000 
1, 0.900, 1.700, 100.000, 1.000 
1, 0.900, 1.700, 100.000, 1.000 
1, 0.900, 1.700, 100.000, 2.000 
1, 0.900, 1.700, 100.000, 1.000 
1, 0.900, 1.700, 100.000, 1.000 
1, 0.900, 1.700, 100.000, 1.000 
1, 0.900, 1.700, 100.000, 1.000 
1, 0.900, 1.700, 100.000, 1.000 
1, 0.900, 1.700, 100.000, 1.000 
1, 0.900, 1.700, 225.000, 2.000 
1, 0.900, 1.700, 225.000, 1.000 
1, 0.900, 1.700, 225.000, 1.000 
1, 0.900, 1.700, 225.000, 2.000 
1, 0.900, 1.700, 225.000, 2.000 
1, 0.900, 1.700, 225.000, 2.000 
1, 0.900, 1.700, 225.000, 2.000 
1, 0.900, 1.700, 225.000, 3.000 
1, 0.900, 1.700, 225.000, 3.000 
1, 0.900, 1.700, 225.000, 1.000 
1, 0.900, 1.700, 225.000, 3.000 
1, 0.900, 1.700, 225.000, 1.000 
1, 0.900, 1.700, 225.000, 1.000 
1, 0.900, 1.700, 225.000, 1.000 
1, 0.900, 1.700, 225.000, 2.000 
1, 0.900, 1.700, 225.000, 2.000 
1, 0.900, 1.700, 225.000, 6.000 
1, 0.900, 1.700, 225.000, 2.000 
1, 0.900, 1.700, 225.000, 1.000 
1, 0.900, 1.700, 225.000, 1.000 
1, 0.900, 1.700, 350.000, 3.000 
1, 0.900, 1.700, 350.000, 2.000 
1, 0.900, 1.700, 350.000, 2.000 
1, 0.900, 1.700, 350.000, 5.000 
1, 0.900, 1.700, 350.000, 7.000 
1, 0.900, 1.700, 350.000, 1.000 
1, 0.900, 1.700, 350.000, 2.000 
1, 0.900, 1.700, 350.000, 4.000 
1, 0.900, 1.700, 350.000, 2.000 
1, 0.900, 1.700, 350.000, 1.000 
1, 0.900, 1.700, 350.000, 2.000 
1, 0.900, 1.700, 350.000, 3.000 
1, 0.900, 1.700, 350.000, 2.000 
1, 0.900, 1.700, 350.000, 1.000 
1, 0.900, 1.700, 350.000, 4.000 
1, 0.900, 1.700, 350.000, 1.000 
1, 0.900, 1.700, 350.000, 4.000 
1, 0.900, 1.700, 350.000, 1.000 
1, 0.900, 1.700, 350.000, 5.000 
1, 0.900, 1.700, 350.000, 2.000 
1, 1.100, 1.700, 100.000, 1.000 
1, 1.100, 1.700, 100.000, 1.000 
1, 1.100, 1.700, 100.000, 2.000 
1, 1.100, 1.700, 100.000, 2.000 
1, 1.100, 1.700, 100.000, 2.000 
1, 1.100, 1.700, 100.000, 2.000 
1, 1.100, 1.700, 100.000, 1.000 
1, 1.100, 1.700, 100.000, 1.000 
1, 1.100, 1.700, 100.000, 1.000 
1, 1.100, 1.700, 100.000, 1.000 
1, 1.100, 1.700, 100.000, 3.000 
1, 1.100, 1.700, 100.000, 1.000 
1, 1.100, 1.700, 100.000, 2.000 
1, 1.100, 1.700, 100.000, 2.000 
1, 1.100, 1.700, 100.000, 1.000 
1, 1.100, 1.700, 100.000, 2.000 
1, 1.100, 1.700, 100.000, 2.000 
1, 1.100, 1.700, 100.000, 1.000 
1, 1.100, 1.700, 100.000, 2.000 
1, 1.100, 1.700, 100.000, 1.000 
1, 1.100, 1.700, 225.000, 2.000 
1, 1.100, 1.700, 225.000, 1.000 
1, 1.100, 1.700, 225.000, 3.000 
1, 1.100, 1.700, 225.000, 3.000 
1, 1.100, 1.700, 225.000, 3.000 
1, 1.100, 1.700, 225.000, 1.000 
1, 1.100, 1.700, 225.000, 3.000 
1, 1.100, 1.700, 225.000, 4.000 
1, 1.100, 1.700, 225.000, 2.000 
1, 1.100, 1.700, 225.000, 3.000 
1, 1.100, 1.700, 225.000, 1.000 
1, 1.100, 1.700, 225.000, 3.000 
1, 1.100, 1.700, 225.000, 4.000 
1, 1.100, 1.700, 225.000, 3.000 
1, 1.100, 1.700, 225.000, 1.000 
1, 1.100, 1.700, 225.000, 4.000 
1, 1.100, 1.700, 225.000, 2.000 
1, 1.100, 1.700, 225.000, 2.000 
1, 1.100, 1.700, 225.000, 5.000 
1, 1.100, 1.700, 225.000, 2.000 
1, 1.100, 1.700, 350.000, 7.000 
1, 1.100, 1.700, 350.000, 2.000 
1, 1.100, 1.700, 350.000, 3.000 
1, 1.100, 1.700, 350.000, 4.000 
1, 1.100, 1.700, 350.000, 1.000 
1, 1.100, 1.700, 350.000, 5.000 
1, 1.100, 1.700, 350.000, 3.000 
1, 1.100, 1.700, 350.000, 5.000 
1, 1.100, 1.700, 350.000, 4.000 
1, 1.100, 1.700, 350.000, 5.000 
1, 1.100, 1.700, 350.000, 1.000 
1, 1.100, 1.700, 350.000, 3.000 
1, 1.100, 1.700, 350.000, 2.000 
1, 1.100, 1.700, 350.000, 6.000 
1, 1.100, 1.700, 350.000, 8.000 
1, 1.100, 1.700, 350.000, 4.000 
1, 1.100, 1.700, 350.000, 2.000 
1, 1.100, 1.700, 350.000, 2.000 
1, 1.100, 1.700, 350.000, 2.000 
1, 1.100, 1.700, 350.000, 1.000 
2, 0.900, 1.600, 100.000, 1.000 
2, 0.900, 1.600, 100.000, 4.000 
2, 0.900, 1.600, 100.000, 3.000 
2, 0.900, 1.600, 100.000, 26.000 
2, 0.900, 1.600, 100.000, 9.000 
2, 0.900, 1.600, 100.000, 5.000 
2, 0.900, 1.600, 100.000, 3.000 
2, 0.900, 1.600, 100.000, 1.000 
2, 0.900, 1.600, 100.000, 2.000 
2, 0.900, 1.600, 100.000, 1.000 
2, 0.900, 1.600, 100.000, 2.000 
2, 0.900, 1.600, 100.000, 12.000 
2, 0.900, 1.600, 100.000, 4.000 
2, 0.900, 1.600, 100.000, 3.000 
2, 0.900, 1.600, 100.000, 8.000 
2, 0.900, 1.600, 100.000, 2.000 
2, 0.900, 1.600, 100.000, 1.000 
2, 0.900, 1.600, 100.000, 4.000 
2, 0.900, 1.600, 100.000, 2.000 
2, 0.900, 1.600, 100.000, 4.000 
2, 0.900, 1.600, 225.000, 11.000 
2, 0.900, 1.600, 225.000, 4.000 
2, 0.900, 1.600, 225.000, 2.000 
2, 0.900, 1.600, 225.000, 2.000 
2, 0.900, 1.600, 225.000, 2.000 
2, 0.900, 1.600, 225.000, 5.000 
2, 0.900, 1.600, 225.000, 3.000 
2, 0.900, 1.600, 225.000, 1.000 
2, 0.900, 1.600, 225.000, 1.000 
2, 0.900, 1.600, 225.000, 3.000 
2, 0.900, 1.600, 225.000, 1.000 
2, 0.900, 1.600, 225.000, 2.000 
2, 0.900, 1.600, 225.000, 5.000 
2, 0.900, 1.600, 225.000, 1.000 
2, 0.900, 1.600, 225.000, 3.000 
2, 0.900, 1.600, 225.000, 7.000 
2, 0.900, 1.600, 225.000, 4.000 
2, 0.900, 1.600, 225.000, 4.000 
2, 0.900, 1.600, 225.000, 3.000 
2, 0.900, 1.600, 225.000, 5.000 
2, 0.900, 1.600, 350.000, 14.000 
2, 0.900, 1.600, 350.000, 32.000 
2, 0.900, 1.600, 350.000, 9.000 
2, 0.900, 1.600, 350.000, 3.000 
2, 0.900, 1.600, 350.000, 3.000 
2, 0.900, 1.600, 350.000, 5.000 
2, 0.900, 1.600, 350.000, 5.000 
2, 0.900, 1.600, 350.000, 6.000 
2, 0.900, 1.600, 350.000, 2.000 
2, 0.900, 1.600, 350.000, 5.000 
2, 0.900, 1.600, 350.000, 13.000 
2, 0.900, 1.600, 350.000, 7.000 
2, 0.900, 1.600, 350.000, 8.000 
2, 0.900, 1.600, 350.000, 9.000 
2, 0.900, 1.600, 350.000, 2.000 
2, 0.900, 1.600, 350.000, 1.000 
2, 0.900, 1.600, 350.000, 2.000 
2, 0.900, 1.600, 350.000, 23.000 
2, 0.900, 1.600, 350.000, 9.000 
2, 0.900, 1.600, 350.000, 8.000 
2, 1.100, 1.600, 100.000, 128.000 
2, 1.100, 1.600, 100.000, 8.000 
2, 1.100, 1.600, 100.000, 21.000 
2, 1.100, 1.600, 100.000, 2.000 
2, 1.100, 1.600, 100.000, 5.000 
2, 1.100, 1.600, 100.000, 4.000 
2, 1.100, 1.600, 100.000, 15.000 
2, 1.100, 1.600, 100.000, 2.000 
2, 1.100, 1.600, 100.000, 2.000 
2, 1.100, 1.600, 100.000, 2.000 
2, 1.100, 1.600, 100.000, 3.000 
2, 1.100, 1.600, 100.000, 2.000 
2, 1.100, 1.600, 100.000, 2.000 
2, 1.100, 1.600, 100.000, 51.000 
2, 1.100, 1.600, 100.000, 12.000 
2, 1.100, 1.600, 100.000, 3.000 
2, 1.100, 1.600, 100.000, 3.000 
2, 1.100, 1.600, 100.000, 9.000 
2, 1.100, 1.600, 100.000, 2.000 
2, 1.100, 1.600, 100.000, 5.000 
2, 1.100, 1.600, 225.000, 219.000 
2, 1.100, 1.600, 225.000, 17.000 
2, 1.100, 1.600, 225.000, 9.000 
2, 1.100, 1.600, 225.000, 4.000 
2, 1.100, 1.600, 225.000, 5.000 
2, 1.100, 1.600, 225.000, 7.000 
2, 1.100, 1.600, 225.000, 3.000 
2, 1.100, 1.600, 225.000, 3.000 
2, 1.100, 1.600, 225.000, 2.000 
2, 1.100, 1.600, 225.000, 2.000 
2, 1.100, 1.600, 225.000, 6.000 
2, 1.100, 1.600, 225.000, 10.000 
2, 1.100, 1.600, 225.000, 117.000 
2, 1.100, 1.600, 225.000, 13.000 
2, 1.100, 1.600, 225.000, 22.000 
2, 1.100, 1.600, 225.000, 1.000 
2, 1.100, 1.600, 225.000, 4.000 
2, 1.100, 1.600, 225.000, 3.000 
2, 1.100, 1.600, 225.000, 16.000 
2, 1.100, 1.600, 225.000, 3.000 
2, 1.100, 1.600, 350.000, 22.000 
2, 1.100, 1.600, 350.000, 25.000 
2, 1.100, 1.600, 350.000, 39.000 
2, 1.100, 1.600, 350.000, 21.000 
2, 1.100, 1.600, 350.000, 25.000 
2, 1.100, 1.600, 350.000, 4.000 
2, 1.100, 1.600, 350.000, 8.000 
2, 1.100, 1.600, 350.000, 4.000 
2, 1.100, 1.600, 350.000, 1.000 
2, 1.100, 1.600, 350.000, 14.000 
2, 1.100, 1.600, 350.000, 6.000 
2, 1.100, 1.600, 350.000, 38.000 
2, 1.100, 1.600, 350.000, 31.000 
2, 1.100, 1.600, 350.000, 3.000 
2, 1.100, 1.600, 350.000, 9.000 
2, 1.100, 1.600, 350.000, 3.000 
2, 1.100, 1.600, 350.000, 3.000 
2, 1.100, 1.600, 350.000, 92.000 
2, 1.100, 1.600, 350.000, 5.000 
2, 1.100, 1.600, 350.000, 8.000 
2, 0.900, 1.650, 100.000, 2.000 
2, 0.900, 1.650, 100.000, 2.000 
2, 0.900, 1.650, 100.000, 1.000 
2, 0.900, 1.650, 100.000, 3.000 
2, 0.900, 1.650, 100.000, 1.000 
2, 0.900, 1.650, 100.000, 1.000 
2, 0.900, 1.650, 100.000, 2.000 
2, 0.900, 1.650, 100.000, 2.000 
2, 0.900, 1.650, 100.000, 1.000 
2, 0.900, 1.650, 100.000, 2.000 
2, 0.900, 1.650, 100.000, 2.000 
2, 0.900, 1.650, 100.000, 2.000 
2, 0.900, 1.650, 100.000, 1.000 
2, 0.900, 1.650, 100.000, 1.000 
2, 0.900, 1.650, 100.000, 3.000 
2, 0.900, 1.650, 100.000, 1.000 
2, 0.900, 1.650, 100.000, 2.000 
2, 0.900, 1.650, 100.000, 1.000 
2, 0.900, 1.650, 100.000, 2.000 
2, 0.900, 1.650, 100.000, 2.000 
2, 0.900, 1.650, 225.000, 2.000 
2, 0.900, 1.650, 225.000, 2.000 
2, 0.900, 1.650, 225.000, 2.000 
2, 0.900, 1.650, 225.000, 4.000 
2, 0.900, 1.650, 225.000, 4.000 
2, 0.900, 1.650, 225.000, 1.000 
2, 0.900, 1.650, 225.000, 2.000 
2, 0.900, 1.650, 225.000, 2.000 
2, 0.900, 1.650, 225.000, 4.000 
2, 0.900, 1.650, 225.000, 2.000 
2, 0.900, 1.650, 225.000, 4.000 
2, 0.900, 1.650, 225.000, 1.000 
2, 0.900, 1.650, 225.000, 4.000 
2, 0.900, 1.650, 225.000, 3.000 
2, 0.900, 1.650, 225.000, 1.000 
2, 0.900, 1.650, 225.000, 3.000 
2, 0.900, 1.650, 225.000, 1.000 
2, 0.900, 1.650, 225.000, 2.000 
2, 0.900, 1.650, 225.000, 1.000 
2, 0.900, 1.650, 225.000, 3.000 
2, 0.900, 1.650, 350.000, 2.000 
2, 0.900, 1.650, 350.000, 5.000 
2, 0.900, 1.650, 350.000, 11.000 
2, 0.900, 1.650, 350.000, 3.000 
2, 0.900, 1.650, 350.000, 7.000 
2, 0.900, 1.650, 350.000, 1.000 
2, 0.900, 1.650, 350.000, 2.000 
2, 0.900, 1.650, 350.000, 4.000 
2, 0.900, 1.650, 350.000, 2.000 
2, 0.900, 1.650, 350.000, 4.000 
2, 0.900, 1.650, 350.000, 4.000 
2, 0.900, 1.650, 350.000, 1.000 
2, 0.900, 1.650, 350.000, 2.000 
2, 0.900, 1.650, 350.000, 4.000 
2, 0.900, 1.650, 350.000, 1.000 
2, 0.900, 1.650, 350.000, 1.000 
2, 0.900, 1.650, 350.000, 3.000 
2, 0.900, 1.650, 350.000, 4.000 
2, 0.900, 1.650, 350.000, 1.000 
2, 0.900, 1.650, 350.000, 3.000 
2, 1.100, 1.650, 100.000, 2.000 
2, 1.100, 1.650, 100.000, 1.000 
2, 1.100, 1.650, 100.000, 3.000 
2, 1.100, 1.650, 100.000, 3.000 
2, 1.100, 1.650, 100.000, 2.000 
2, 1.100, 1.650, 100.000, 3.000 
2, 1.100, 1.650, 100.000, 1.000 
2, 1.100, 1.650, 100.000, 2.000 
2, 1.100, 1.650, 100.000, 1.000 
2, 1.100, 1.650, 100.000, 1.000 
2, 1.100, 1.650, 100.000, 4.000 
2, 1.100, 1.650, 100.000, 4.000 
2, 1.100, 1.650, 100.000, 5.000 
2, 1.100, 1.650, 100.000, 1.000 
2, 1.100, 1.650, 100.000, 11.000 
2, 1.100, 1.650, 100.000, 1.000 
2, 1.100, 1.650, 100.000, 2.000 
2, 1.100, 1.650, 100.000, 6.000 
2, 1.100, 1.650, 100.000, 1.000 
2, 1.100, 1.650, 100.000, 4.000 
2, 1.100, 1.650, 225.000, 1.000 
2, 1.100, 1.650, 225.000, 3.000 
2, 1.100, 1.650, 225.000, 5.000 
2, 1.100, 1.650, 225.000, 1.000 
2, 1.100, 1.650, 225.000, 1.000 
2, 1.100, 1.650, 225.000, 6.000 
2, 1.100, 1.650, 225.000, 6.000 
2, 1.100, 1.650, 225.000, 5.000 
2, 1.100, 1.650, 225.000, 6.000 
2, 1.100, 1.650, 225.000, 11.000 
2, 1.100, 1.650, 225.000, 3.000 
2, 1.100, 1.650, 225.000, 2.000 
2, 1.100, 1.650, 225.000, 43.000 
2, 1.100, 1.650, 225.000, 2.000 
2, 1.100, 1.650, 225.000, 2.000 
2, 1.100, 1.650, 225.000, 3.000 
2, 1.100, 1.650, 225.000, 3.000 
2, 1.100, 1.650, 225.000, 5.000 
2, 1.100, 1.650, 225.000, 2.000 
2, 1.100, 1.650, 225.000, 2.000 
2, 1.100, 1.650, 350.000, 3.000 
2, 1.100, 1.650, 350.000, 2.000 
2, 1.100, 1.650, 350.000, 7.000 
2, 1.100, 1.650, 350.000, 2.000 
2, 1.100, 1.650, 350.000, 4.000 
2, 1.100, 1.650, 350.000, 9.000 
2, 1.100, 1.650, 350.000, 12.000 
2, 1.100, 1.650, 350.000, 18.000 
2, 1.100, 1.650, 350.000, 12.000 
2, 1.100, 1.650, 350.000, 4.000 
2, 1.100, 1.650, 350.000, 10.000 
2, 1.100, 1.650, 350.000, 5.000 
2, 1.100, 1.650, 350.000, 2.000 
2, 1.100, 1.650, 350.000, 1.000 
2, 1.100, 1.650, 350.000, 2.000 
2, 1.100, 1.650, 350.000, 3.000 
2, 1.100, 1.650, 350.000, 5.000 
2, 1.100, 1.650, 350.000, 3.000 
2, 1.100, 1.650, 350.000, 5.000 
2, 1.100, 1.650, 350.000, 6.000 
2, 0.900, 1.700, 100.000, 1.000 
2, 0.900, 1.700, 100.000, 2.000 
2, 0.900, 1.700, 100.000, 3.000 
2, 0.900, 1.700, 100.000, 1.000 
2, 0.900, 1.700, 100.000, 1.000 
2, 0.900, 1.700, 100.000, 2.000 
2, 0.900, 1.700, 100.000, 2.000 
2, 0.900, 1.700, 100.000, 3.000 
2, 0.900, 1.700, 100.000, 2.000 
2, 0.900, 1.700, 100.000, 1.000 
2, 0.900, 1.700, 100.000, 2.000 
2, 0.900, 1.700, 100.000, 1.000 
2, 0.900, 1.700, 100.000, 2.000 
2, 0.900, 1.700, 100.000, 2.000 
2, 0.900, 1.700, 100.000, 4.000 
2, 0.900, 1.700, 100.000, 2.000 
2, 0.900, 1.700, 100.000, 1.000 
2, 0.900, 1.700, 100.000, 1.000 
2, 0.900, 1.700, 100.000, 3.000 
2, 0.900, 1.700, 100.000, 1.000 
2, 0.900, 1.700, 225.000, 2.000 
2, 0.900, 1.700, 225.000, 3.000 
2, 0.900, 1.700, 225.000, 2.000 
2, 0.900, 1.700, 225.000, 2.000 
2, 0.900, 1.700, 225.000, 2.000 
2, 0.900, 1.700, 225.000, 2.000 
2, 0.900, 1.700, 225.000, 2.000 
2, 0.900, 1.700, 225.000, 2.000 
2, 0.900, 1.700, 225.000, 5.000 
2, 0.900, 1.700, 225.000, 3.000 
2, 0.900, 1.700, 225.000, 1.000 
2, 0.900, 1.700, 225.000, 3.000 
2, 0.900, 1.700, 225.000, 5.000 
2, 0.900, 1.700, 225.000, 2.000 
2, 0.900, 1.700, 225.000, 1.000 
2, 0.900, 1.700, 225.000, 1.000 
2, 0.900, 1.700, 225.000, 3.000 
2, 0.900, 1.700, 225.000, 2.000 
2, 0.900, 1.700, 225.000, 3.000 
2, 0.900, 1.700, 225.000, 4.000 
2, 0.900, 1.700, 350.000, 2.000 
2, 0.900, 1.700, 350.000, 2.000 
2, 0.900, 1.700, 350.000, 1.000 
2, 0.900, 1.700, 350.000, 6.000 
2, 0.900, 1.700, 350.000, 4.000 
2, 0.900, 1.700, 350.000, 1.000 
2, 0.900, 1.700, 350.000, 2.000 
2, 0.900, 1.700, 350.000, 5.000 
2, 0.900, 1.700, 350.000, 1.000 
2, 0.900, 1.700, 350.000, 2.000 
2, 0.900, 1.700, 350.000, 6.000 
2, 0.900, 1.700, 350.000, 3.000 
2, 0.900, 1.700, 350.000, 5.000 
2, 0.900, 1.700, 350.000, 2.000 
2, 0.900, 1.700, 350.000, 4.000 
2, 0.900, 1.700, 350.000, 2.000 
2, 0.900, 1.700, 350.000, 1.000 
2, 0.900, 1.700, 350.000, 2.000 
2, 0.900, 1.700, 350.000, 4.000 
2, 0.900, 1.700, 350.000, 1.000 
2, 1.100, 1.700, 100.000, 2.000 
2, 1.100, 1.700, 100.000, 2.000 
2, 1.100, 1.700, 100.000, 3.000 
2, 1.100, 1.700, 100.000, 1.000 
2, 1.100, 1.700, 100.000, 2.000 
2, 1.100, 1.700, 100.000, 1.000 
2, 1.100, 1.700, 100.000, 3.000 
2, 1.100, 1.700, 100.000, 1.000 
2, 1.100, 1.700, 100.000, 3.000 
2, 1.100, 1.700, 100.000, 1.000 
2, 1.100, 1.700, 100.000, 1.000 
2, 1.100, 1.700, 100.000, 3.000 
2, 1.100, 1.700, 100.000, 1.000 
2, 1.100, 1.700, 100.000, 1.000 
2, 1.100, 1.700, 100.000, 1.000 
2, 1.100, 1.700, 100.000, 1.000 
2, 1.100, 1.700, 100.000, 1.000 
2, 1.100, 1.700, 100.000, 2.000 
2, 1.100, 1.700, 100.000, 2.000 
2, 1.100, 1.700, 100.000, 4.000 
2, 1.100, 1.700, 225.000, 8.000 
2, 1.100, 1.700, 225.000, 2.000 
2, 1.100, 1.700, 225.000, 3.000 
2, 1.100, 1.700, 225.000, 1.000 
2, 1.100, 1.700, 225.000, 2.000 
2, 1.100, 1.700, 225.000, 5.000 
2, 1.100, 1.700, 225.000, 4.000 
2, 1.100, 1.700, 225.000, 2.000 
2, 1.100, 1.700, 225.000, 4.000 
2, 1.100, 1.700, 225.000, 3.000 
2, 1.100, 1.700, 225.000, 1.000 
2, 1.100, 1.700, 225.000, 7.000 
2, 1.100, 1.700, 225.000, 4.000 
2, 1.100, 1.700, 225.000, 1.000 
2, 1.100, 1.700, 225.000, 2.000 
2, 1.100, 1.700, 225.000, 2.000 
2, 1.100, 1.700, 225.000, 1.000 
2, 1.100, 1.700, 225.000, 1.000 
2, 1.100, 1.700, 225.000, 3.000 
2, 1.100, 1.700, 225.000, 4.000 
2, 1.100, 1.700, 350.000, 3.000 
2, 1.100, 1.700, 350.000, 5.000 
2, 1.100, 1.700, 350.000, 6.000 
2, 1.100, 1.700, 350.000, 10.000 
2, 1.100, 1.700, 350.000, 1.000 
2, 1.100, 1.700, 350.000, 4.000 
2, 1.100, 1.700, 350.000, 1.000 
2, 1.100, 1.700, 350.000, 4.000 
2, 1.100, 1.700, 350.000, 7.000 
2, 1.100, 1.700, 350.000, 4.000 
2, 1.100, 1.700, 350.000, 4.000 
2, 1.100, 1.700, 350.000, 2.000 
2, 1.100, 1.700, 350.000, 4.000 
2, 1.100, 1.700, 350.000, 5.000 
2, 1.100, 1.700, 350.000, 9.000 
2, 1.100, 1.700, 350.000, 1.000 
2, 1.100, 1.700, 350.000, 4.000 
2, 1.100, 1.700, 350.000, 3.000 
2, 1.100, 1.700, 350.000, 3.000 
2, 1.100, 1.700, 350.000, 2.000 
3, 0.900, 1.600, 100.000, 2.000 
3, 0.900, 1.600, 100.000, 4.000 
3, 0.900, 1.600, 100.000, 4.000 
3, 0.900, 1.600, 100.000, 6.000 
3, 0.900, 1.600, 100.000, 2.000 
3, 0.900, 1.600, 100.000, 2.000 
3, 0.900, 1.600, 100.000, 1.000 
3, 0.900, 1.600, 100.000, 3.000 
3, 0.900, 1.600, 100.000, 1.000 
3, 0.900, 1.600, 100.000, 4.000 
3, 0.900, 1.600, 100.000, 3.000 
3, 0.900, 1.600, 100.000, 4.000 
3, 0.900, 1.600, 100.000, 3.000 
3, 0.900, 1.600, 100.000, 2.000 
3, 0.900, 1.600, 100.000, 2.000 
3, 0.900, 1.600, 100.000, 5.000 
3, 0.900, 1.600, 100.000, 2.000 
3, 0.900, 1.600, 100.000, 2.000 
3, 0.900, 1.600, 100.000, 2.000 
3, 0.900, 1.600, 100.000, 1.000 
3, 0.900, 1.600, 225.000, 6.000 
3, 0.900, 1.600, 225.000, 3.000 
3, 0.900, 1.600, 225.000, 3.000 
3, 0.900, 1.600, 225.000, 4.000 
3, 0.900, 1.600, 225.000, 1.000 
3, 0.900, 1.600, 225.000, 4.000 
3, 0.900, 1.600, 225.000, 1.000 
3, 0.900, 1.600, 225.000, 4.000 
3, 0.900, 1.600, 225.000, 1.000 
3, 0.900, 1.600, 225.000, 2.000 
3, 0.900, 1.600, 225.000, 5.000 
3, 0.900, 1.600, 225.000, 1.000 
3, 0.900, 1.600, 225.000, 3.000 
3, 0.900, 1.600, 225.000, 1.000 
3, 0.900, 1.600, 225.000, 4.000 
3, 0.900, 1.600, 225.000, 3.000 
3, 0.900, 1.600, 225.000, 3.000 
3, 0.900, 1.600, 225.000, 3.000 
3, 0.900, 1.600, 225.000, 2.000 
3, 0.900, 1.600, 225.000, 4.000 
3, 0.900, 1.600, 350.000, 5.000 
3, 0.900, 1.600, 350.000, 29.000 
3, 0.900, 1.600, 350.000, 5.000 
3, 0.900, 1.600, 350.000, 4.000 
3, 0.900, 1.600, 350.000, 4.000 
3, 0.900, 1.600, 350.000, 2.000 
3, 0.900, 1.600, 350.000, 5.000 
3, 0.900, 1.600, 350.000, 9.000 
3, 0.900, 1.600, 350.000, 5.000 
3, 0.900, 1.600, 350.000, 2.000 
3, 0.900, 1.600, 350.000, 24.000 
3, 0.900, 1.600, 350.000, 9.000 
3, 0.900, 1.600, 350.000, 4.000 
3, 0.900, 1.600, 350.000, 10.000 
3, 0.900, 1.600, 350.000, 2.000 
3, 0.900, 1.600, 350.000, 1.000 
3, 0.900, 1.600, 350.000, 2.000 
3, 0.900, 1.600, 350.000, 16.000 
3, 0.900, 1.600, 350.000, 3.000 
3, 0.900, 1.600, 350.000, 4.000 
3, 1.100, 1.600, 100.000, 142.000 
3, 1.100, 1.600, 100.000, 2.000 
3, 1.100, 1.600, 100.000, 11.000 
3, 1.100, 1.600, 100.000, 4.000 
3, 1.100, 1.600, 100.000, 5.000 
3, 1.100, 1.600, 100.000, 13.000 
3, 1.100, 1.600, 100.000, 36.000 
3, 1.100, 1.600, 100.000, 1.000 
3, 1.100, 1.600, 100.000, 1.000 
3, 1.100, 1.600, 100.000, 5.000 
3, 1.100, 1.600, 100.000, 2.000 
3, 1.100, 1.600, 100.000, 2.000 
3, 1.100, 1.600, 100.000, 6.000 
3, 1.100, 1.600, 100.000, 4.000 
3, 1.100, 1.600, 100.000, 109.000 
3, 1.100, 1.600, 100.000, 5.000 
3, 1.100, 1.600, 100.000, 3.000 
3, 1.100, 1.600, 100.000, 131.000 
3, 1.100, 1.600, 100.000, 1.000 
3, 1.100, 1.600, 100.000, 2.000 
3, 1.100, 1.600, 225.000, 11.000 
3, 1.100, 1.600, 225.000, 10.000 
3, 1.100, 1.600, 225.000, 1.000 
3, 1.100, 1.600, 225.000, 37.000 
3, 1.100, 1.600, 225.000, 7.000 
3, 1.100, 1.600, 225.000, 4.000 
3, 1.100, 1.600, 225.000, 2.000 
3, 1.100, 1.600, 225.000, 8.000 
3, 1.100, 1.600, 225.000, 11.000 
3, 1.100, 1.600, 225.000, 37.000 
3, 1.100, 1.600, 225.000, 6.000 
3, 1.100, 1.600, 225.000, 10.000 
3, 1.100, 1.600, 225.000, 22.000 
3, 1.100, 1.600, 225.000, 1.000 
3, 1.100, 1.600, 225.000, 5.000 
3, 1.100, 1.600, 225.000, 2.000 
3, 1.100, 1.600, 225.000, 101.000 
3, 1.100, 1.600, 225.000, 1.000 
3, 1.100, 1.600, 350.000, 5.000 
3, 1.100, 1.600, 350.000, 68.000 
3, 1.100, 1.600, 350.000, 29.000 
3, 1.100, 1.600, 350.000, 30.000 
3, 1.100, 1.600, 350.000, 48.000 
3, 1.100, 1.600, 350.000, 9.000 
3, 1.100, 1.600, 350.000, 11.000 
3, 1.100, 1.600, 350.000, 1.000 
3, 1.100, 1.600, 350.000, 3.000 
3, 1.100, 1.600, 350.000, 13.000 
3, 1.100, 1.600, 350.000, 112.000 
3, 1.100, 1.600, 350.000, 16.000 
3, 1.100, 1.600, 350.000, 55.000 
3, 1.100, 1.600, 350.000, 6.000 
3, 1.100, 1.600, 350.000, 53.000 
3, 1.100, 1.600, 350.000, 5.000 
3, 1.100, 1.600, 350.000, 1.000 
3, 1.100, 1.600, 350.000, 211.000 
3, 1.100, 1.600, 350.000, 155.000 
3, 1.100, 1.600, 350.000, 17.000 
3, 0.900, 1.650, 100.000, 1.000 
3, 0.900, 1.650, 100.000, 2.000 
3, 0.900, 1.650, 100.000, 1.000 
3, 0.900, 1.650, 100.000, 5.000 
3, 0.900, 1.650, 100.000, 1.000 
3, 0.900, 1.650, 100.000, 1.000 
3, 0.900, 1.650, 100.000, 2.000 
3, 0.900, 1.650, 100.000, 1.000 
3, 0.900, 1.650, 100.000, 1.000 
3, 0.900, 1.650, 100.000, 2.000 
3, 0.900, 1.650, 100.000, 3.000 
3, 0.900, 1.650, 100.000, 2.000 
3, 0.900, 1.650, 100.000, 1.000 
3, 0.900, 1.650, 100.000, 2.000 
3, 0.900, 1.650, 100.000, 2.000 
3, 0.900, 1.650, 100.000, 1.000 
3, 0.900, 1.650, 100.000, 1.000 
3, 0.900, 1.650, 100.000, 2.000 
3, 0.900, 1.650, 100.000, 2.000 
3, 0.900, 1.650, 100.000, 1.000 
3, 0.900, 1.650, 225.000, 1.000 
3, 0.900, 1.650, 225.000, 3.000 
3, 0.900, 1.650, 225.000, 1.000 
3, 0.900, 1.650, 225.000, 1.000 
3, 0.900, 1.650, 225.000, 1.000 
3, 0.900, 1.650, 225.000, 1.000 
3, 0.900, 1.650, 225.000, 2.000 
3, 0.900, 1.650, 225.000, 4.000 
3, 0.900, 1.650, 225.000, 2.000 
3, 0.900, 1.650, 225.000, 2.000 
3, 0.900, 1.650, 225.000, 2.000 
3, 0.900, 1.650, 225.000, 2.000 
3, 0.900, 1.650, 225.000, 1.000 
3, 0.900, 1.650, 225.000, 4.000 
3, 0.900, 1.650, 225.000, 2.000 
3, 0.900, 1.650, 225.000, 3.000 
3, 0.900, 1.650, 225.000, 10.000 
3, 0.900, 1.650, 225.000, 4.000 
3, 0.900, 1.650, 225.000, 2.000 
3, 0.900, 1.650, 225.000, 2.000 
3, 0.900, 1.650, 350.000, 2.000 
3, 0.900, 1.650, 350.000, 2.000 
3, 0.900, 1.650, 350.000, 6.000 
3, 0.900, 1.650, 350.000, 1.000 
3, 0.900, 1.650, 350.000, 3.000 
3, 0.900, 1.650, 350.000, 2.000 
3, 0.900, 1.650, 350.000, 4.000 
3, 0.900, 1.650, 350.000, 7.000 
3, 0.900, 1.650, 350.000, 2.000 
3, 0.900, 1.650, 350.000, 3.000 
3, 0.900, 1.650, 350.000, 2.000 
3, 0.900, 1.650, 350.000, 2.000 
3, 0.900, 1.650, 350.000, 3.000 
3, 0.900, 1.650, 350.000, 2.000 
3, 0.900, 1.650, 350.000, 1.000 
3, 0.900, 1.650, 350.000, 4.000 
3, 0.900, 1.650, 350.000, 2.000 
3, 0.900, 1.650, 350.000, 1.000 
3, 0.900, 1.650, 350.000, 2.000 
3, 0.900, 1.650, 350.000, 6.000 
3, 1.100, 1.650, 100.000, 2.000 
3, 1.100, 1.650, 100.000, 2.000 
3, 1.100, 1.650, 100.000, 2.000 
3, 1.100, 1.650, 100.000, 8.000 
3, 1.100, 1.650, 100.000, 5.000 
3, 1.100, 1.650, 100.000, 3.000 
3, 1.100, 1.650, 100.000, 3.000 
3, 1.100, 1.650, 100.000, 2.000 
3, 1.100, 1.650, 100.000, 1.000 
3, 1.100, 1.650, 100.000, 1.000 
3, 1.100, 1.650, 100.000, 1.000 
3, 1.100, 1.650, 100.000, 2.000 
3, 1.100, 1.650, 100.000, 9.000 
3, 1.100, 1.650, 100.000, 4.000 
3, 1.100, 1.650, 100.000, 3.000 
3, 1.100, 1.650, 100.000, 2.000 
3, 1.100, 1.650, 100.000, 2.000 
3, 1.100, 1.650, 100.000, 8.000 
3, 1.100, 1.650, 100.000, 1.000 
3, 1.100, 1.650, 100.000, 4.000 
3, 1.100, 1.650, 225.000, 3.000 
3, 1.100, 1.650, 225.000, 6.000 
3, 1.100, 1.650, 225.000, 3.000 
3, 1.100, 1.650, 225.000, 2.000 
3, 1.100, 1.650, 225.000, 5.000 
3, 1.100, 1.650, 225.000, 3.000 
3, 1.100, 1.650, 225.000, 3.000 
3, 1.100, 1.650, 225.000, 7.000 
3, 1.100, 1.650, 225.000, 5.000 
3, 1.100, 1.650, 225.000, 3.000 
3, 1.100, 1.650, 225.000, 1.000 
3, 1.100, 1.650, 225.000, 3.000 
3, 1.100, 1.650, 225.000, 7.000 
3, 1.100, 1.650, 225.000, 2.000 
3, 1.100, 1.650, 225.000, 4.000 
3, 1.100, 1.650, 225.000, 3.000 
3, 1.100, 1.650, 225.000, 3.000 
3, 1.100, 1.650, 225.000, 8.000 
3, 1.100, 1.650, 225.000, 3.000 
3, 1.100, 1.650, 225.000, 2.000 
3, 1.100, 1.650, 350.000, 1.000 
3, 1.100, 1.650, 350.000, 3.000 
3, 1.100, 1.650, 350.000, 9.000 
3, 1.100, 1.650, 350.000, 2.000 
3, 1.100, 1.650, 350.000, 2.000 
3, 1.100, 1.650, 350.000, 4.000 
3, 1.100, 1.650, 350.000, 14.000 
3, 1.100, 1.650, 350.000, 3.000 
3, 1.100, 1.650, 350.000, 2.000 
3, 1.100, 1.650, 350.000, 3.000 
3, 1.100, 1.650, 350.000, 6.000 
3, 1.100, 1.650, 350.000, 5.000 
3, 1.100, 1.650, 350.000, 3.000 
3, 1.100, 1.650, 350.000, 4.000 
3, 1.100, 1.650, 350.000, 3.000 
3, 1.100, 1.650, 350.000, 9.000 
3, 1.100, 1.650, 350.000, 2.000 
3, 1.100, 1.650, 350.000, 3.000 
3, 1.100, 1.650, 350.000, 4.000 
3, 1.100, 1.650, 350.000, 3.000 
3, 0.900, 1.700, 100.000, 1.000 
3, 0.900, 1.700, 100.000, 1.000 
3, 0.900, 1.700, 100.000, 1.000 
3, 0.900, 1.700, 100.000, 3.000 
3, 0.900, 1.700, 100.000, 1.000 
3, 0.900, 1.700, 100.000, 1.000 
3, 0.900, 1.700, 100.000, 1.000 
3, 0.900, 1.700, 100.000, 1.000 
3, 0.900, 1.700, 100.000, 1.000 
3, 0.900, 1.700, 100.000, 1.000 
3, 0.900, 1.700, 100.000, 1.000 
3, 0.900, 1.700, 100.000, 1.000 
3, 0.900, 1.700, 100.000, 2.000 
3, 0.900, 1.700, 100.000, 1.000 
3, 0.900, 1.700, 100.000, 1.000 
3, 0.900, 1.700, 100.000, 1.000 
3, 0.900, 1.700, 100.000, 1.000 
3, 0.900, 1.700, 100.000, 3.000 
3, 0.900, 1.700, 100.000, 1.000 
3, 0.900, 1.700, 100.000, 2.000 
3, 0.900, 1.700, 225.000, 3.000 
3, 0.900, 1.700, 225.000, 1.000 
3, 0.900, 1.700, 225.000, 1.000 
3, 0.900, 1.700, 225.000, 3.000 
3, 0.900, 1.700, 225.000, 2.000 
3, 0.900, 1.700, 225.000, 1.000 
3, 0.900, 1.700, 225.000, 2.000 
3, 0.900, 1.700, 225.000, 1.000 
3, 0.900, 1.700, 225.000, 4.000 
3, 0.900, 1.700, 225.000, 3.000 
3, 0.900, 1.700, 225.000, 1.000 
3, 0.900, 1.700, 225.000, 1.000 
3, 0.900, 1.700, 225.000, 4.000 
3, 0.900, 1.700, 225.000, 3.000 
3, 0.900, 1.700, 225.000, 2.000 
3, 0.900, 1.700, 225.000, 2.000 
3, 0.900, 1.700, 225.000, 2.000 
3, 0.900, 1.700, 225.000, 2.000 
3, 0.900, 1.700, 225.000, 2.000 
3, 0.900, 1.700, 225.000, 1.000 
3, 0.900, 1.700, 350.000, 4.000 
3, 0.900, 1.700, 350.000, 2.000 
3, 0.900, 1.700, 350.000, 2.000 
3, 0.900, 1.700, 350.000, 3.000 
3, 0.900, 1.700, 350.000, 6.000 
3, 0.900, 1.700, 350.000, 1.000 
3, 0.900, 1.700, 350.000, 2.000 
3, 0.900, 1.700, 350.000, 3.000 
3, 0.900, 1.700, 350.000, 1.000 
3, 0.900, 1.700, 350.000, 2.000 
3, 0.900, 1.700, 350.000, 1.000 
3, 0.900, 1.700, 350.000, 1.000 
3, 0.900, 1.700, 350.000, 2.000 
3, 0.900, 1.700, 350.000, 1.000 
3, 0.900, 1.700, 350.000, 2.000 
3, 0.900, 1.700, 350.000, 1.000 
3, 0.900, 1.700, 350.000, 2.000 
3, 0.900, 1.700, 350.000, 2.000 
3, 0.900, 1.700, 350.000, 3.000 
3, 0.900, 1.700, 350.000, 2.000 
3, 1.100, 1.700, 100.000, 1.000 
3, 1.100, 1.700, 100.000, 1.000 
3, 1.100, 1.700, 100.000, 2.000 
3, 1.100, 1.700, 100.000, 3.000 
3, 1.100, 1.700, 100.000, 10.000 
3, 1.100, 1.700, 100.000, 1.000 
3, 1.100, 1.700, 100.000, 2.000 
3, 1.100, 1.700, 100.000, 1.000 
3, 1.100, 1.700, 100.000, 7.000 
3, 1.100, 1.700, 100.000, 3.000 
3, 1.100, 1.700, 100.000, 2.000 
3, 1.100, 1.700, 100.000, 1.000 
3, 1.100, 1.700, 100.000, 2.000 
3, 1.100, 1.700, 100.000, 1.000 
3, 1.100, 1.700, 100.000, 1.000 
3, 1.100, 1.700, 100.000, 1.000 
3, 1.100, 1.700, 100.000, 1.000 
3, 1.100, 1.700, 100.000, 2.000 
3, 1.100, 1.700, 100.000, 1.000 
3, 1.100, 1.700, 100.000, 2.000 
3, 1.100, 1.700, 225.000, 6.000 
3, 1.100, 1.700, 225.000, 1.000 
3, 1.100, 1.700, 225.000, 1.000 
3, 1.100, 1.700, 225.000, 4.000 
3, 1.100, 1.700, 225.000, 3.000 
3, 1.100, 1.700, 225.000, 2.000 
3, 1.100, 1.700, 225.000, 6.000 
3, 1.100, 1.700, 225.000, 1.000 
3, 1.100, 1.700, 225.000, 2.000 
3, 1.100, 1.700, 225.000, 2.000 
3, 1.100, 1.700, 225.000, 2.000 
3, 1.100, 1.700, 225.000, 3.000 
3, 1.100, 1.700, 225.000, 3.000 
3, 1.100, 1.700, 225.000, 2.000 
3, 1.100, 1.700, 225.000, 3.000 
3, 1.100, 1.700, 225.000, 2.000 
3, 1.100, 1.700, 225.000, 4.000 
3, 1.100, 1.700, 225.000, 2.000 
3, 1.100, 1.700, 225.000, 3.000 
3, 1.100, 1.700, 225.000, 2.000 
3, 1.100, 1.700, 350.000, 11.000 
3, 1.100, 1.700, 350.000, 4.000 
3, 1.100, 1.700, 350.000, 4.000 
3, 1.100, 1.700, 350.000, 4.000 
3, 1.100, 1.700, 350.000, 4.000 
3, 1.100, 1.700, 350.000, 3.000 
3, 1.100, 1.700, 350.000, 7.000 
3, 1.100, 1.700, 350.000, 2.000 
3, 1.100, 1.700, 350.000, 8.000 
3, 1.100, 1.700, 350.000, 3.000 
3, 1.100, 1.700, 350.000, 4.000 
3, 1.100, 1.700, 350.000, 3.000 
3, 1.100, 1.700, 350.000, 2.000 
3, 1.100, 1.700, 350.000, 6.000 
3, 1.100, 1.700, 350.000, 3.000 
3, 1.100, 1.700, 350.000, 2.000 
3, 1.100, 1.700, 350.000, 6.000 
3, 1.100, 1.700, 350.000, 2.000 
3, 1.100, 1.700, 350.000, 2.000 
3, 1.100, 1.700, 350.000, 2.000 
4, 0.900, 1.600, 100.000, 2.000 
4, 0.900, 1.600, 100.000, 5.000 
4, 0.900, 1.600, 100.000, 3.000 
4, 0.900, 1.600, 100.000, 2.000 
4, 0.900, 1.600, 100.000, 5.000 
4, 0.900, 1.600, 100.000, 3.000 
4, 0.900, 1.600, 100.000, 4.000 
4, 0.900, 1.600, 100.000, 5.000 
4, 0.900, 1.600, 100.000, 1.000 
4, 0.900, 1.600, 100.000, 2.000 
4, 0.900, 1.600, 100.000, 1.000 
4, 0.900, 1.600, 100.000, 3.000 
4, 0.900, 1.600, 100.000, 1.000 
4, 0.900, 1.600, 100.000, 3.000 
4, 0.900, 1.600, 100.000, 3.000 
4, 0.900, 1.600, 100.000, 1.000 
4, 0.900, 1.600, 100.000, 2.000 
4, 0.900, 1.600, 100.000, 6.000 
4, 0.900, 1.600, 100.000, 1.000 
4, 0.900, 1.600, 100.000, 1.000 
4, 0.900, 1.600, 225.000, 5.000 
4, 0.900, 1.600, 225.000, 1.000 
4, 0.900, 1.600, 225.000, 2.000 
4, 0.900, 1.600, 225.000, 2.000 
4, 0.900, 1.600, 225.000, 1.000 
4, 0.900, 1.600, 225.000, 31.000 
4, 0.900, 1.600, 225.000, 4.000 
4, 0.900, 1.600, 225.000, 2.000 
4, 0.900, 1.600, 225.000, 12.000 
4, 0.900, 1.600, 225.000, 3.000 
4, 0.900, 1.600, 225.000, 4.000 
4, 0.900, 1.600, 225.000, 3.000 
4, 0.900, 1.600, 225.000, 3.000 
4, 0.900, 1.600, 225.000, 1.000 
4, 0.900, 1.600, 225.000, 3.000 
4, 0.900, 1.600, 225.000, 4.000 
4, 0.900, 1.600, 225.000, 8.000 
4, 0.900, 1.600, 225.000, 3.000 
4, 0.900, 1.600, 225.000, 1.000 
4, 0.900, 1.600, 225.000, 2.000 
4, 0.900, 1.600, 350.000, 9.000 
4, 0.900, 1.600, 350.000, 10.000 
4, 0.900, 1.600, 350.000, 3.000 
4, 0.900, 1.600, 350.000, 12.000 
4, 0.900, 1.600, 350.000, 3.000 
4, 0.900, 1.600, 350.000, 6.000 
4, 0.900, 1.600, 350.000, 2.000 
4, 0.900, 1.600, 350.000, 6.000 
4, 0.900, 1.600, 350.000, 2.000 
4, 0.900, 1.600, 350.000, 2.000 
4, 0.900, 1.600, 350.000, 9.000 
4, 0.900, 1.600, 350.000, 24.000 
4, 0.900, 1.600, 350.000, 11.000 
4, 0.900, 1.600, 350.000, 6.000 
4, 0.900, 1.600, 350.000, 3.000 
4, 0.900, 1.600, 350.000, 3.000 
4, 0.900, 1.600, 350.000, 9.000 
4, 0.900, 1.600, 350.000, 112.000 
4, 0.900, 1.600, 350.000, 5.000 
4, 0.900, 1.600, 350.000, 10.000 
4, 1.100, 1.600, 100.000, 78.000 
4, 1.100, 1.600, 100.000, 7.000 
4, 1.100, 1.600, 100.000, 19.000 
4, 1.100, 1.600, 100.000, 1.000 
4, 1.100, 1.600, 100.000, 4.000 
4, 1.100, 1.600, 100.000, 6.000 
4, 1.100, 1.600, 100.000, 65.000 
4, 1.100, 1.600, 100.000, 2.000 
4, 1.100, 1.600, 100.000, 1.000 
4, 1.100, 1.600, 100.000, 1.000 
4, 1.100, 1.600, 100.000, 5.000 
4, 1.100, 1.600, 100.000, 1.000 
4, 1.100, 1.600, 100.000, 6.000 
4, 1.100, 1.600, 100.000, 13.000 
4, 1.100, 1.600, 100.000, 16.000 
4, 1.100, 1.600, 100.000, 1.000 
4, 1.100, 1.600, 100.000, 1.000 
4, 1.100, 1.600, 100.000, 3.000 
4, 1.100, 1.600, 100.000, 2.000 
4, 1.100, 1.600, 100.000, 2.000 
4, 1.100, 1.600, 225.000, 18.000 
4, 1.100, 1.600, 225.000, 27.000 
4, 1.100, 1.600, 225.000, 15.000 
4, 1.100, 1.600, 225.000, 4.000 
4, 1.100, 1.600, 225.000, 23.000 
4, 1.100, 1.600, 225.000, 37.000 
4, 1.100, 1.600, 225.000, 3.000 
4, 1.100, 1.600, 225.000, 2.000 
4, 1.100, 1.600, 225.000, 5.000 
4, 1.100, 1.600, 225.000, 42.000 
4, 1.100, 1.600, 225.000, 45.000 
4, 1.100, 1.600, 225.000, 5.000 
4, 1.100, 1.600, 225.000, 10.000 
4, 1.100, 1.600, 225.000, 2.000 
4, 1.100, 1.600, 225.000, 1.000 
4, 1.100, 1.600, 225.000, 10.000 
4, 1.100, 1.600, 225.000, 1.000 
4, 1.100, 1.600, 225.000, 85.000 
4, 1.100, 1.600, 225.000, 2.000 
4, 1.100, 1.600, 350.000, 25.000 
4, 1.100, 1.600, 350.000, 27.000 
4, 1.100, 1.600, 350.000, 75.000 
4, 1.100, 1.600, 350.000, 105.000 
4, 1.100, 1.600, 350.000, 15.000 
4, 1.100, 1.600, 350.000, 12.000 
4, 1.100, 1.600, 350.000, 4.000 
4, 1.100, 1.600, 350.000, 14.000 
4, 1.100, 1.600, 350.000, 10.000 
4, 1.100, 1.600, 350.000, 6.000 
4, 1.100, 1.600, 350.000, 50.000 
4, 1.100, 1.600, 350.000, 34.000 
4, 1.100, 1.600, 350.000, 53.000 
4, 1.100, 1.600, 350.000, 14.000 
4, 1.100, 1.600, 350.000, 313.000 
4, 1.100, 1.600, 350.000, 2.000 
4, 1.100, 1.600, 350.000, 4.000 
4, 1.100, 1.600, 350.000, 129.000 
4, 1.100, 1.600, 350.000, 6.000 
4, 1.100, 1.600, 350.000, 7.000 
4, 0.900, 1.650, 100.000, 1.000 
4, 0.900, 1.650, 100.000, 1.000 
4, 0.900, 1.650, 100.000, 1.000 
4, 0.900, 1.650, 100.000, 1.000 
4, 0.900, 1.650, 100.000, 2.000 
4, 0.900, 1.650, 100.000, 3.000 
4, 0.900, 1.650, 100.000, 1.000 
4, 0.900, 1.650, 100.000, 3.000 
4, 0.900, 1.650, 100.000, 2.000 
4, 0.900, 1.650, 100.000, 1.000 
4, 0.900, 1.650, 100.000, 1.000 
4, 0.900, 1.650, 100.000, 1.000 
4, 0.900, 1.650, 100.000, 3.000 
4, 0.900, 1.650, 100.000, 2.000 
4, 0.900, 1.650, 100.000, 2.000 
4, 0.900, 1.650, 100.000, 1.000 
4, 0.900, 1.650, 100.000, 1.000 
4, 0.900, 1.650, 100.000, 2.000 
4, 0.900, 1.650, 100.000, 1.000 
4, 0.900, 1.650, 100.000, 2.000 
4, 0.900, 1.650, 225.000, 2.000 
4, 0.900, 1.650, 225.000, 3.000 
4, 0.900, 1.650, 225.000, 2.000 
4, 0.900, 1.650, 225.000, 1.000 
4, 0.900, 1.650, 225.000, 2.000 
4, 0.900, 1.650, 225.000, 2.000 
4, 0.900, 1.650, 225.000, 2.000 
4, 0.900, 1.650, 225.000, 2.000 
4, 0.900, 1.650, 225.000, 2.000 
4, 0.900, 1.650, 225.000, 5.000 
4, 0.900, 1.650, 225.000, 3.000 
4, 0.900, 1.650, 225.000, 2.000 
4, 0.900, 1.650, 225.000, 2.000 
4, 0.900, 1.650, 225.000, 4.000 
4, 0.900, 1.650, 225.000, 1.000 
4, 0.900, 1.650, 225.000, 1.000 
4, 0.900, 1.650, 225.000, 1.000 
4, 0.900, 1.650, 225.000, 2.000 
4, 0.900, 1.650, 225.000, 3.000 
4, 0.900, 1.650, 225.000, 4.000 
4, 0.900, 1.650, 350.000, 2.000 
4, 0.900, 1.650, 350.000, 3.000 
4, 0.900, 1.650, 350.000, 4.000 
4, 0.900, 1.650, 350.000, 4.000 
4, 0.900, 1.650, 350.000, 4.000 
4, 0.900, 1.650, 350.000, 2.000 
4, 0.900, 1.650, 350.000, 3.000 
4, 0.900, 1.650, 350.000, 2.000 
4, 0.900, 1.650, 350.000, 8.000 
4, 0.900, 1.650, 350.000, 2.000 
4, 0.900, 1.650, 350.000, 3.000 
4, 0.900, 1.650, 350.000, 2.000 
4, 0.900, 1.650, 350.000, 4.000 
4, 0.900, 1.650, 350.000, 1.000 
4, 0.900, 1.650, 350.000, 2.000 
4, 0.900, 1.650, 350.000, 9.000 
4, 0.900, 1.650, 350.000, 4.000 
4, 0.900, 1.650, 350.000, 3.000 
4, 0.900, 1.650, 350.000, 1.000 
4, 0.900, 1.650, 350.000, 3.000 
4, 1.100, 1.650, 100.000, 3.000 
4, 1.100, 1.650, 100.000, 2.000 
4, 1.100, 1.650, 100.000, 1.000 
4, 1.100, 1.650, 100.000, 22.000 
4, 1.100, 1.650, 100.000, 5.000 
4, 1.100, 1.650, 100.000, 4.000 
4, 1.100, 1.650, 100.000, 1.000 
4, 1.100, 1.650, 100.000, 4.000 
4, 1.100, 1.650, 100.000, 1.000 
4, 1.100, 1.650, 100.000, 2.000 
4, 1.100, 1.650, 100.000, 1.000 
4, 1.100, 1.650, 100.000, 2.000 
4, 1.100, 1.650, 100.000, 3.000 
4, 1.100, 1.650, 100.000, 1.000 
4, 1.100, 1.650, 100.000, 1.000 
4, 1.100, 1.650, 100.000, 1.000 
4, 1.100, 1.650, 100.000, 4.000 
4, 1.100, 1.650, 100.000, 17.000 
4, 1.100, 1.650, 100.000, 4.000 
4, 1.100, 1.650, 100.000, 5.000 
4, 1.100, 1.650, 225.000, 3.000 
4, 1.100, 1.650, 225.000, 1.000 
4, 1.100, 1.650, 225.000, 2.000 
4, 1.100, 1.650, 225.000, 2.000 
4, 1.100, 1.650, 225.000, 6.000 
4, 1.100, 1.650, 225.000, 2.000 
4, 1.100, 1.650, 225.000, 5.000 
4, 1.100, 1.650, 225.000, 7.000 
4, 1.100, 1.650, 225.000, 3.000 
4, 1.100, 1.650, 225.000, 8.000 
4, 1.100, 1.650, 225.000, 2.000 
4, 1.100, 1.650, 225.000, 4.000 
4, 1.100, 1.650, 225.000, 11.000 
4, 1.100, 1.650, 225.000, 1.000 
4, 1.100, 1.650, 225.000, 2.000 
4, 1.100, 1.650, 225.000, 4.000 
4, 1.100, 1.650, 225.000, 3.000 
4, 1.100, 1.650, 225.000, 2.000 
4, 1.100, 1.650, 225.000, 1.000 
4, 1.100, 1.650, 225.000, 1.000 
4, 1.100, 1.650, 350.000, 10.000 
4, 1.100, 1.650, 350.000, 29.000 
4, 1.100, 1.650, 350.000, 3.000 
4, 1.100, 1.650, 350.000, 4.000 
4, 1.100, 1.650, 350.000, 15.000 
4, 1.100, 1.650, 350.000, 2.000 
4, 1.100, 1.650, 350.000, 19.000 
4, 1.100, 1.650, 350.000, 4.000 
4, 1.100, 1.650, 350.000, 3.000 
4, 1.100, 1.650, 350.000, 2.000 
4, 1.100, 1.650, 350.000, 4.000 
4, 1.100, 1.650, 350.000, 16.000 
4, 1.100, 1.650, 350.000, 4.000 
4, 1.100, 1.650, 350.000, 9.000 
4, 1.100, 1.650, 350.000, 6.000 
4, 1.100, 1.650, 350.000, 5.000 
4, 1.100, 1.650, 350.000, 8.000 
4, 1.100, 1.650, 350.000, 4.000 
4, 1.100, 1.650, 350.000, 11.000 
4, 1.100, 1.650, 350.000, 4.000 
4, 0.900, 1.700, 100.000, 1.000 
4, 0.900, 1.700, 100.000, 2.000 
4, 0.900, 1.700, 100.000, 1.000 
4, 0.900, 1.700, 100.000, 2.000 
4, 0.900, 1.700, 100.000, 1.000 
4, 0.900, 1.700, 100.000, 2.000 
4, 0.900, 1.700, 100.000, 2.000 
4, 0.900, 1.700, 100.000, 1.000 
4, 0.900, 1.700, 100.000, 2.000 
4, 0.900, 1.700, 100.000, 2.000 
4, 0.900, 1.700, 100.000, 1.000 
4, 0.900, 1.700, 100.000, 1.000 
4, 0.900, 1.700, 100.000, 2.000 
4, 0.900, 1.700, 100.000, 2.000 
4, 0.900, 1.700, 100.000, 2.000 
4, 0.900, 1.700, 100.000, 1.000 
4, 0.900, 1.700, 100.000, 1.000 
4, 0.900, 1.700, 100.000, 2.000 
4, 0.900, 1.700, 100.000, 1.000 
4, 0.900, 1.700, 100.000, 1.000 
4, 0.900, 1.700, 225.000, 1.000 
4, 0.900, 1.700, 225.000, 1.000 
4, 0.900, 1.700, 225.000, 2.000 
4, 0.900, 1.700, 225.000, 2.000 
4, 0.900, 1.700, 225.000, 2.000 
4, 0.900, 1.700, 225.000, 2.000 
4, 0.900, 1.700, 225.000, 3.000 
4, 0.900, 1.700, 225.000, 1.000 
4, 0.900, 1.700, 225.000, 3.000 
4, 0.900, 1.700, 225.000, 1.000 
4, 0.900, 1.700, 225.000, 3.000 
4, 0.900, 1.700, 225.000, 1.000 
4, 0.900, 1.700, 225.000, 1.000 
4, 0.900, 1.700, 225.000, 2.000 
4, 0.900, 1.700, 225.000, 1.000 
4, 0.900, 1.700, 225.000, 3.000 
4, 0.900, 1.700, 225.000, 2.000 
4, 0.900, 1.700, 225.000, 1.000 
4, 0.900, 1.700, 225.000, 2.000 
4, 0.900, 1.700, 225.000, 2.000 
4, 0.900, 1.700, 350.000, 5.000 
4, 0.900, 1.700, 350.000, 2.000 
4, 0.900, 1.700, 350.000, 1.000 
4, 0.900, 1.700, 350.000, 1.000 
4, 0.900, 1.700, 350.000, 5.000 
4, 0.900, 1.700, 350.000, 1.000 
4, 0.900, 1.700, 350.000, 1.000 
4, 0.900, 1.700, 350.000, 2.000 
4, 0.900, 1.700, 350.000, 2.000 
4, 0.900, 1.700, 350.000, 2.000 
4, 0.900, 1.700, 350.000, 4.000 
4, 0.900, 1.700, 350.000, 2.000 
4, 0.900, 1.700, 350.000, 2.000 
4, 0.900, 1.700, 350.000, 2.000 
4, 0.900, 1.700, 350.000, 2.000 
4, 0.900, 1.700, 350.000, 1.000 
4, 0.900, 1.700, 350.000, 2.000 
4, 0.900, 1.700, 350.000, 3.000 
4, 0.900, 1.700, 350.000, 1.000 
4, 0.900, 1.700, 350.000, 2.000 
4, 1.100, 1.700, 100.000, 1.000 
4, 1.100, 1.700, 100.000, 3.000 
4, 1.100, 1.700, 100.000, 4.000 
4, 1.100, 1.700, 100.000, 1.000 
4, 1.100, 1.700, 100.000, 5.000 
4, 1.100, 1.700, 100.000, 2.000 
4, 1.100, 1.700, 100.000, 2.000 
4, 1.100, 1.700, 100.000, 2.000 
4, 1.100, 1.700, 100.000, 2.000 
4, 1.100, 1.700, 100.000, 1.000 
4, 1.100, 1.700, 100.000, 1.000 
4, 1.100, 1.700, 100.000, 1.000 
4, 1.100, 1.700, 100.000, 1.000 
4, 1.100, 1.700, 100.000, 1.000 
4, 1.100, 1.700, 100.000, 1.000 
4, 1.100, 1.700, 100.000, 1.000 
4, 1.100, 1.700, 100.000, 3.000 
4, 1.100, 1.700, 100.000, 1.000 
4, 1.100, 1.700, 100.000, 1.000 
4, 1.100, 1.700, 100.000, 1.000 
4, 1.100, 1.700, 225.000, 3.000 
4, 1.100, 1.700, 225.000, 1.000 
4, 1.100, 1.700, 225.000, 2.000 
4, 1.100, 1.700, 225.000, 2.000 
4, 1.100, 1.700, 225.000, 7.000 
4, 1.100, 1.700, 225.000, 3.000 
4, 1.100, 1.700, 225.000, 1.000 
4, 1.100, 1.700, 225.000, 16.000 
4, 1.100, 1.700, 225.000, 3.000 
4, 1.100, 1.700, 225.000, 1.000 
4, 1.100, 1.700, 225.000, 3.000 
4, 1.100, 1.700, 225.000, 2.000 
4, 1.100, 1.700, 225.000, 2.000 
4, 1.100, 1.700, 225.000, 2.000 
4, 1.100, 1.700, 225.000, 4.000 
4, 1.100, 1.700, 225.000, 1.000 
4, 1.100, 1.700, 225.000, 4.000 
4, 1.100, 1.700, 225.000, 1.000 
4, 1.100, 1.700, 225.000, 2.000 
4, 1.100, 1.700, 225.000, 2.000 
4, 1.100, 1.700, 350.000, 12.000 
4, 1.100, 1.700, 350.000, 4.000 
4, 1.100, 1.700, 350.000, 4.000 
4, 1.100, 1.700, 350.000, 7.000 
4, 1.100, 1.700, 350.000, 4.000 
4, 1.100, 1.700, 350.000, 4.000 
4, 1.100, 1.700, 350.000, 2.000 
4, 1.100, 1.700, 350.000, 3.000 
4, 1.100, 1.700, 350.000, 6.000 
4, 1.100, 1.700, 350.000, 3.000 
4, 1.100, 1.700, 350.000, 7.000 
4, 1.100, 1.700, 350.000, 2.000 
4, 1.100, 1.700, 350.000, 1.000 
4, 1.100, 1.700, 350.000, 2.000 
4, 1.100, 1.700, 350.000, 7.000 
4, 1.100, 1.700, 350.000, 2.000 
4, 1.100, 1.700, 350.000, 8.000 
4, 1.100, 1.700, 350.000, 1.000 
4, 1.100, 1.700, 350.000, 1.000 
4, 1.100, 1.700, 350.000, 3.000 
5, 0.900, 1.600, 100.000, 1.000 
5, 0.900, 1.600, 100.000, 8.000 
5, 0.900, 1.600, 100.000, 12.000 
5, 0.900, 1.600, 100.000, 7.000 
5, 0.900, 1.600, 100.000, 1.000 
5, 0.900, 1.600, 100.000, 1.000 
5, 0.900, 1.600, 100.000, 2.000 
5, 0.900, 1.600, 100.000, 1.000 
5, 0.900, 1.600, 100.000, 1.000 
5, 0.900, 1.600, 100.000, 2.000 
5, 0.900, 1.600, 100.000, 1.000 
5, 0.900, 1.600, 100.000, 1.000 
5, 0.900, 1.600, 100.000, 3.000 
5, 0.900, 1.600, 100.000, 3.000 
5, 0.900, 1.600, 100.000, 1.000 
5, 0.900, 1.600, 100.000, 4.000 
5, 0.900, 1.600, 100.000, 1.000 
5, 0.900, 1.600, 100.000, 2.000 
5, 0.900, 1.600, 100.000, 1.000 
5, 0.900, 1.600, 100.000, 1.000 
5, 0.900, 1.600, 225.000, 4.000 
5, 0.900, 1.600, 225.000, 1.000 
5, 0.900, 1.600, 225.000, 1.000 
5, 0.900, 1.600, 225.000, 3.000 
5, 0.900, 1.600, 225.000, 1.000 
5, 0.900, 1.600, 225.000, 53.000 
5, 0.900, 1.600, 225.000, 1.000 
5, 0.900, 1.600, 225.000, 1.000 
5, 0.900, 1.600, 225.000, 3.000 
5, 0.900, 1.600, 225.000, 2.000 
5, 0.900, 1.600, 225.000, 5.000 
5, 0.900, 1.600, 225.000, 1.000 
5, 0.900, 1.600, 225.000, 1.000 
5, 0.900, 1.600, 225.000, 1.000 
5, 0.900, 1.600, 225.000, 1.000 
5, 0.900, 1.600, 225.000, 1.000 
5, 0.900, 1.600, 225.000, 3.000 
5, 0.900, 1.600, 225.000, 3.000 
5, 0.900, 1.600, 225.000, 1.000 
5, 0.900, 1.600, 225.000, 3.000 
5, 0.900, 1.600, 350.000, 3.000 
5, 0.900, 1.600, 350.000, 5.000 
5, 0.900, 1.600, 350.000, 1.000 
5, 0.900, 1.600, 350.000, 1.000 
5, 0.900, 1.600, 350.000, 2.000 
5, 0.900, 1.600, 350.000, 4.000 
5, 0.900, 1.600, 350.000, 6.000 
5, 0.900, 1.600, 350.000, 3.000 
5, 0.900, 1.600, 350.000, 4.000 
5, 0.900, 1.600, 350.000, 5.000 
5, 0.900, 1.600, 350.000, 10.000 
5, 0.900, 1.600, 350.000, 18.000 
5, 0.900, 1.600, 350.000, 9.000 
5, 0.900, 1.600, 350.000, 3.000 
5, 0.900, 1.600, 350.000, 1.000 
5, 0.900, 1.600, 350.000, 1.000 
5, 0.900, 1.600, 350.000, 4.000 
5, 0.900, 1.600, 350.000, 46.000 
5, 0.900, 1.600, 350.000, 8.000 
5, 0.900, 1.600, 350.000, 5.000 
5, 1.100, 1.600, 100.000, 72.000 
5, 1.100, 1.600, 100.000, 11.000 
5, 1.100, 1.600, 100.000, 23.000 
5, 1.100, 1.600, 100.000, 3.000 
5, 1.100, 1.600, 100.000, 4.000 
5, 1.100, 1.600, 100.000, 10.000 
5, 1.100, 1.600, 100.000, 77.000 
5, 1.100, 1.600, 100.000, 1.000 
5, 1.100, 1.600, 100.000, 1.000 
5, 1.100, 1.600, 100.000, 3.000 
5, 1.100, 1.600, 100.000, 1.000 
5, 1.100, 1.600, 100.000, 1.000 
5, 1.100, 1.600, 100.000, 2.000 
5, 1.100, 1.600, 100.000, 22.000 
5, 1.100, 1.600, 100.000, 6.000 
5, 1.100, 1.600, 100.000, 2.000 
5, 1.100, 1.600, 100.000, 4.000 
5, 1.100, 1.600, 100.000, 16.000 
5, 1.100, 1.600, 100.000, 2.000 
5, 1.100, 1.600, 100.000, 9.000 
5, 1.100, 1.600, 225.000, 4.000 
5, 1.100, 1.600, 225.000, 17.000 
5, 1.100, 1.600, 225.000, 12.000 
5, 1.100, 1.600, 225.000, 1.000 
5, 1.100, 1.600, 225.000, 10.000 
5, 1.100, 1.600, 225.000, 2.000 
5, 1.100, 1.600, 225.000, 2.000 
5, 1.100, 1.600, 225.000, 1.000 
5, 1.100, 1.600, 225.000, 18.000 
5, 1.100, 1.600, 225.000, 68.000 
5, 1.100, 1.600, 225.000, 33.000 
5, 1.100, 1.600, 225.000, 1.000 
5, 1.100, 1.600, 225.000, 10.000 
5, 1.100, 1.600, 225.000, 17.000 
5, 1.100, 1.600, 225.000, 2.000 
5, 1.100, 1.600, 225.000, 22.000 
5, 1.100, 1.600, 225.000, 1.000 
5, 1.100, 1.600, 225.000, 102.000 
5, 1.100, 1.600, 225.000, 2.000 
5, 1.100, 1.600, 350.000, 6.000 
5, 1.100, 1.600, 350.000, 3.000 
5, 1.100, 1.600, 350.000, 87.000 
5, 1.100, 1.600, 350.000, 3.000 
5, 1.100, 1.600, 350.000, 12.000 
5, 1.100, 1.600, 350.000, 5.000 
5, 1.100, 1.600, 350.000, 3.000 
5, 1.100, 1.600, 350.000, 9.000 
5, 1.100, 1.600, 350.000, 10.000 
5, 1.100, 1.600, 350.000, 10.000 
5, 1.100, 1.600, 350.000, 5.000 
5, 1.100, 1.600, 350.000, 26.000 
5, 1.100, 1.600, 350.000, 117.000 
5, 1.100, 1.600, 350.000, 164.000 
5, 1.100, 1.600, 350.000, 28.000 
5, 1.100, 1.600, 350.000, 1.000 
5, 1.100, 1.600, 350.000, 3.000 
5, 1.100, 1.600, 350.000, 19.000 
5, 1.100, 1.600, 350.000, 17.000 
5, 1.100, 1.600, 350.000, 4.000 
5, 0.900, 1.650, 100.000, 1.000 
5, 0.900, 1.650, 100.000, 1.000 
5, 0.900, 1.650, 100.000, 1.000 
5, 0.900, 1.650, 100.000, 1.000 
5, 0.900, 1.650, 100.000, 1.000 
5, 0.900, 1.650, 100.000, 1.000 
5, 0.900, 1.650, 100.000, 1.000 
5, 0.900, 1.650, 100.000, 1.000 
5, 0.900, 1.650, 100.000, 1.000 
5, 0.900, 1.650, 100.000, 1.000 
5, 0.900, 1.650, 100.000, 1.000 
5, 0.900, 1.650, 100.000, 2.000 
5, 0.900, 1.650, 100.000, 2.000 
5, 0.900, 1.650, 100.000, 2.000 
5, 0.900, 1.650, 100.000, 1.000 
5, 0.900, 1.650, 100.000, 1.000 
5, 0.900, 1.650, 100.000, 1.000 
5, 0.900, 1.650, 100.000, 1.000 
5, 0.900, 1.650, 100.000, 1.000 
5, 0.900, 1.650, 100.000, 1.000 
5, 0.900, 1.650, 225.000, 2.000 
5, 0.900, 1.650, 225.000, 1.000 
5, 0.900, 1.650, 225.000, 1.000 
5, 0.900, 1.650, 225.000, 2.000 
5, 0.900, 1.650, 225.000, 1.000 
5, 0.900, 1.650, 225.000, 1.000 
5, 0.900, 1.650, 225.000, 1.000 
5, 0.900, 1.650, 225.000, 2.000 
5, 0.900, 1.650, 225.000, 2.000 
5, 0.900, 1.650, 225.000, 6.000 
5, 0.900, 1.650, 225.000, 1.000 
5, 0.900, 1.650, 225.000, 1.000 
5, 0.900, 1.650, 225.000, 2.000 
5, 0.900, 1.650, 225.000, 2.000 
5, 0.900, 1.650, 225.000, 1.000 
5, 0.900, 1.650, 225.000, 2.000 
5, 0.900, 1.650, 225.000, 1.000 
5, 0.900, 1.650, 225.000, 1.000 
5, 0.900, 1.650, 225.000, 2.000 
5, 0.900, 1.650, 225.000, 1.000 
5, 0.900, 1.650, 350.000, 3.000 
5, 0.900, 1.650, 350.000, 2.000 
5, 0.900, 1.650, 350.000, 2.000 
5, 0.900, 1.650, 350.000, 3.000 
5, 0.900, 1.650, 350.000, 4.000 
5, 0.900, 1.650, 350.000, 1.000 
5, 0.900, 1.650, 350.000, 2.000 
5, 0.900, 1.650, 350.000, 2.000 
5, 0.900, 1.650, 350.000, 2.000 
5, 0.900, 1.650, 350.000, 2.000 
5, 0.900, 1.650, 350.000, 1.000 
5, 0.900, 1.650, 350.000, 1.000 
5, 0.900, 1.650, 350.000, 2.000 
5, 0.900, 1.650, 350.000, 2.000 
5, 0.900, 1.650, 350.000, 3.000 
5, 0.900, 1.650, 350.000, 3.000 
5, 0.900, 1.650, 350.000, 3.000 
5, 0.900, 1.650, 350.000, 2.000 
5, 0.900, 1.650, 350.000, 1.000 
5, 0.900, 1.650, 350.000, 2.000 
5, 1.100, 1.650, 100.000, 1.000 
5, 1.100, 1.650, 100.000, 1.000 
5, 1.100, 1.650, 100.000, 1.000 
5, 1.100, 1.650, 100.000, 6.000 
5, 1.100, 1.650, 100.000, 2.000 
5, 1.100, 1.650, 100.000, 1.000 
5, 1.100, 1.650, 100.000, 1.000 
5, 1.100, 1.650, 100.000, 1.000 
5, 1.100, 1.650, 100.000, 1.000 
5, 1.100, 1.650, 100.000, 3.000 
5, 1.100, 1.650, 100.000, 1.000 
5, 1.100, 1.650, 100.000, 1.000 
5, 1.100, 1.650, 100.000, 4.000 
5, 1.100, 1.650, 100.000, 1.000 
5, 1.100, 1.650, 100.000, 4.000 
5, 1.100, 1.650, 100.000, 1.000 
5, 1.100, 1.650, 100.000, 2.000 
5, 1.100, 1.650, 100.000, 1.000 
5, 1.100, 1.650, 100.000, 1.000 
5, 1.100, 1.650, 100.000, 2.000 
5, 1.100, 1.650, 225.000, 1.000 
5, 1.100, 1.650, 225.000, 2.000 
5, 1.100, 1.650, 225.000, 1.000 
5, 1.100, 1.650, 225.000, 2.000 
5, 1.100, 1.650, 225.000, 1.000 
5, 1.100, 1.650, 225.000, 6.000 
5, 1.100, 1.650, 225.000, 2.000 
5, 1.100, 1.650, 225.000, 2.000 
5, 1.100, 1.650, 225.000, 3.000 
5, 1.100, 1.650, 225.000, 1.000 
5, 1.100, 1.650, 225.000, 1.000 
5, 1.100, 1.650, 225.000, 1.000 
5, 1.100, 1.650, 225.000, 2.000 
5, 1.100, 1.650, 225.000, 4.000 
5, 1.100, 1.650, 225.000, 1.000 
5, 1.100, 1.650, 225.000, 1.000 
5, 1.100, 1.650, 225.000, 2.000 
5, 1.100, 1.650, 225.000, 3.000 
5, 1.100, 1.650, 225.000, 14.000 
5, 1.100, 1.650, 225.000, 2.000 
5, 1.100, 1.650, 350.000, 7.000 
5, 1.100, 1.650, 350.000, 3.000 
5, 1.100, 1.650, 350.000, 5.000 
5, 1.100, 1.650, 350.000, 2.000 
5, 1.100, 1.650, 350.000, 5.000 
5, 1.100, 1.650, 350.000, 2.000 
5, 1.100, 1.650, 350.000, 12.000 
5, 1.100, 1.650, 350.000, 2.000 
5, 1.100, 1.650, 350.000, 2.000 
5, 1.100, 1.650, 350.000, 3.000 
5, 1.100, 1.650, 350.000, 2.000 
5, 1.100, 1.650, 350.000, 11.000 
5, 1.100, 1.650, 350.000, 2.000 
5, 1.100, 1.650, 350.000, 7.000 
5, 1.100, 1.650, 350.000, 4.000 
5, 1.100, 1.650, 350.000, 3.000 
5, 1.100, 1.650, 350.000, 1.000 
5, 1.100, 1.650, 350.000, 1.000 
5, 1.100, 1.650, 350.000, 6.000 
5, 1.100, 1.650, 350.000, 9.000 
5, 0.900, 1.700, 100.000, 1.000 
5, 0.900, 1.700, 100.000, 2.000 
5, 0.900, 1.700, 100.000, 1.000 
5, 0.900, 1.700, 100.000, 1.000 
5, 0.900, 1.700, 100.000, 1.000 
5, 0.900, 1.700, 100.000, 1.000 
5, 0.900, 1.700, 100.000, 1.000 
5, 0.900, 1.700, 100.000, 1.000 
5, 0.900, 1.700, 100.000, 1.000 
5, 0.900, 1.700, 100.000, 3.000 
5, 0.900, 1.700, 100.000, 1.000 
5, 0.900, 1.700, 100.000, 1.000 
5, 0.900, 1.700, 100.000, 1.000 
5, 0.900, 1.700, 100.000, 1.000 
5, 0.900, 1.700, 100.000, 1.000 
5, 0.900, 1.700, 100.000, 2.000 
5, 0.900, 1.700, 100.000, 1.000 
5, 0.900, 1.700, 100.000, 2.000 
5, 0.900, 1.700, 100.000, 2.000 
5, 0.900, 1.700, 100.000, 1.000 
5, 0.900, 1.700, 225.000, 1.000 
5, 0.900, 1.700, 225.000, 2.000 
5, 0.900, 1.700, 225.000, 1.000 
5, 0.900, 1.700, 225.000, 2.000 
5, 0.900, 1.700, 225.000, 3.000 
5, 0.900, 1.700, 225.000, 1.000 
5, 0.900, 1.700, 225.000, 1.000 
5, 0.900, 1.700, 225.000, 1.000 
5, 0.900, 1.700, 225.000, 2.000 
5, 0.900, 1.700, 225.000, 3.000 
5, 0.900, 1.700, 225.000, 1.000 
5, 0.900, 1.700, 225.000, 1.000 
5, 0.900, 1.700, 225.000, 1.000 
5, 0.900, 1.700, 225.000, 1.000 
5, 0.900, 1.700, 225.000, 1.000 
5, 0.900, 1.700, 225.000, 1.000 
5, 0.900, 1.700, 225.000, 6.000 
5, 0.900, 1.700, 225.000, 1.000 
5, 0.900, 1.700, 225.000, 2.000 
5, 0.900, 1.700, 225.000, 1.000 
5, 0.900, 1.700, 350.000, 2.000 
5, 0.900, 1.700, 350.000, 2.000 
5, 0.900, 1.700, 350.000, 1.000 
5, 0.900, 1.700, 350.000, 2.000 
5, 0.900, 1.700, 350.000, 6.000 
5, 0.900, 1.700, 350.000, 1.000 
5, 0.900, 1.700, 350.000, 1.000 
5, 0.900, 1.700, 350.000, 5.000 
5, 0.900, 1.700, 350.000, 1.000 
5, 0.900, 1.700, 350.000, 1.000 
5, 0.900, 1.700, 350.000, 2.000 
5, 0.900, 1.700, 350.000, 1.000 
5, 0.900, 1.700, 350.000, 1.000 
5, 0.900, 1.700, 350.000, 2.000 
5, 0.900, 1.700, 350.000, 2.000 
5, 0.900, 1.700, 350.000, 1.000 
5, 0.900, 1.700, 350.000, 1.000 
5, 0.900, 1.700, 350.000, 1.000 
5, 0.900, 1.700, 350.000, 2.000 
5, 0.900, 1.700, 350.000, 1.000 
5, 1.100, 1.700, 100.000, 2.000 
5, 1.100, 1.700, 100.000, 1.000 
5, 1.100, 1.700, 100.000, 3.000 
5, 1.100, 1.700, 100.000, 1.000 
5, 1.100, 1.700, 100.000, 2.000 
5, 1.100, 1.700, 100.000, 1.000 
5, 1.100, 1.700, 100.000, 1.000 
5, 1.100, 1.700, 100.000, 1.000 
5, 1.100, 1.700, 100.000, 1.000 
5, 1.100, 1.700, 100.000, 1.000 
5, 1.100, 1.700, 100.000, 1.000 
5, 1.100, 1.700, 100.000, 1.000 
5, 1.100, 1.700, 100.000, 1.000 
5, 1.100, 1.700, 100.000, 1.000 
5, 1.100, 1.700, 100.000, 2.000 
5, 1.100, 1.700, 100.000, 1.000 
5, 1.100, 1.700, 100.000, 1.000 
5, 1.100, 1.700, 100.000, 1.000 
5, 1.100, 1.700, 100.000, 2.000 
5, 1.100, 1.700, 100.000, 1.000 
5, 1.100, 1.700, 225.000, 1.000 
5, 1.100, 1.700, 225.000, 2.000 
5, 1.100, 1.700, 225.000, 1.000 
5, 1.100, 1.700, 225.000, 2.000 
5, 1.100, 1.700, 225.000, 2.000 
5, 1.100, 1.700, 225.000, 3.000 
5, 1.100, 1.700, 225.000, 3.000 
5, 1.100, 1.700, 225.000, 2.000 
5, 1.100, 1.700, 225.000, 1.000 
5, 1.100, 1.700, 225.000, 1.000 
5, 1.100, 1.700, 225.000, 1.000 
5, 1.100, 1.700, 225.000, 2.000 
5, 1.100, 1.700, 225.000, 3.000 
5, 1.100, 1.700, 225.000, 1.000 
5, 1.100, 1.700, 225.000, 1.000 
5, 1.100, 1.700, 225.000, 1.000 
5, 1.100, 1.700, 225.000, 2.000 
5, 1.100, 1.700, 225.000, 1.000 
5, 1.100, 1.700, 225.000, 1.000 
5, 1.100, 1.700, 225.000, 2.000 
5, 1.100, 1.700, 350.000, 6.000 
5, 1.100, 1.700, 350.000, 3.000 
5, 1.100, 1.700, 350.000, 1.000 
5, 1.100, 1.700, 350.000, 5.000 
5, 1.100, 1.700, 350.000, 4.000 
5, 1.100, 1.700, 350.000, 2.000 
5, 1.100, 1.700, 350.000, 2.000 
5, 1.100, 1.700, 350.000, 1.000 
5, 1.100, 1.700, 350.000, 2.000 
5, 1.100, 1.700, 350.000, 2.000 
5, 1.100, 1.700, 350.000, 1.000 
5, 1.100, 1.700, 350.000, 1.000 
5, 1.100, 1.700, 350.000, 1.000 
5, 1.100, 1.700, 350.000, 1.000 
5, 1.100, 1.700, 350.000, 4.000 
5, 1.100, 1.700, 350.000, 2.000 
5, 1.100, 1.700, 350.000, 5.000 
5, 1.100, 1.700, 350.000, 1.000 
5, 1.100, 1.700, 350.000, 1.000 
5, 1.100, 1.700, 350.000, 1.000 
6, 0.900, 1.600, 100.000, 1.000 
6, 0.900, 1.600, 100.000, 5.000 
6, 0.900, 1.600, 100.000, 3.000 
6, 0.900, 1.600, 100.000, 47.000 
6, 0.900, 1.600, 100.000, 12.000 
6, 0.900, 1.600, 100.000, 6.000 
6, 0.900, 1.600, 100.000, 2.000 
6, 0.900, 1.600, 100.000, 3.000 
6, 0.900, 1.600, 100.000, 2.000 
6, 0.900, 1.600, 100.000, 2.000 
6, 0.900, 1.600, 100.000, 5.000 
6, 0.900, 1.600, 100.000, 31.000 
6, 0.900, 1.600, 100.000, 2.000 
6, 0.900, 1.600, 100.000, 2.000 
6, 0.900, 1.600, 100.000, 5.000 
6, 0.900, 1.600, 100.000, 5.000 
6, 0.900, 1.600, 100.000, 1.000 
6, 0.900, 1.600, 100.000, 1.000 
6, 0.900, 1.600, 100.000, 2.000 
6, 0.900, 1.600, 100.000, 1.000 
6, 0.900, 1.600, 225.000, 3.000 
6, 0.900, 1.600, 225.000, 3.000 
6, 0.900, 1.600, 225.000, 2.000 
6, 0.900, 1.600, 225.000, 3.000 
6, 0.900, 1.600, 225.000, 4.000 
6, 0.900, 1.600, 225.000, 24.000 
6, 0.900, 1.600, 225.000, 1.000 
6, 0.900, 1.600, 225.000, 2.000 
6, 0.900, 1.600, 225.000, 4.000 
6, 0.900, 1.600, 225.000, 5.000 
6, 0.900, 1.600, 225.000, 2.000 
6, 0.900, 1.600, 225.000, 3.000 
6, 0.900, 1.600, 225.000, 2.000 
6, 0.900, 1.600, 225.000, 1.000 
6, 0.900, 1.600, 225.000, 1.000 
6, 0.900, 1.600, 225.000, 4.000 
6, 0.900, 1.600, 225.000, 3.000 
6, 0.900, 1.600, 225.000, 1.000 
6, 0.900, 1.600, 225.000, 1.000 
6, 0.900, 1.600, 225.000, 4.000 
6, 0.900, 1.600, 350.000, 5.000 
6, 0.900, 1.600, 350.000, 15.000 
6, 0.900, 1.600, 350.000, 3.000 
6, 0.900, 1.600, 350.000, 4.000 
6, 0.900, 1.600, 350.000, 3.000 
6, 0.900, 1.600, 350.000, 3.000 
6, 0.900, 1.600, 350.000, 7.000 
6, 0.900, 1.600, 350.000, 3.000 
6, 0.900, 1.600, 350.000, 9.000 
6, 0.900, 1.600, 350.000, 1.000 
6, 0.900, 1.600, 350.000, 5.000 
6, 0.900, 1.600, 350.000, 3.000 
6, 0.900, 1.600, 350.000, 19.000 
6, 0.900, 1.600, 350.000, 5.000 
6, 0.900, 1.600, 350.000, 3.000 
6, 0.900, 1.600, 350.000, 2.000 
6, 0.900, 1.600, 350.000, 2.000 
6, 0.900, 1.600, 350.000, 17.000 
6, 0.900, 1.600, 350.000, 4.000 
6, 0.900, 1.600, 350.000, 9.000 
6, 1.100, 1.600, 100.000, 97.000 
6, 1.100, 1.600, 100.000, 11.000 
6, 1.100, 1.600, 100.000, 3.000 
6, 1.100, 1.600, 100.000, 1.000 
6, 1.100, 1.600, 100.000, 8.000 
6, 1.100, 1.600, 100.000, 1.000 
6, 1.100, 1.600, 100.000, 47.000 
6, 1.100, 1.600, 100.000, 2.000 
6, 1.100, 1.600, 100.000, 2.000 
6, 1.100, 1.600, 100.000, 1.000 
6, 1.100, 1.600, 100.000, 3.000 
6, 1.100, 1.600, 100.000, 5.000 
6, 1.100, 1.600, 100.000, 1.000 
6, 1.100, 1.600, 100.000, 3.000 
6, 1.100, 1.600, 100.000, 61.000 
6, 1.100, 1.600, 100.000, 3.000 
6, 1.100, 1.600, 100.000, 4.000 
6, 1.100, 1.600, 100.000, 7.000 
6, 1.100, 1.600, 100.000, 2.000 
6, 1.100, 1.600, 100.000, 5.000 
6, 1.100, 1.600, 225.000, 57.000 
6, 1.100, 1.600, 225.000, 36.000 
6, 1.100, 1.600, 225.000, 18.000 
6, 1.100, 1.600, 225.000, 3.000 
6, 1.100, 1.600, 225.000, 24.000 
6, 1.100, 1.600, 225.000, 8.000 
6, 1.100, 1.600, 225.000, 3.000 
6, 1.100, 1.600, 225.000, 6.000 
6, 1.100, 1.600, 225.000, 18.000 
6, 1.100, 1.600, 225.000, 33.000 
6, 1.100, 1.600, 225.000, 80.000 
6, 1.100, 1.600, 225.000, 5.000 
6, 1.100, 1.600, 225.000, 343.000 
6, 1.100, 1.600, 225.000, 23.000 
6, 1.100, 1.600, 225.000, 32.000 
6, 1.100, 1.600, 225.000, 3.000 
6, 1.100, 1.600, 225.000, 3.000 
6, 1.100, 1.600, 225.000, 2.000 
6, 1.100, 1.600, 225.000, 18.000 
6, 1.100, 1.600, 225.000, 3.000 
6, 1.100, 1.600, 350.000, 63.000 
6, 1.100, 1.600, 350.000, 45.000 
6, 1.100, 1.600, 350.000, 120.000 
6, 1.100, 1.600, 350.000, 13.000 
6, 1.100, 1.600, 350.000, 9.000 
6, 1.100, 1.600, 350.000, 17.000 
6, 1.100, 1.600, 350.000, 4.000 
6, 1.100, 1.600, 350.000, 14.000 
6, 1.100, 1.600, 350.000, 6.000 
6, 1.100, 1.600, 350.000, 8.000 
6, 1.100, 1.600, 350.000, 7.000 
6, 1.100, 1.600, 350.000, 59.000 
6, 1.100, 1.600, 350.000, 17.000 
6, 1.100, 1.600, 350.000, 49.000 
6, 1.100, 1.600, 350.000, 387.000 
6, 1.100, 1.600, 350.000, 3.000 
6, 1.100, 1.600, 350.000, 42.000 
6, 1.100, 1.600, 350.000, 276.000 
6, 1.100, 1.600, 350.000, 74.000 
6, 1.100, 1.600, 350.000, 10.000 
6, 0.900, 1.650, 100.000, 3.000 
6, 0.900, 1.650, 100.000, 3.000 
6, 0.900, 1.650, 100.000, 3.000 
6, 0.900, 1.650, 100.000, 1.000 
6, 0.900, 1.650, 100.000, 3.000 
6, 0.900, 1.650, 100.000, 2.000 
6, 0.900, 1.650, 100.000, 1.000 
6, 0.900, 1.650, 100.000, 1.000 
6, 0.900, 1.650, 100.000, 3.000 
6, 0.900, 1.650, 100.000, 1.000 
6, 0.900, 1.650, 100.000, 2.000 
6, 0.900, 1.650, 100.000, 2.000 
6, 0.900, 1.650, 100.000, 2.000 
6, 0.900, 1.650, 100.000, 4.000 
6, 0.900, 1.650, 100.000, 1.000 
6, 0.900, 1.650, 100.000, 1.000 
6, 0.900, 1.650, 100.000, 2.000 
6, 0.900, 1.650, 100.000, 3.000 
6, 0.900, 1.650, 100.000, 3.000 
6, 0.900, 1.650, 100.000, 1.000 
6, 0.900, 1.650, 225.000, 3.000 
6, 0.900, 1.650, 225.000, 3.000 
6, 0.900, 1.650, 225.000, 1.000 
6, 0.900, 1.650, 225.000, 1.000 
6, 0.900, 1.650, 225.000, 2.000 
6, 0.900, 1.650, 225.000, 1.000 
6, 0.900, 1.650, 225.000, 4.000 
6, 0.900, 1.650, 225.000, 3.000 
6, 0.900, 1.650, 225.000, 1.000 
6, 0.900, 1.650, 225.000, 4.000 
6, 0.900, 1.650, 225.000, 2.000 
6, 0.900, 1.650, 225.000, 1.000 
6, 0.900, 1.650, 225.000, 3.000 
6, 0.900, 1.650, 225.000, 1.000 
6, 0.900, 1.650, 225.000, 3.000 
6, 0.900, 1.650, 225.000, 4.000 
6, 0.900, 1.650, 225.000, 11.000 
6, 0.900, 1.650, 225.000, 2.000 
6, 0.900, 1.650, 225.000, 2.000 
6, 0.900, 1.650, 225.000, 3.000 
6, 0.900, 1.650, 350.000, 1.000 
6, 0.900, 1.650, 350.000, 3.000 
6, 0.900, 1.650, 350.000, 10.000 
6, 0.900, 1.650, 350.000, 2.000 
6, 0.900, 1.650, 350.000, 6.000 
6, 0.900, 1.650, 350.000, 2.000 
6, 0.900, 1.650, 350.000, 2.000 
6, 0.900, 1.650, 350.000, 10.000 
6, 0.900, 1.650, 350.000, 3.000 
6, 0.900, 1.650, 350.000, 5.000 
6, 0.900, 1.650, 350.000, 4.000 
6, 0.900, 1.650, 350.000, 1.000 
6, 0.900, 1.650, 350.000, 2.000 
6, 0.900, 1.650, 350.000, 2.000 
6, 0.900, 1.650, 350.000, 2.000 
6, 0.900, 1.650, 350.000, 5.000 
6, 0.900, 1.650, 350.000, 3.000 
6, 0.900, 1.650, 350.000, 3.000 
6, 0.900, 1.650, 350.000, 2.000 
6, 0.900, 1.650, 350.000, 2.000 
6, 1.100, 1.650, 100.000, 2.000 
6, 1.100, 1.650, 100.000, 3.000 
6, 1.100, 1.650, 100.000, 3.000 
6, 1.100, 1.650, 100.000, 5.000 
6, 1.100, 1.650, 100.000, 2.000 
6, 1.100, 1.650, 100.000, 1.000 
6, 1.100, 1.650, 100.000, 1.000 
6, 1.100, 1.650, 100.000, 2.000 
6, 1.100, 1.650, 100.000, 2.000 
6, 1.100, 1.650, 100.000, 2.000 
6, 1.100, 1.650, 100.000, 2.000 
6, 1.100, 1.650, 100.000, 3.000 
6, 1.100, 1.650, 100.000, 4.000 
6, 1.100, 1.650, 100.000, 2.000 
6, 1.100, 1.650, 100.000, 9.000 
6, 1.100, 1.650, 100.000, 1.000 
6, 1.100, 1.650, 100.000, 3.000 
6, 1.100, 1.650, 100.000, 54.000 
6, 1.100, 1.650, 100.000, 3.000 
6, 1.100, 1.650, 100.000, 3.000 
6, 1.100, 1.650, 225.000, 2.000 
6, 1.100, 1.650, 225.000, 2.000 
6, 1.100, 1.650, 225.000, 2.000 
6, 1.100, 1.650, 225.000, 2.000 
6, 1.100, 1.650, 225.000, 2.000 
6, 1.100, 1.650, 225.000, 4.000 
6, 1.100, 1.650, 225.000, 7.000 
6, 1.100, 1.650, 225.000, 3.000 
6, 1.100, 1.650, 225.000, 5.000 
6, 1.100, 1.650, 225.000, 20.000 
6, 1.100, 1.650, 225.000, 11.000 
6, 1.100, 1.650, 225.000, 2.000 
6, 1.100, 1.650, 225.000, 18.000 
6, 1.100, 1.650, 225.000, 2.000 
6, 1.100, 1.650, 225.000, 2.000 
6, 1.100, 1.650, 225.000, 1.000 
6, 1.100, 1.650, 225.000, 3.000 
6, 1.100, 1.650, 225.000, 4.000 
6, 1.100, 1.650, 225.000, 2.000 
6, 1.100, 1.650, 225.000, 2.000 
6, 1.100, 1.650, 350.000, 6.000 
6, 1.100, 1.650, 350.000, 8.000 
6, 1.100, 1.650, 350.000, 3.000 
6, 1.100, 1.650, 350.000, 1.000 
6, 1.100, 1.650, 350.000, 6.000 
6, 1.100, 1.650, 350.000, 5.000 
6, 1.100, 1.650, 350.000, 74.000 
6, 1.100, 1.650, 350.000, 17.000 
6, 1.100, 1.650, 350.000, 5.000 
6, 1.100, 1.650, 350.000, 4.000 
6, 1.100, 1.650, 350.000, 5.000 
6, 1.100, 1.650, 350.000, 3.000 
6, 1.100, 1.650, 350.000, 4.000 
6, 1.100, 1.650, 350.000, 10.000 
6, 1.100, 1.650, 350.000, 2.000 
6, 1.100, 1.650, 350.000, 4.000 
6, 1.100, 1.650, 350.000, 2.000 
6, 1.100, 1.650, 350.000, 3.000 
6, 1.100, 1.650, 350.000, 3.000 
6, 1.100, 1.650, 350.000, 3.000 
6, 0.900, 1.700, 100.000, 3.000 
6, 0.900, 1.700, 100.000, 1.000 
6, 0.900, 1.700, 100.000, 1.000 
6, 0.900, 1.700, 100.000, 2.000 
6, 0.900, 1.700, 100.000, 1.000 
6, 0.900, 1.700, 100.000, 2.000 
6, 0.900, 1.700, 100.000, 2.000 
6, 0.900, 1.700, 100.000, 3.000 
6, 0.900, 1.700, 100.000, 1.000 
6, 0.900, 1.700, 100.000, 1.000 
6, 0.900, 1.700, 100.000, 1.000 
6, 0.900, 1.700, 100.000, 2.000 
6, 0.900, 1.700, 100.000, 2.000 
6, 0.900, 1.700, 100.000, 4.000 
6, 0.900, 1.700, 100.000, 2.000 
6, 0.900, 1.700, 100.000, 1.000 
6, 0.900, 1.700, 100.000, 1.000 
6, 0.900, 1.700, 100.000, 1.000 
6, 0.900, 1.700, 100.000, 3.000 
6, 0.900, 1.700, 100.000, 1.000 
6, 0.900, 1.700, 225.000, 1.000 
6, 0.900, 1.700, 225.000, 1.000 
6, 0.900, 1.700, 225.000, 1.000 
6, 0.900, 1.700, 225.000, 3.000 
6, 0.900, 1.700, 225.000, 1.000 
6, 0.900, 1.700, 225.000, 2.000 
6, 0.900, 1.700, 225.000, 1.000 
6, 0.900, 1.700, 225.000, 1.000 
6, 0.900, 1.700, 225.000, 4.000 
6, 0.900, 1.700, 225.000, 2.000 
6, 0.900, 1.700, 225.000, 1.000 
6, 0.900, 1.700, 225.000, 1.000 
6, 0.900, 1.700, 225.000, 3.000 
6, 0.900, 1.700, 225.000, 3.000 
6, 0.900, 1.700, 225.000, 4.000 
6, 0.900, 1.700, 225.000, 3.000 
6, 0.900, 1.700, 225.000, 3.000 
6, 0.900, 1.700, 225.000, 3.000 
6, 0.900, 1.700, 225.000, 1.000 
6, 0.900, 1.700, 225.000, 2.000 
6, 0.900, 1.700, 350.000, 3.000 
6, 0.900, 1.700, 350.000, 3.000 
6, 0.900, 1.700, 350.000, 1.000 
6, 0.900, 1.700, 350.000, 3.000 
6, 0.900, 1.700, 350.000, 4.000 
6, 0.900, 1.700, 350.000, 1.000 
6, 0.900, 1.700, 350.000, 1.000 
6, 0.900, 1.700, 350.000, 2.000 
6, 0.900, 1.700, 350.000, 3.000 
6, 0.900, 1.700, 350.000, 2.000 
6, 0.900, 1.700, 350.000, 2.000 
6, 0.900, 1.700, 350.000, 3.000 
6, 0.900, 1.700, 350.000, 5.000 
6, 0.900, 1.700, 350.000, 2.000 
6, 0.900, 1.700, 350.000, 2.000 
6, 0.900, 1.700, 350.000, 1.000 
6, 0.900, 1.700, 350.000, 2.000 
6, 0.900, 1.700, 350.000, 4.000 
6, 0.900, 1.700, 350.000, 2.000 
6, 0.900, 1.700, 350.000, 1.000 
6, 1.100, 1.700, 100.000, 2.000 
6, 1.100, 1.700, 100.000, 2.000 
6, 1.100, 1.700, 100.000, 1.000 
6, 1.100, 1.700, 100.000, 1.000 
6, 1.100, 1.700, 100.000, 4.000 
6, 1.100, 1.700, 100.000, 3.000 
6, 1.100, 1.700, 100.000, 2.000 
6, 1.100, 1.700, 100.000, 2.000 
6, 1.100, 1.700, 100.000, 3.000 
6, 1.100, 1.700, 100.000, 1.000 
6, 1.100, 1.700, 100.000, 2.000 
6, 1.100, 1.700, 100.000, 3.000 
6, 1.100, 1.700, 100.000, 3.000 
6, 1.100, 1.700, 100.000, 2.000 
6, 1.100, 1.700, 100.000, 1.000 
6, 1.100, 1.700, 100.000, 1.000 
6, 1.100, 1.700, 100.000, 1.000 
6, 1.100, 1.700, 100.000, 5.000 
6, 1.100, 1.700, 100.000, 2.000 
6, 1.100, 1.700, 100.000, 2.000 
6, 1.100, 1.700, 225.000, 2.000 
6, 1.100, 1.700, 225.000, 1.000 
6, 1.100, 1.700, 225.000, 1.000 
6, 1.100, 1.700, 225.000, 4.000 
6, 1.100, 1.700, 225.000, 3.000 
6, 1.100, 1.700, 225.000, 4.000 
6, 1.100, 1.700, 225.000, 4.000 
6, 1.100, 1.700, 225.000, 7.000 
6, 1.100, 1.700, 225.000, 2.000 
6, 1.100, 1.700, 225.000, 2.000 
6, 1.100, 1.700, 225.000, 1.000 
6, 1.100, 1.700, 225.000, 2.000 
6, 1.100, 1.700, 225.000, 2.000 
6, 1.100, 1.700, 225.000, 3.000 
6, 1.100, 1.700, 225.000, 2.000 
6, 1.100, 1.700, 225.000, 3.000 
6, 1.100, 1.700, 225.000, 3.000 
6, 1.100, 1.700, 225.000, 1.000 
6, 1.100, 1.700, 225.000, 2.000 
6, 1.100, 1.700, 225.000, 1.000 
6, 1.100, 1.700, 350.000, 6.000 
6, 1.100, 1.700, 350.000, 3.000 
6, 1.100, 1.700, 350.000, 2.000 
6, 1.100, 1.700, 350.000, 5.000 
6, 1.100, 1.700, 350.000, 5.000 
6, 1.100, 1.700, 350.000, 3.000 
6, 1.100, 1.700, 350.000, 3.000 
6, 1.100, 1.700, 350.000, 5.000 
6, 1.100, 1.700, 350.000, 11.000 
6, 1.100, 1.700, 350.000, 2.000 
6, 1.100, 1.700, 350.000, 1.000 
6, 1.100, 1.700, 350.000, 2.000 
6, 1.100, 1.700, 350.000, 3.000 
6, 1.100, 1.700, 350.000, 3.000 
6, 1.100, 1.700, 350.000, 5.000 
6, 1.100, 1.700, 350.000, 2.000 
6, 1.100, 1.700, 350.000, 2.000 
6, 1.100, 1.700, 350.000, 3.000 
6, 1.100, 1.700, 350.000, 3.000 
6, 1.100, 1.700, 350.000, 3.000 
7, 0.900, 1.600, 100.000, 1.000 
7, 0.900, 1.600, 100.000, 5.000 
7, 0.900, 1.600, 100.000, 3.000 
7, 0.900, 1.600, 100.000, 20.000 
7, 0.900, 1.600, 100.000, 2.000 
7, 0.900, 1.600, 100.000, 3.000 
7, 0.900, 1.600, 100.000, 1.000 
7, 0.900, 1.600, 100.000, 2.000 
7, 0.900, 1.600, 100.000, 2.000 
7, 0.900, 1.600, 100.000, 2.000 
7, 0.900, 1.600, 100.000, 1.000 
7, 0.900, 1.600, 100.000, 2.000 
7, 0.900, 1.600, 100.000, 2.000 
7, 0.900, 1.600, 100.000, 3.000 
7, 0.900, 1.600, 100.000, 2.000 
7, 0.900, 1.600, 100.000, 3.000 
7, 0.900, 1.600, 100.000, 1.000 
7, 0.900, 1.600, 100.000, 3.000 
7, 0.900, 1.600, 100.000, 1.000 
7, 0.900, 1.600, 100.000, 4.000 
7, 0.900, 1.600, 225.000, 11.000 
7, 0.900, 1.600, 225.000, 1.000 
7, 0.900, 1.600, 225.000, 4.000 
7, 0.900, 1.600, 225.000, 3.000 
7, 0.900, 1.600, 225.000, 2.000 
7, 0.900, 1.600, 225.000, 37.000 
7, 0.900, 1.600, 225.000, 2.000 
7, 0.900, 1.600, 225.000, 1.000 
7, 0.900, 1.600, 225.000, 6.000 
7, 0.900, 1.600, 225.000, 4.000 
7, 0.900, 1.600, 225.000, 2.000 
7, 0.900, 1.600, 225.000, 1.000 
7, 0.900, 1.600, 225.000, 5.000 
7, 0.900, 1.600, 225.000, 1.000 
7, 0.900, 1.600, 225.000, 2.000 
7, 0.900, 1.600, 225.000, 2.000 
7, 0.900, 1.600, 225.000, 3.000 
7, 0.900, 1.600, 225.000, 2.000 
7, 0.900, 1.600, 225.000, 2.000 
7, 0.900, 1.600, 225.000, 3.000 
7, 0.900, 1.600, 350.000, 5.000 
7, 0.900, 1.600, 350.000, 7.000 
7, 0.900, 1.600, 350.000, 4.000 
7, 0.900, 1.600, 350.000, 4.000 
7, 0.900, 1.600, 350.000, 15.000 
7, 0.900, 1.600, 350.000, 6.000 
7, 0.900, 1.600, 350.000, 3.000 
7, 0.900, 1.600, 350.000, 4.000 
7, 0.900, 1.600, 350.000, 2.000 
7, 0.900, 1.600, 350.000, 3.000 
7, 0.900, 1.600, 350.000, 21.000 
7, 0.900, 1.600, 350.000, 45.000 
7, 0.900, 1.600, 350.000, 40.000 
7, 0.900, 1.600, 350.000, 3.000 
7, 0.900, 1.600, 350.000, 2.000 
7, 0.900, 1.600, 350.000, 2.000 
7, 0.900, 1.600, 350.000, 3.000 
7, 0.900, 1.600, 350.000, 12.000 
7, 0.900, 1.600, 350.000, 3.000 
7, 0.900, 1.600, 350.000, 2.000 
7, 1.100, 1.600, 100.000, 58.000 
7, 1.100, 1.600, 100.000, 3.000 
7, 1.100, 1.600, 100.000, 11.000 
7, 1.100, 1.600, 100.000, 2.000 
7, 1.100, 1.600, 100.000, 2.000 
7, 1.100, 1.600, 100.000, 6.000 
7, 1.100, 1.600, 100.000, 21.000 
7, 1.100, 1.600, 100.000, 3.000 
7, 1.100, 1.600, 100.000, 1.000 
7, 1.100, 1.600, 100.000, 1.000 
7, 1.100, 1.600, 100.000, 2.000 
7, 1.100, 1.600, 100.000, 6.000 
7, 1.100, 1.600, 100.000, 2.000 
7, 1.100, 1.600, 100.000, 4.000 
7, 1.100, 1.600, 100.000, 45.000 
7, 1.100, 1.600, 100.000, 1.000 
7, 1.100, 1.600, 100.000, 12.000 
7, 1.100, 1.600, 100.000, 39.000 
7, 1.100, 1.600, 100.000, 1.000 
7, 1.100, 1.600, 100.000, 7.000 
7, 1.100, 1.600, 225.000, 17.000 
7, 1.100, 1.600, 225.000, 4.000 
7, 1.100, 1.600, 225.000, 12.000 
7, 1.100, 1.600, 225.000, 1.000 
7, 1.100, 1.600, 225.000, 7.000 
7, 1.100, 1.600, 225.000, 13.000 
7, 1.100, 1.600, 225.000, 4.000 
7, 1.100, 1.600, 225.000, 2.000 
7, 1.100, 1.600, 225.000, 4.000 
7, 1.100, 1.600, 225.000, 81.000 
7, 1.100, 1.600, 225.000, 163.000 
7, 1.100, 1.600, 225.000, 9.000 
7, 1.100, 1.600, 225.000, 12.000 
7, 1.100, 1.600, 225.000, 8.000 
7, 1.100, 1.600, 225.000, 9.000 
7, 1.100, 1.600, 225.000, 4.000 
7, 1.100, 1.600, 225.000, 8.000 
7, 1.100, 1.600, 225.000, 3.000 
7, 1.100, 1.600, 225.000, 13.000 
7, 1.100, 1.600, 225.000, 1.000 
7, 1.100, 1.600, 350.000, 5.000 
7, 1.100, 1.600, 350.000, 45.000 
7, 1.100, 1.600, 350.000, 45.000 
7, 1.100, 1.600, 350.000, 13.000 
7, 1.100, 1.600, 350.000, 31.000 
7, 1.100, 1.600, 350.000, 4.000 
7, 1.100, 1.600, 350.000, 4.000 
7, 1.100, 1.600, 350.000, 3.000 
7, 1.100, 1.600, 350.000, 8.000 
7, 1.100, 1.600, 350.000, 4.000 
7, 1.100, 1.600, 350.000, 2.000 
7, 1.100, 1.600, 350.000, 16.000 
7, 1.100, 1.600, 350.000, 48.000 
7, 1.100, 1.600, 350.000, 67.000 
7, 1.100, 1.600, 350.000, 138.000 
7, 1.100, 1.600, 350.000, 3.000 
7, 1.100, 1.600, 350.000, 14.000 
7, 1.100, 1.600, 350.000, 50.000 
7, 1.100, 1.600, 350.000, 8.000 
7, 1.100, 1.600, 350.000, 6.000 
7, 0.900, 1.650, 100.000, 1.000 
7, 0.900, 1.650, 100.000, 1.000 
7, 0.900, 1.650, 100.000, 2.000 
7, 0.900, 1.650, 100.000, 1.000 
7, 0.900, 1.650, 100.000, 2.000 
7, 0.900, 1.650, 100.000, 1.000 
7, 0.900, 1.650, 100.000, 2.000 
7, 0.900, 1.650, 100.000, 2.000 
7, 0.900, 1.650, 100.000, 1.000 
7, 0.900, 1.650, 100.000, 2.000 
7, 0.900, 1.650, 100.000, 1.000 
7, 0.900, 1.650, 100.000, 1.000 
7, 0.900, 1.650, 100.000, 1.000 
7, 0.900, 1.650, 100.000, 1.000 
7, 0.900, 1.650, 100.000, 2.000 
7, 0.900, 1.650, 100.000, 1.000 
7, 0.900, 1.650, 100.000, 1.000 
7, 0.900, 1.650, 100.000, 1.000 
7, 0.900, 1.650, 100.000, 1.000 
7, 0.900, 1.650, 100.000, 1.000 
7, 0.900, 1.650, 225.000, 3.000 
7, 0.900, 1.650, 225.000, 3.000 
7, 0.900, 1.650, 225.000, 2.000 
7, 0.900, 1.650, 225.000, 2.000 
7, 0.900, 1.650, 225.000, 2.000 
7, 0.900, 1.650, 225.000, 1.000 
7, 0.900, 1.650, 225.000, 3.000 
7, 0.900, 1.650, 225.000, 1.000 
7, 0.900, 1.650, 225.000, 2.000 
7, 0.900, 1.650, 225.000, 3.000 
7, 0.900, 1.650, 225.000, 1.000 
7, 0.900, 1.650, 225.000, 1.000 
7, 0.900, 1.650, 225.000, 3.000 
7, 0.900, 1.650, 225.000, 3.000 
7, 0.900, 1.650, 225.000, 1.000 
7, 0.900, 1.650, 225.000, 1.000 
7, 0.900, 1.650, 225.000, 8.000 
7, 0.900, 1.650, 225.000, 1.000 
7, 0.900, 1.650, 225.000, 1.000 
7, 0.900, 1.650, 225.000, 4.000 
7, 0.900, 1.650, 350.000, 3.000 
7, 0.900, 1.650, 350.000, 4.000 
7, 0.900, 1.650, 350.000, 3.000 
7, 0.900, 1.650, 350.000, 3.000 
7, 0.900, 1.650, 350.000, 2.000 
7, 0.900, 1.650, 350.000, 2.000 
7, 0.900, 1.650, 350.000, 1.000 
7, 0.900, 1.650, 350.000, 3.000 
7, 0.900, 1.650, 350.000, 4.000 
7, 0.900, 1.650, 350.000, 2.000 
7, 0.900, 1.650, 350.000, 1.000 
7, 0.900, 1.650, 350.000, 2.000 
7, 0.900, 1.650, 350.000, 2.000 
7, 0.900, 1.650, 350.000, 2.000 
7, 0.900, 1.650, 350.000, 2.000 
7, 0.900, 1.650, 350.000, 7.000 
7, 0.900, 1.650, 350.000, 2.000 
7, 0.900, 1.650, 350.000, 3.000 
7, 0.900, 1.650, 350.000, 4.000 
7, 0.900, 1.650, 350.000, 5.000 
7, 1.100, 1.650, 100.000, 2.000 
7, 1.100, 1.650, 100.000, 2.000 
7, 1.100, 1.650, 100.000, 2.000 
7, 1.100, 1.650, 100.000, 7.000 
7, 1.100, 1.650, 100.000, 7.000 
7, 1.100, 1.650, 100.000, 2.000 
7, 1.100, 1.650, 100.000, 1.000 
7, 1.100, 1.650, 100.000, 4.000 
7, 1.100, 1.650, 100.000, 2.000 
7, 1.100, 1.650, 100.000, 2.000 
7, 1.100, 1.650, 100.000, 1.000 
7, 1.100, 1.650, 100.000, 2.000 
7, 1.100, 1.650, 100.000, 3.000 
7, 1.100, 1.650, 100.000, 3.000 
7, 1.100, 1.650, 100.000, 3.000 
7, 1.100, 1.650, 100.000, 1.000 
7, 1.100, 1.650, 100.000, 1.000 
7, 1.100, 1.650, 100.000, 89.000 
7, 1.100, 1.650, 100.000, 1.000 
7, 1.100, 1.650, 100.000, 15.000 
7, 1.100, 1.650, 225.000, 2.000 
7, 1.100, 1.650, 225.000, 2.000 
7, 1.100, 1.650, 225.000, 1.000 
7, 1.100, 1.650, 225.000, 8.000 
7, 1.100, 1.650, 225.000, 2.000 
7, 1.100, 1.650, 225.000, 3.000 
7, 1.100, 1.650, 225.000, 3.000 
7, 1.100, 1.650, 225.000, 2.000 
7, 1.100, 1.650, 225.000, 3.000 
7, 1.100, 1.650, 225.000, 4.000 
7, 1.100, 1.650, 225.000, 3.000 
7, 1.100, 1.650, 225.000, 3.000 
7, 1.100, 1.650, 225.000, 10.000 
7, 1.100, 1.650, 225.000, 1.000 
7, 1.100, 1.650, 225.000, 1.000 
7, 1.100, 1.650, 225.000, 6.000 
7, 1.100, 1.650, 225.000, 2.000 
7, 1.100, 1.650, 225.000, 2.000 
7, 1.100, 1.650, 225.000, 1.000 
7, 1.100, 1.650, 225.000, 3.000 
7, 1.100, 1.650, 350.000, 5.000 
7, 1.100, 1.650, 350.000, 3.000 
7, 1.100, 1.650, 350.000, 3.000 
7, 1.100, 1.650, 350.000, 2.000 
7, 1.100, 1.650, 350.000, 3.000 
7, 1.100, 1.650, 350.000, 3.000 
7, 1.100, 1.650, 350.000, 29.000 
7, 1.100, 1.650, 350.000, 28.000 
7, 1.100, 1.650, 350.000, 10.000 
7, 1.100, 1.650, 350.000, 2.000 
7, 1.100, 1.650, 350.000, 3.000 
7, 1.100, 1.650, 350.000, 30.000 
7, 1.100, 1.650, 350.000, 2.000 
7, 1.100, 1.650, 350.000, 5.000 
7, 1.100, 1.650, 350.000, 7.000 
7, 1.100, 1.650, 350.000, 3.000 
7, 1.100, 1.650, 350.000, 2.000 
7, 1.100, 1.650, 350.000, 5.000 
7, 1.100, 1.650, 350.000, 4.000 
7, 1.100, 1.650, 350.000, 3.000 
7, 0.900, 1.700, 100.000, 1.000 
7, 0.900, 1.700, 100.000, 3.000 
7, 0.900, 1.700, 100.000, 2.000 
7, 0.900, 1.700, 100.000, 1.000 
7, 0.900, 1.700, 100.000, 1.000 
7, 0.900, 1.700, 100.000, 2.000 
7, 0.900, 1.700, 100.000, 2.000 
7, 0.900, 1.700, 100.000, 2.000 
7, 0.900, 1.700, 100.000, 1.000 
7, 0.900, 1.700, 100.000, 1.000 
7, 0.900, 1.700, 100.000, 2.000 
7, 0.900, 1.700, 100.000, 1.000 
7, 0.900, 1.700, 100.000, 1.000 
7, 0.900, 1.700, 100.000, 1.000 
7, 0.900, 1.700, 100.000, 2.000 
7, 0.900, 1.700, 100.000, 1.000 
7, 0.900, 1.700, 100.000, 1.000 
7, 0.900, 1.700, 100.000, 3.000 
7, 0.900, 1.700, 100.000, 1.000 
7, 0.900, 1.700, 100.000, 2.000 
7, 0.900, 1.700, 225.000, 2.000 
7, 0.900, 1.700, 225.000, 5.000 
7, 0.900, 1.700, 225.000, 2.000 
7, 0.900, 1.700, 225.000, 4.000 
7, 0.900, 1.700, 225.000, 1.000 
7, 0.900, 1.700, 225.000, 1.000 
7, 0.900, 1.700, 225.000, 1.000 
7, 0.900, 1.700, 225.000, 1.000 
7, 0.900, 1.700, 225.000, 3.000 
7, 0.900, 1.700, 225.000, 1.000 
7, 0.900, 1.700, 225.000, 2.000 
7, 0.900, 1.700, 225.000, 1.000 
7, 0.900, 1.700, 225.000, 2.000 
7, 0.900, 1.700, 225.000, 2.000 
7, 0.900, 1.700, 225.000, 2.000 
7, 0.900, 1.700, 225.000, 2.000 
7, 0.900, 1.700, 225.000, 3.000 
7, 0.900, 1.700, 225.000, 1.000 
7, 0.900, 1.700, 225.000, 3.000 
7, 0.900, 1.700, 225.000, 2.000 
7, 0.900, 1.700, 350.000, 3.000 
7, 0.900, 1.700, 350.000, 2.000 
7, 0.900, 1.700, 350.000, 2.000 
7, 0.900, 1.700, 350.000, 2.000 
7, 0.900, 1.700, 350.000, 4.000 
7, 0.900, 1.700, 350.000, 2.000 
7, 0.900, 1.700, 350.000, 2.000 
7, 0.900, 1.700, 350.000, 5.000 
7, 0.900, 1.700, 350.000, 2.000 
7, 0.900, 1.700, 350.000, 3.000 
7, 0.900, 1.700, 350.000, 2.000 
7, 0.900, 1.700, 350.000, 2.000 
7, 0.900, 1.700, 350.000, 3.000 
7, 0.900, 1.700, 350.000, 1.000 
7, 0.900, 1.700, 350.000, 2.000 
7, 0.900, 1.700, 350.000, 2.000 
7, 0.900, 1.700, 350.000, 3.000 
7, 0.900, 1.700, 350.000, 3.000 
7, 0.900, 1.700, 350.000, 1.000 
7, 0.900, 1.700, 350.000, 2.000 
7, 1.100, 1.700, 100.000, 1.000 
7, 1.100, 1.700, 100.000, 2.000 
7, 1.100, 1.700, 100.000, 1.000 
7, 1.100, 1.700, 100.000, 2.000 
7, 1.100, 1.700, 100.000, 3.000 
7, 1.100, 1.700, 100.000, 1.000 
7, 1.100, 1.700, 100.000, 2.000 
7, 1.100, 1.700, 100.000, 1.000 
7, 1.100, 1.700, 100.000, 12.000 
7, 1.100, 1.700, 100.000, 1.000 
7, 1.100, 1.700, 100.000, 3.000 
7, 1.100, 1.700, 100.000, 3.000 
7, 1.100, 1.700, 100.000, 2.000 
7, 1.100, 1.700, 100.000, 1.000 
7, 1.100, 1.700, 100.000, 1.000 
7, 1.100, 1.700, 100.000, 1.000 
7, 1.100, 1.700, 100.000, 1.000 
7, 1.100, 1.700, 100.000, 3.000 
7, 1.100, 1.700, 100.000, 1.000 
7, 1.100, 1.700, 100.000, 2.000 
7, 1.100, 1.700, 225.000, 3.000 
7, 1.100, 1.700, 225.000, 2.000 
7, 1.100, 1.700, 225.000, 1.000 
7, 1.100, 1.700, 225.000, 3.000 
7, 1.100, 1.700, 225.000, 1.000 
7, 1.100, 1.700, 225.000, 2.000 
7, 1.100, 1.700, 225.000, 1.000 
7, 1.100, 1.700, 225.000, 8.000 
7, 1.100, 1.700, 225.000, 1.000 
7, 1.100, 1.700, 225.000, 3.000 
7, 1.100, 1.700, 225.000, 1.000 
7, 1.100, 1.700, 225.000, 2.000 
7, 1.100, 1.700, 225.000, 2.000 
7, 1.100, 1.700, 225.000, 2.000 
7, 1.100, 1.700, 225.000, 3.000 
7, 1.100, 1.700, 225.000, 2.000 
7, 1.100, 1.700, 225.000, 5.000 
7, 1.100, 1.700, 225.000, 1.000 
7, 1.100, 1.700, 225.000, 4.000 
7, 1.100, 1.700, 225.000, 3.000 
7, 1.100, 1.700, 350.000, 1.000 
7, 1.100, 1.700, 350.000, 1.000 
7, 1.100, 1.700, 350.000, 5.000 
7, 1.100, 1.700, 350.000, 7.000 
7, 1.100, 1.700, 350.000, 5.000 
7, 1.100, 1.700, 350.000, 6.000 
7, 1.100, 1.700, 350.000, 3.000 
7, 1.100, 1.700, 350.000, 4.000 
7, 1.100, 1.700, 350.000, 6.000 
7, 1.100, 1.700, 350.000, 2.000 
7, 1.100, 1.700, 350.000, 2.000 
7, 1.100, 1.700, 350.000, 2.000 
7, 1.100, 1.700, 350.000, 4.000 
7, 1.100, 1.700, 350.000, 6.000 
7, 1.100, 1.700, 350.000, 4.000 
7, 1.100, 1.700, 350.000, 2.000 
7, 1.100, 1.700, 350.000, 3.000 
7, 1.100, 1.700, 350.000, 3.000 
7, 1.100, 1.700, 350.000, 3.000 
7, 1.100, 1.700, 350.000, 2.000 
