Data properties:
 
Recording date: 30/04/2008
Recording time : 10:27:45:171 (corresponds to time 0)
Study: AlasdairTPOnlyRoughness
Subject: HW
Recording: hwhw1
Screen resolution: 1600 x 1200
Coordinate unit: Pixels
 
 
Filter settings:
 
Eye: Average
Validity level: Normal
Fixation radius: 50
Min duration: 100
 
Fix number	Timestamp	Duration	GazepointX	GazepointY
 
1	79	179	536	442
2	299	219	795	531
3	538	758	813	574
4	1375	219	131	985
5	1714	259	-660	1370
6	2013	159	-232	1154
7	2252	379	747	424
8	2651	319	785	554
9	3010	877	1152	643
10	3927	379	853	501
11	4326	1675	790	519
12	6020	578	651	501
13	6619	1994	796	524
14	8632	578	918	578
15	9230	140	834	530
16	9828	1396	835	495
17	11264	120	1100	549
18	11423	678	831	387
19	12141	219	773	485
20	12380	977	835	539
21	13377	618	843	446
22	14035	638	555	442
23	14713	319	882	450
24	15052	1575	798	488
25	16666	219	733	449
26	16906	2273	781	449
27	19218	140	964	590
28	19398	518	1063	713
29	19956	1834	792	464
30	21830	120	697	359
31	21990	618	727	742
32	22647	459	813	499
33	23126	1475	776	521
34	24641	159	818	261
35	24820	538	838	150
36	25439	419	810	647
37	26017	638	808	494
38	26695	738	823	319
39	27452	160	805	183
40	27652	379	975	449
41	28070	179	1095	387
42	28309	219	432	619
43	28569	279	678	858
44	28888	279	929	846
45	29187	857	710	943
46	30104	219	426	1279
47	30343	120	443	1393
48	30483	179	447	1400
49	30722	1475	768	566
50	32277	299	826	819
51	32616	139	630	868
52	32795	758	638	226
53	33613	1455	794	505
54	35108	459	753	295
55	35586	199	794	168
56	35825	239	1003	554
57	36085	399	986	445
58	36543	538	645	775
59	37121	299	957	667
60	37460	1017	744	941
61	38517	1296	787	590
62	39833	379	798	451
63	40251	239	583	448
64	40531	698	496	705
65	41268	1296	775	506
66	42584	578	798	415
67	43202	698	587	678
68	43999	319	807	460
69	44518	1396	801	488
70	45933	578	719	654
71	46532	2093	792	530
72	48665	399	535	379
73	49103	339	660	783
74	49482	199	969	788
75	49721	678	1025	495
76	50738	379	900	410
77	51296	299	752	528
78	51615	678	831	399
79	52333	558	706	477
80	52911	319	710	488
81	53250	1097	788	475
82	54526	777	778	437
83	55324	439	697	666
84	55782	239	566	773
85	56061	279	1152	795
86	56380	179	815	982
87	56580	379	769	1008
88	57676	578	838	493
89	58274	917	731	502
90	59231	857	766	996
91	60128	1974	801	571
92	62122	199	674	764
93	62361	1116	716	380
94	63498	678	807	540
95	64195	817	744	578
96	65053	319	929	784
97	65411	140	932	540
98	65611	1196	405	734
99	66847	199	39	1021
100	67106	219	652	627
101	67505	598	761	505
102	68123	578	813	523
103	68721	658	836	660
104	69399	778	802	530
105	70196	1196	808	601
106	71432	319	946	394
107	71811	339	473	854
108	72190	339	605	995
109	72589	359	558	381
110	72987	279	663	227
111	73306	199	640	665
112	73526	160	645	575
113	73745	299	308	441
114	74104	219	653	659
115	74383	199	339	479
116	74642	279	1047	252
117	74941	199	929	353
118	75180	458	1095	687
119	75679	359	1162	402
120	76077	359	1028	651
121	76456	219	981	916
122	76735	1176	1090	642
123	77952	618	803	538
124	78749	179	792	537
125	78968	977	795	532
126	80005	159	481	757
127	80204	459	567	939
128	80683	877	565	927
129	81620	1136	799	635
130	82776	598	813	557
131	83414	259	1028	823
132	83733	299	583	914
133	84092	518	573	366
134	84650	399	814	188
135	85089	957	460	440
136	86345	379	746	582
137	86883	259	2110	992
138	87242	159	906	627
139	87441	439	778	543
140	87920	1116	882	220
141	89096	299	813	672
142	89455	1256	815	372
143	90731	319	901	306
144	91090	279	1228	186
145	91449	259	584	680
146	91728	339	833	706
147	92106	160	1096	943
148	92286	219	1096	939
149	92545	419	690	1010
150	92984	219	408	1028
151	93263	319	460	511
152	93622	319	519	216
153	93981	319	466	526
154	94359	1116	468	619
155	95516	1376	847	568
156	96931	179	854	561
157	97131	339	796	522
158	97489	937	692	583
159	98446	1635	802	534
160	100121	558	632	821
161	100739	758	821	490
162	101537	1176	768	652
163	102753	877	968	521
164	103650	259	860	549
165	104088	1336	792	547
166	105464	478	570	567
167	105982	2113	793	566
168	108135	259	635	380
169	108454	399	472	920
170	108913	259	821	723
171	109212	937	973	791
172	110189	419	791	565
173	110787	339	787	549
174	111146	518	797	599
175	111704	439	801	596
176	112183	1435	1034	723
177	113658	638	791	563
178	114316	718	913	588
179	115073	379	1018	845
180	115512	179	959	334
181	115711	957	880	314
182	116708	1794	796	500
183	118522	498	977	485
184	119061	179	968	489
185	119260	538	787	480
186	119818	1316	793	506
187	121154	917	858	456
188	122091	917	785	493
189	123028	319	742	544
190	123367	299	798	522
191	123686	219	796	485
192	123945	738	1006	424
193	124862	518	896	421
194	125400	1216	782	532
195	126657	538	1066	585
196	127235	2014	795	560
197	129288	140	907	374
198	129468	1216	940	236
199	130724	179	836	389
200	130943	1555	777	526
201	132538	738	497	568
202	133315	239	767	550
203	133714	1635	795	530
204	135389	339	889	192
205	135768	339	626	499
206	136146	379	726	861
207	136565	279	1027	715
208	136864	698	1106	768
209	137602	1017	858	589
210	138638	798	809	515
211	139456	817	701	536
212	140293	1575	792	555
213	141888	638	785	544
214	142566	279	638	946
215	142925	219	991	337
216	143204	239	486	490
217	143503	199	727	934
218	143722	160	661	974
219	143902	698	660	973
220	144619	219	666	973
221	144879	1974	798	565
222	146892	279	970	829
223	147231	1057	359	573
224	148328	1156	789	547
225	149504	578	744	559
226	150102	339	823	554
227	150481	339	512	670
228	150860	479	968	859
229	151398	279	1094	576
230	151717	379	946	292
231	152135	558	588	331
232	152714	299	563	511
233	153053	239	310	378
234	153332	379	472	796
235	153750	479	733	319
236	154269	319	1125	243
237	154627	219	1181	525
238	154947	319	1122	817
239	155305	160	959	802
240	155505	479	413	910
241	156023	359	659	805
242	156422	498	541	597
243	156940	239	559	696
244	157239	319	1104	465
245	157598	279	1003	323
246	157937	279	644	400
247	158236	199	556	403
248	158455	419	660	383
249	158894	279	673	448
250	159213	439	698	186
251	159691	359	888	305
252	160090	498	1183	334
253	160608	219	1137	389
254	160868	279	1139	658
255	161187	239	1168	883
256	161446	419	976	931
257	161904	578	737	990
258	162522	399	470	995
259	162981	379	371	815
260	163420	259	349	475
261	163719	279	370	259
262	164018	219	432	361
263	164277	459	690	340
264	164775	399	945	75
265	165234	239	1196	388
266	165493	399	1189	528
267	165932	199	1172	504
268	166171	339	1168	341
269	166530	359	1036	271
270	166909	259	1134	249
271	167188	299	1236	224
272	167507	299	1176	113
273	167845	379	904	420
274	168244	319	791	520
275	168603	658	1191	665
276	169301	219	1131	782
277	169600	379	720	893
278	170019	439	534	962
279	170477	319	378	975
280	170836	259	382	801
281	171135	458	359	589
282	171613	219	352	668
283	171873	339	650	689
284	172232	439	713	666
285	172710	499	951	776
286	173228	359	830	1030
287	173727	239	678	481
288	173986	797	641	372
289	174803	399	460	331
290	175222	578	629	359
291	175820	239	701	320
292	176099	399	532	183
293	176538	379	774	340
294	176936	120	784	338
295	177156	359	1104	500
296	177654	279	1102	566
297	177953	459	1151	649
298	178452	279	951	563
299	178771	459	672	578
300	179249	319	680	719
301	179588	459	533	727
302	180067	259	369	813
303	180366	479	444	1005
304	180904	399	1249	933
305	181342	638	1096	931
306	182020	339	889	1046
307	182399	279	745	802
308	182698	339	646	702
309	183057	439	655	620
310	183536	419	645	371
311	183974	1196	792	264
312	185210	319	807	236
313	185609	160	801	236
314	186048	897	828	354
315	186965	718	806	264
316	187722	159	637	345
317	187902	618	552	312
318	188560	219	724	365
319	189118	1396	815	518
320	190533	479	740	442
321	191052	2133	776	532
322	193205	678	894	549
323	193923	219	582	291
324	194162	279	478	230
325	194481	379	368	690
326	194879	299	306	589
327	195198	339	379	906
328	195557	179	426	877
329	195777	279	640	795
330	196096	439	957	850
331	196574	279	1283	914
332	196893	219	1185	620
333	197172	299	1162	272
334	197491	219	1076	317
335	197730	319	1176	398
336	198109	359	963	154
337	198488	239	1096	85
338	198767	359	757	136
339	199166	339	728	339
340	199525	877	645	338
341	200442	259	831	446
342	200721	379	779	553
343	201139	279	844	798
344	201498	618	1210	980
345	202176	419	788	1020
346	202655	478	376	945
347	203173	419	554	968
348	203612	319	557	1010
349	203951	179	469	1049
350	204170	359	786	931
351	204569	399	1135	773
352	205007	359	1243	657
353	205406	359	1061	619
354	205805	299	923	586
355	206164	279	1279	764
356	206483	379	1242	440
357	206901	419	1244	301
358	207360	379	1145	100
359	207778	259	732	100
360	208058	120	800	85
361	208197	199	800	78
362	208536	399	736	77
363	208975	339	371	118
364	209334	339	423	221
365	209712	279	510	407
366	210031	279	317	677
367	210370	219	420	972
368	210629	140	422	973
369	210809	219	531	928
370	211048	259	588	1041
371	211347	359	610	863
372	211726	279	637	893
373	212065	498	1053	1060
374	212603	339	947	994
375	212962	259	807	999
376	213241	479	820	979
377	213759	518	867	846
378	214298	259	806	823
379	214577	578	827	599
380	215175	100	815	584
381	215295	1216	889	544
382	216531	279	773	555
383	216869	299	1219	619
384	217188	359	1078	558
385	217567	439	1125	412
386	218046	1356	883	368
387	219421	259	804	368
388	219701	439	684	343
389	220159	758	649	476
390	220956	159	482	571
391	221156	219	637	451
392	221395	279	663	452
393	221794	678	675	434
394	222691	1216	772	434
395	223927	678	774	436
396	224665	259	1125	805
397	225004	219	762	95
398	225243	279	732	177
399	225542	379	835	394
400	225980	279	1198	846
401	226280	160	1260	854
402	226499	339	554	846
403	226858	219	663	777
404	227117	140	340	886
405	227276	259	353	898
406	227595	299	455	566
407	227934	678	498	379
408	228851	1874	813	479
409	230745	259	790	342
410	231024	239	675	232
411	231304	279	617	922
412	231603	439	529	928
413	232101	2133	791	499
414	234274	419	828	841
415	234733	179	1119	928
416	234972	239	1030	315
417	235251	598	751	375
418	235889	399	457	409
419	236347	239	593	737
420	236627	319	971	904
421	236966	877	864	750
422	237883	419	798	537
423	238481	1455	809	518
424	239976	299	717	291
425	240315	279	1088	415
426	240634	1096	1127	415
427	241770	199	867	486
428	242010	1096	776	526
429	243126	538	878	439
430	243684	618	909	378
431	244362	1096	787	532
432	245498	797	848	421
433	246336	459	608	444
434	246834	179	763	651
435	247053	379	1135	363
436	247512	120	421	247
437	247652	179	422	272
438	247891	339	842	899
439	248270	219	952	749
440	248549	319	405	875
441	248908	140	698	542
442	249227	159	905	495
443	249406	299	969	498
444	249725	658	972	491
445	250602	1236	769	517
446	251858	498	817	463
447	252376	160	818	455
448	252616	159	917	903
449	252795	379	951	944
450	253234	1595	807	568
451	254849	399	850	614
452	255287	120	1014	446
453	255447	738	1019	443
454	256224	1954	799	513
455	258218	1017	990	495
456	259275	259	767	516
457	259713	339	806	506
458	260092	857	807	501
459	260989	339	827	475
460	261368	578	372	505
461	261986	199	787	528
462	262445	1356	778	496
463	263820	219	894	462
464	264119	279	427	386
465	264478	160	714	398
466	264677	159	716	418
467	264877	319	984	420
468	265216	219	1072	402
469	265495	140	1235	435
470	265694	319	530	708
471	266033	239	417	841
472	266412	139	711	952
473	266591	219	1080	877
474	266831	618	1115	839
475	267508	1994	783	563
476	269542	1136	863	827
477	270698	1136	799	621
478	272054	459	791	564
479	272532	439	812	647
480	273130	239	1070	449
481	273489	459	944	775
482	273968	299	1055	973
483	274307	239	769	938
484	274586	299	434	822
485	274945	299	459	412
486	275284	439	738	337
487	275762	299	1210	411
488	276101	917	941	370
489	277297	1495	782	562
490	278812	359	793	488
491	279211	618	892	875
492	279969	797	812	578
493	280786	1136	794	606
494	281962	179	533	395
495	282162	638	481	363
496	283079	1794	774	562
497	284913	219	1039	722
498	285192	279	1117	274
499	285491	199	910	140
500	285750	459	560	532
501	286269	199	803	571
502	286508	578	929	906
503	287266	1415	787	563
504	288761	379	785	612
505	289179	837	915	824
506	290057	1794	799	581
507	291871	279	853	544
508	292190	638	560	830
509	292888	2034	791	558
510	294941	259	721	631
511	295240	359	594	890
512	295679	339	824	433
513	296078	199	984	149
514	296297	199	798	173
515	296556	259	597	865
516	296835	259	666	853
517	297154	339	549	342
518	297513	239	293	215
519	297812	518	826	537
520	298370	797	573	574
521	299208	100	804	532
522	299487	578	809	531
523	300085	459	781	617
524	300563	738	789	551
525	301341	479	1088	884
526	301839	459	1106	870
527	302357	2014	793	581
528	304411	259	493	945
529	304710	219	686	836
530	304989	299	607	463
531	305328	459	766	229
532	305806	1615	751	144
533	307461	1894	775	487
534	309415	339	1219	806
535	309794	339	708	884
536	310193	299	1042	349
537	310512	259	1019	394
538	310811	379	510	235
539	311249	259	1132	142
540	311568	379	355	105
541	312027	439	421	744
542	312485	1017	433	930
543	313562	459	648	599
544	314220	159	733	519
545	314419	479	1031	432
546	314957	279	1083	743
547	315276	279	1251	835
548	315575	419	1190	723
549	316054	459	1158	448
550	316532	339	1278	482
551	316991	339	1008	256
552	317350	199	1008	373
553	317589	518	673	197
554	318127	459	664	307
555	318606	359	755	348
556	319005	1057	889	513
557	320280	319	820	534
558	320659	100	1123	1090
559	320859	538	1335	1220
560	321636	439	821	590
561	322115	160	932	426
562	322294	359	1043	454
563	322693	459	1042	451
564	323191	1136	780	518
565	324487	658	957	427
566	325185	299	1088	606
567	325524	439	717	775
568	326022	678	713	968
569	326760	2133	796	582
570	328933	100	718	982
571	329052	160	722	995
572	329272	219	1079	758
573	329531	179	1203	659
574	329750	299	1128	481
575	330089	319	760	313
576	330428	917	704	530
577	331385	997	806	520
578	332402	618	785	536
579	333159	538	792	510
580	333718	1136	984	451
581	334874	2113	813	505
582	337027	1077	664	593
583	338164	279	346	976
584	338502	319	897	847
585	338861	179	798	851
586	339120	359	936	1050
587	339499	339	1014	752
588	339858	459	1060	478
589	340357	339	664	235
590	340755	837	1114	466
591	341632	558	797	507
592	342370	1256	801	530
593	343766	120	1094	424
594	343905	339	1188	372
595	344284	319	1148	685
596	344623	279	1162	894
597	344962	459	685	888
598	345460	299	471	913
599	345799	339	478	561
600	346198	299	700	233
601	346537	359	574	354
602	346936	798	503	379
603	348032	299	873	507
604	348351	877	793	539
605	349248	558	749	449
606	349846	598	1007	253
607	350963	259	786	624
608	351242	359	786	522
609	351641	797	818	334
610	352478	259	679	471
611	352757	179	735	679
612	352996	279	1128	582
613	353315	239	733	860
614	353575	538	659	1003
615	354173	2053	778	493
616	356246	120	704	579
617	356406	498	1012	740
618	356924	2113	872	593
619	359097	159	739	986
620	359276	100	741	990
621	359396	618	611	979
622	360054	259	804	522
623	360512	1555	789	580
624	362107	140	480	537
625	362267	339	384	510
626	362646	2093	778	566
627	364759	160	768	460
628	364958	598	1017	516
629	365776	279	775	544
630	366314	1316	786	536
631	367670	439	783	1003
632	368168	319	675	413
633	368507	2392	778	482
634	370919	399	789	558
635	371358	897	582	445
636	372295	259	779	507
637	372773	1595	784	512
638	374428	319	488	909
639	374807	738	993	939
640	375565	179	989	935
641	375804	897	779	554
642	376721	1236	780	574
643	377997	239	823	956
644	378256	359	1050	998
645	378695	239	621	531
646	378954	718	599	571
647	379711	778	785	560
648	380509	917	808	567
649	381446	299	787	581
650	381785	379	1020	524
651	382203	279	1011	522
652	382502	2173	810	570
653	384735	179	513	748
654	384955	379	581	534
655	385373	319	617	216
656	385712	299	693	506
657	386051	159	427	564
658	386250	1495	647	470
659	387766	199	765	490
660	388145	1515	777	535
661	389700	419	870	454
662	390158	299	627	530
663	390497	319	643	732
664	390856	359	957	653
665	391255	399	944	858
666	391713	578	653	447
667	392331	359	994	427
668	392730	299	755	436
669	393089	199	510	818
670	393348	299	1113	427
671	393667	479	1017	408
672	394165	399	798	371
673	394584	359	617	243
674	395003	379	501	710
675	395421	239	665	900
676	395700	259	866	994
677	396000	379	732	777
678	396398	439	728	746
679	396897	339	467	984
680	397256	578	371	1002
681	397913	618	1129	873
682	398591	319	1171	526
683	398930	399	1236	651
684	399369	299	1087	655
685	399708	439	937	640
686	400226	339	435	234
687	400605	259	1183	152
688	400904	379	901	133
689	401303	159	989	153
690	401502	379	707	141
691	401901	419	601	186
692	402359	538	743	374
693	402917	319	731	462
694	403256	319	685	619
695	403615	299	644	768
696	403934	558	681	890
697	404532	239	892	1023
698	404851	179	884	1016
699	405071	558	493	984
700	405669	279	428	870
701	405988	419	435	711
702	406426	339	473	609
703	406805	279	429	439
704	407124	279	491	238
705	407443	339	579	120
706	407842	299	1065	119
707	408161	598	1049	351
708	408779	459	885	359
709	409257	319	751	462
710	409596	399	758	536
711	410015	219	949	640
712	410394	239	977	636
713	410653	1176	1057	671
714	411869	2034	813	543
715	413922	259	947	543
