Data properties:
 
Recording date: 01/04/2008
Recording time : 10:50:21:278 (corresponds to time 0)
Study: AlasdairTPOnlyRoughness
Subject: IHH
Recording: IHH3
Screen resolution: 1600 x 1200
Coordinate unit: Pixels
 
 
Filter settings:
 
Eye: Average
Validity level: Normal
Fixation radius: 50
Min duration: 100
 
Fix number	Timestamp	Duration	GazepointX	GazepointY
 
1	82	120	493	730
2	242	1635	761	656
3	1897	498	782	618
4	2415	139	846	755
5	2575	558	827	794
6	3193	219	788	727
7	3432	1097	775	657
8	4548	219	792	698
9	4787	379	766	644
10	5186	598	729	752
11	6083	817	772	603
12	6921	618	760	548
13	7559	279	778	635
14	7937	498	691	545
15	8456	100	754	563
16	8775	1276	765	555
17	10071	319	769	653
18	10410	120	745	553
19	10569	518	832	801
20	11327	1416	765	546
21	12762	359	777	612
22	13260	160	584	726
23	13679	120	827	598
24	13839	140	728	464
25	14018	159	895	849
26	14197	439	905	731
27	14656	259	795	710
28	14955	140	859	411
29	15234	199	967	300
30	15473	279	1006	278
31	15932	279	760	526
32	16410	1475	768	522
33	17906	379	867	410
34	18324	299	874	786
35	18663	718	591	859
36	19540	1834	762	558
37	21394	738	860	606
38	22451	638	758	563
39	23109	379	847	568
40	23508	479	778	554
41	24026	239	919	590
42	24285	100	743	683
43	24425	199	1115	716
44	24664	359	943	443
45	25043	339	949	450
46	25422	159	819	472
47	25800	1495	756	571
48	27336	179	742	419
49	27774	140	819	524
50	27954	100	813	518
51	28133	578	579	470
52	28891	1834	746	526
53	30864	120	825	177
54	31064	239	860	134
55	31343	179	865	142
56	31821	1396	773	539
57	33237	299	792	632
58	33556	598	896	708
59	34174	139	790	648
60	34513	837	783	626
61	35370	239	820	633
62	35629	578	769	626
63	36247	140	812	560
64	36427	219	679	625
65	36666	3150	728	555
66	39836	658	686	709
67	40833	1017	771	621
68	41869	658	751	582
69	42567	159	1060	521
70	42866	199	877	675
71	43464	219	1203	521
72	43703	139	1167	588
73	44122	179	970	740
74	44341	259	839	729
75	44660	778	1088	900
76	45478	100	790	652
77	45876	1117	770	534
78	47013	439	785	608
79	47631	1216	715	907
80	48887	399	777	624
81	49306	1535	770	568
82	50861	638	625	588
83	51538	1675	762	577
84	53233	279	754	584
85	53532	159	607	492
86	53711	160	791	778
87	53891	100	653	876
88	54011	439	629	815
89	54768	1416	779	558
90	56204	279	775	624
91	56523	159	659	519
92	56802	140	709	194
93	56981	159	721	604
94	57180	279	793	736
95	57479	239	850	909
96	57878	199	1128	710
97	58117	140	1147	715
98	58297	179	1143	724
99	58935	957	780	573
100	59912	538	848	627
101	60470	778	927	625
102	61267	997	780	567
103	62284	259	786	596
104	62563	239	822	530
105	62823	1734	786	512
106	64736	957	766	546
107	65713	219	805	660
108	65972	339	821	491
109	66411	319	997	856
110	66750	160	838	797
111	66949	239	465	697
112	67228	379	855	814
113	67647	299	696	302
114	67966	259	801	369
115	68465	120	1137	478
116	68883	219	475	379
117	69142	120	546	464
118	69322	219	624	815
119	69561	419	756	892
120	70020	439	956	989
121	70518	299	470	989
122	70837	399	583	915
123	71256	219	523	1000
124	71495	319	582	924
125	71854	259	455	924
126	72133	179	630	1020
127	72352	319	988	865
128	72711	179	1191	895
129	73528	259	775	235
130	73827	419	620	237
131	74266	179	700	345
132	74485	379	443	384
133	74884	359	680	499
134	75263	199	676	606
135	75622	100	955	195
136	76319	439	800	146
137	76798	399	488	139
138	77256	518	1001	912
139	77815	319	854	800
140	78154	339	958	693
141	79150	179	968	578
142	79350	219	751	615
143	79589	598	818	656
144	80207	857	666	618
145	81084	239	551	610
146	81343	239	496	682
147	81603	259	422	661
148	81882	239	399	723
149	82141	299	646	858
150	82480	179	795	846
151	82679	319	752	888
152	83018	439	789	1002
153	83477	279	976	1024
154	83776	339	995	821
155	84135	379	1073	850
156	84533	239	1160	893
157	84812	140	1138	848
158	84972	459	1111	858
159	85450	558	1113	860
160	86068	279	756	644
161	86547	1495	771	582
162	88082	738	822	768
163	88840	100	785	713
164	89178	1675	777	611
165	90873	678	817	747
166	91770	1455	774	568
167	93245	419	806	667
168	93704	199	819	523
169	94043	638	505	424
170	95020	797	766	532
171	95837	518	761	625
172	96376	359	785	623
173	96754	239	585	607
174	97034	159	779	428
175	97213	518	733	404
176	97771	1196	772	560
177	98987	658	759	449
178	99665	698	653	417
179	100403	1396	769	553
180	101818	558	775	602
181	102396	100	670	472
182	102516	538	623	453
183	103273	837	777	537
184	104310	797	762	523
185	105128	239	684	476
186	105447	219	460	497
187	105706	339	745	414
188	106065	120	758	344
189	106224	219	937	162
190	106483	279	714	326
191	106782	379	583	343
192	107201	239	664	730
193	107480	219	854	782
194	107739	159	642	873
195	107939	299	937	839
196	108258	179	1071	793
197	108477	140	868	588
198	108656	977	1068	829
199	109892	1715	779	560
200	111627	319	746	743
201	111966	917	756	742
202	113042	1316	767	630
203	114398	777	678	977
204	115415	1655	782	585
205	117129	140	827	854
206	117289	638	901	926
207	118146	1475	772	572
208	119641	239	792	694
209	119921	120	1076	779
210	120060	159	1110	776
211	120239	479	1123	767
212	120758	897	786	622
213	121675	538	776	552
214	122253	279	835	666
215	122791	100	926	462
216	122931	120	924	457
217	123070	399	939	457
218	123549	1794	769	598
219	125742	159	511	626
220	125921	797	435	685
221	127237	219	729	624
222	127476	498	781	603
223	127995	419	781	545
224	128433	219	773	644
225	128673	598	587	876
226	129311	259	752	634
227	129590	618	769	534
228	130228	239	794	465
229	130487	498	755	528
230	131005	299	770	615
231	131324	219	732	569
232	131583	179	811	523
233	132062	339	853	945
234	132421	199	738	916
235	132660	100	569	693
236	132800	239	582	540
237	133079	219	831	586
238	133338	199	969	665
239	134335	359	957	417
240	134733	239	696	397
241	134992	798	579	410
242	136109	259	725	454
243	136408	1396	773	555
244	137823	100	771	559
245	137943	199	662	578
246	138182	100	599	702
247	138302	339	703	737
248	138701	937	823	479
249	139658	2173	769	532
250	141851	259	740	644
251	142130	359	826	630
252	142528	259	650	645
253	142808	199	740	899
254	143107	239	526	689
255	143386	100	536	501
256	143525	319	676	369
257	143864	299	790	292
258	144203	319	1018	556
259	144562	299	973	670
260	144901	279	864	811
261	145200	359	783	938
262	145599	159	1150	1022
263	145818	299	525	976
264	146177	299	473	657
265	146496	319	575	660
266	146855	618	545	367
267	147493	339	684	442
268	147852	558	829	556
269	148430	379	766	665
270	148828	419	838	694
271	149287	199	1086	517
272	149706	139	1141	438
273	150304	319	1020	297
274	150702	179	1013	360
275	151141	179	959	196
276	151340	778	808	302
277	152138	319	797	205
278	152477	279	760	292
279	152796	299	589	369
280	153115	459	525	233
281	153693	339	636	505
282	154072	120	696	917
283	154211	339	744	875
284	154570	259	688	984
285	154869	897	527	943
286	155806	339	1007	959
287	156165	239	1173	1029
288	156444	479	1165	897
289	156942	359	1111	901
290	157321	239	949	879
291	157680	279	853	854
292	157999	817	1072	885
293	158856	299	1094	734
294	159554	119	1109	723
295	159793	120	1053	716
296	159933	199	1157	694
297	160152	199	1075	629
298	160431	339	919	605
299	160790	219	834	614
300	161029	279	775	626
301	161348	319	940	667
302	161707	120	1021	575
303	161966	459	1034	582
304	162525	419	999	525
305	163203	159	1003	547
306	163422	199	1002	555
307	163641	757	869	519
308	164937	140	893	388
309	165097	120	885	392
310	165236	299	780	403
311	166333	100	1145	275
312	167030	239	1079	175
313	167808	120	1046	318
314	168187	179	1181	307
315	168386	219	1262	277
316	168625	160	1070	210
317	168805	120	897	159
318	168944	339	902	153
319	169303	359	801	106
320	169682	100	998	131
321	169921	359	606	174
322	170300	279	484	179
323	170599	339	433	228
324	170958	419	527	264
325	171396	638	438	330
326	172074	279	635	332
327	172373	459	552	417
328	172852	498	475	489
329	173370	718	478	548
330	174128	678	702	498
331	174845	678	485	610
332	175543	957	526	687
333	176520	658	612	664
334	177198	598	500	598
335	177816	279	434	702
336	178115	678	528	770
337	178813	738	452	897
338	179570	877	490	1018
339	180468	279	422	999
340	180786	578	557	1063
341	181404	179	909	1041
342	181604	399	1150	1071
343	182042	339	877	867
344	182401	259	776	781
345	182680	219	796	686
346	182920	100	796	701
347	183039	120	769	634
348	183179	199	842	546
349	183438	120	886	541
350	183578	359	783	577
351	183996	279	752	360
352	184295	159	654	369
353	184515	179	829	163
354	184714	100	812	182
355	184834	179	915	210
356	185432	219	1237	148
357	185671	120	1246	149
358	185850	179	1295	146
359	186090	159	706	674
360	186289	319	550	847
361	186628	1515	457	972
362	188163	1017	479	1012
363	189220	419	755	935
364	189658	578	745	875
365	190256	1336	587	813
366	191612	758	457	773
367	192409	518	560	572
368	192948	299	517	512
369	193287	419	383	578
370	193745	379	512	469
371	194144	199	454	477
372	194383	279	459	232
373	194682	199	410	290
374	194901	817	436	190
375	195759	219	667	138
376	195998	299	603	171
377	196317	339	494	245
378	196676	399	450	221
379	197095	439	437	199
380	197553	359	455	293
381	197932	478	586	356
382	198430	299	651	391
383	198749	439	700	456
384	199208	120	898	487
385	199347	199	925	485
386	199567	598	842	539
387	200264	419	653	284
388	200962	479	733	204
389	201780	299	969	328
390	202099	100	902	341
391	202238	339	605	139
392	202597	159	574	118
393	202796	279	827	61
394	203155	159	676	120
395	203335	319	546	84
396	203674	339	714	86
397	204092	459	796	140
398	204631	419	882	173
399	205308	100	1105	173
400	205807	139	1013	136
401	206146	379	970	95
402	206684	419	926	126
403	207123	239	962	180
404	207442	100	1023	304
405	207880	239	1059	325
406	208139	219	1276	319
407	208379	259	1258	285
408	208658	239	1201	175
409	208937	359	1168	81
410	209316	698	1241	128
411	210053	279	1224	400
412	210352	897	1111	553
413	211269	259	993	597
414	211548	299	899	596
415	211867	239	931	645
416	212147	279	1146	638
417	212446	179	1117	629
418	212665	219	1101	611
419	212964	199	1101	582
420	213263	259	1178	628
421	213562	419	1178	629
422	214001	439	1026	683
423	214459	179	1146	690
424	214679	638	1035	715
425	215356	499	1168	783
426	215875	120	1097	790
427	216034	319	1151	1051
428	216413	698	1126	770
429	217151	199	1175	824
430	217370	777	1163	895
431	218167	279	1173	992
432	218466	618	1175	1037
433	219124	498	976	989
434	219643	937	953	958
435	220600	299	907	1066
436	220919	439	990	1077
437	221397	219	806	987
438	221636	279	936	807
439	221935	678	1001	804
440	222633	399	984	855
441	223072	379	984	693
442	223470	479	917	648
443	223969	598	997	620
444	224587	339	991	461
445	224946	120	1007	326
446	225085	259	1016	317
447	225384	219	989	128
448	225644	100	980	127
449	225983	279	916	73
450	226282	618	837	86
451	226939	439	802	248
452	227398	319	819	305
453	227737	139	777	328
454	227896	498	849	336
455	228415	977	844	476
456	229411	498	840	550
457	229930	1475	858	636
458	231425	1695	860	749
459	233140	797	847	874
460	233957	618	855	923
461	234595	638	855	971
462	235273	479	858	1009
463	235771	1515	824	1063
464	237306	279	741	1059
465	237605	259	712	1023
466	237885	1077	723	949
467	238981	1396	712	843
468	240417	478	723	690
469	241074	857	724	733
470	241952	399	708	637
471	242370	758	691	566
472	243148	498	689	450
473	243666	299	694	385
474	243985	439	692	314
475	244444	439	657	199
476	244902	299	606	233
477	245221	239	601	148
478	245480	678	580	363
479	246178	478	589	521
480	246676	1077	589	583
481	247773	578	588	696
482	248371	1037	560	797
483	249448	259	777	815
484	249727	399	555	773
485	250145	1256	610	854
486	251421	738	564	936
487	252179	658	602	1005
488	252897	120	1096	1057
489	253176	997	593	971
490	254193	399	567	1036
491	254611	319	618	1060
492	254950	279	559	1067
493	255369	339	558	908
494	255767	259	561	446
495	256067	1136	499	151
496	257223	658	480	331
497	257901	359	513	417
498	258280	558	508	589
499	258858	6220	535	779
500	265257	1077	535	825
501	266354	478	576	851
502	266892	279	742	672
503	267191	439	886	634
504	267650	518	863	648
505	268188	479	747	664
506	268706	439	927	527
507	269205	219	575	744
508	269444	1455	545	811
509	270919	917	553	947
510	271856	897	558	1055
511	272773	319	453	1088
512	273112	219	419	1051
513	273352	399	427	977
514	273770	339	413	853
515	274129	678	434	778
516	274827	279	401	867
517	275126	279	449	888
518	275425	399	426	959
519	275843	837	451	860
520	276701	439	412	761
521	277179	359	403	543
522	277558	179	397	599
523	277757	917	451	564
524	278694	538	532	568
525	279253	379	623	588
526	279651	140	579	595
527	279811	359	444	443
528	280210	339	446	238
529	280569	538	517	283
530	281167	159	792	54
531	281346	239	783	52
532	281605	199	666	297
533	281824	140	570	490
534	282004	100	592	843
535	282124	1296	545	813
536	283439	299	782	874
537	283778	319	626	891
538	284117	359	543	845
539	284516	439	835	648
540	284974	179	774	652
541	285174	419	886	687
542	285612	997	1085	684
543	286629	598	1160	781
544	287247	279	1172	928
545	287546	578	1160	1048
546	288144	379	1186	981
547	288563	399	1058	958
548	288982	439	1224	966
549	289460	538	823	879
550	290138	758	548	807
551	290915	518	614	868
552	291474	299	792	537
553	291793	219	761	540
554	292032	259	562	569
555	292331	159	435	502
556	292510	738	582	509
557	293288	917	635	342
558	294225	159	562	347
559	294404	319	580	285
560	294743	179	525	286
561	294943	379	697	103
562	295341	1675	679	196
563	297076	120	769	737
564	297215	459	781	628
565	297814	1376	778	630
566	299209	100	872	709
567	299349	638	1121	744
568	300026	100	779	622
569	300345	179	730	566
570	300545	678	771	576
571	301243	937	795	654
572	302219	239	639	647
573	302479	299	875	689
574	302818	578	1010	961
575	303456	120	793	688
576	303794	658	778	586
577	304472	279	772	644
578	304771	718	788	560
579	305509	100	949	555
580	305649	538	579	358
581	306566	917	782	619
582	307503	299	760	537
583	307822	339	788	572
584	308180	179	642	505
585	308420	140	879	501
586	308599	139	698	748
587	308759	199	631	1001
588	309018	159	944	720
589	309197	339	971	647
590	309576	159	978	1059
591	309756	179	976	970
592	309975	219	830	811
593	310234	259	713	551
594	310533	120	697	150
595	310732	100	593	125
596	310872	179	789	178
597	311071	179	1157	140
598	311330	359	803	105
599	311729	259	756	479
600	312008	279	684	517
601	312307	179	643	570
602	312527	259	800	623
603	312826	279	592	718
604	313145	239	391	674
605	313424	239	629	856
606	313683	160	682	863
607	313882	1196	488	868
608	315138	140	763	670
609	315497	1754	771	598
610	317271	917	843	544
611	318547	199	809	570
612	318767	1276	777	561
613	320083	120	928	535
614	320242	239	494	824
615	320621	159	471	741
616	320800	698	428	737
617	321538	558	765	635
618	322116	140	901	616
619	322276	159	787	593
620	322634	897	757	580
621	323571	219	583	677
622	323831	139	459	807
623	324010	179	678	525
624	324229	199	714	690
625	324449	120	781	798
626	324628	778	576	356
627	325445	479	780	625
628	326004	219	1781	851
629	326263	159	1862	1168
630	326502	658	745	568
631	327180	199	767	642
632	327399	100	721	597
633	327519	159	684	544
634	327698	140	544	704
635	327858	757	421	665
636	328675	359	242	1279
637	329293	199	562	488
638	329532	917	773	607
639	330489	658	635	542
640	331167	339	749	590
641	331805	817	740	575
642	332642	498	682	477
643	333181	120	847	684
644	333320	718	902	742
645	334098	219	1653	921
646	334357	179	1835	993
647	334596	120	783	658
648	334776	219	433	1291
649	335075	140	891	684
650	335234	259	792	630
651	335533	478	758	525
652	336032	399	581	515
653	336470	259	1103	470
654	336769	259	615	544
655	337547	120	830	616
656	337686	1316	775	560
657	339022	658	604	517
658	339700	359	760	593
659	340079	1256	776	545
660	341355	299	803	634
661	341674	120	766	548
662	341833	778	1200	619
663	343089	1595	771	584
664	344724	738	907	844
665	345502	578	810	649
666	346100	159	771	580
667	346498	897	768	601
668	347415	179	886	746
669	347615	977	1011	684
670	349010	778	772	559
671	349808	379	856	560
672	350207	239	793	603
673	350466	558	717	734
674	351044	219	783	674
675	351283	1754	781	605
676	353097	319	855	723
677	353436	219	695	756
678	353675	758	549	787
679	354493	120	715	678
680	355131	419	765	594
681	355569	738	752	645
682	356327	1475	635	684
683	357822	877	784	582
684	358719	777	783	612
685	359517	199	710	629
686	359736	199	591	634
687	359975	179	987	582
688	360175	140	977	583
689	360374	179	924	686
690	360653	159	1121	372
691	360853	140	1260	166
692	361032	299	603	226
693	361351	279	777	285
694	361650	120	734	454
695	361889	658	900	231
696	363085	299	817	634
697	363444	1057	785	527
698	364521	718	676	531
699	365259	339	750	552
700	365916	1435	778	530
701	367392	159	639	614
702	367591	777	671	828
703	369146	1216	773	554
704	370482	379	738	785
705	370881	379	832	703
706	371299	279	670	818
707	371618	179	708	329
708	371818	239	615	444
709	372097	419	857	298
710	372555	199	999	800
711	372794	877	1051	912
712	374330	837	776	626
713	375187	458	793	505
714	375665	120	698	439
715	375805	817	669	370
716	377280	1376	780	526
717	378676	120	782	493
718	378835	159	778	347
719	379035	219	751	910
720	379314	1017	481	526
721	380390	1774	781	538
722	382185	140	772	590
723	382364	279	889	355
724	382683	1156	715	826
725	384617	1196	782	553
726	385992	239	667	753
727	386272	857	1032	810
728	387169	1136	775	634
729	388345	718	797	568
730	389102	160	982	813
731	389282	120	1037	853
732	389461	239	875	410
733	389721	1535	1088	458
734	391296	1216	789	605
735	392532	199	975	567
736	392751	140	1050	596
737	392930	259	575	514
738	393249	279	842	428
739	393568	179	685	402
740	393768	299	753	300
741	394107	219	1005	161
742	394366	259	468	380
743	394645	120	532	463
744	394824	419	686	788
745	395283	319	701	452
746	395622	199	746	530
747	395861	100	821	1088
748	395981	259	803	964
749	396280	160	1018	967
750	396459	100	1055	996
751	396619	339	737	786
752	396977	359	811	630
753	397356	319	699	592
754	397695	179	627	501
755	397894	917	586	467
756	398832	439	702	314
757	399310	439	1019	113
758	399808	139	983	160
759	399988	598	1162	332
760	400606	399	1182	172
761	401025	179	1081	119
762	401264	419	572	179
763	401702	379	525	366
764	402101	120	497	293
765	402261	498	433	179
766	402799	279	412	375
767	403118	339	416	559
768	403477	299	452	625
769	403796	1097	542	709
770	404932	678	514	929
771	405630	379	455	993
772	406049	518	749	1017
773	406587	299	903	1062
774	406926	618	732	950
775	407564	279	696	908
776	407883	239	935	923
777	408142	279	1040	1012
778	408461	179	935	1004
779	408680	319	1161	796
780	409019	219	1090	780
781	409258	299	902	674
782	409597	399	738	731
783	410016	399	792	635
784	410435	319	981	628
785	410793	299	549	706
786	411112	339	634	712
787	411471	160	710	754
788	411651	199	612	764
789	411870	359	612	517
790	412269	239	938	468
791	412528	239	851	447
792	412787	379	753	399
793	413345	319	944	502
794	413684	718	878	648
795	414442	518	1107	716
796	414980	299	1205	783
797	415299	140	1093	889
798	415459	359	1158	819
799	415857	379	907	985
800	416276	538	1098	991
801	416834	259	1105	927
802	417113	738	1004	911
803	417871	199	1150	883
804	418090	179	1076	836
805	418290	239	1064	782
806	418569	319	1082	590
807	418927	598	1174	408
808	419565	279	1080	194
809	419864	379	1016	358
810	420283	299	789	383
811	420602	219	830	414
812	420861	299	953	568
813	421180	219	888	581
814	421420	279	653	500
815	421719	239	717	434
816	421978	199	764	396
817	422217	279	505	620
818	422516	140	582	732
819	422675	379	535	724
820	423074	359	583	823
821	423453	2153	547	740
822	425646	379	627	518
823	426045	439	644	751
824	426503	299	769	846
825	426822	658	719	963
826	427520	299	550	940
827	427839	538	510	1047
828	428417	459	1020	1039
829	428896	159	996	1048
830	429095	339	1134	906
831	429454	419	938	1008
832	429912	797	1224	805
833	431009	120	1157	333
834	431408	319	725	112
835	431747	259	609	138
836	432026	379	476	182
837	432424	179	498	314
838	432624	399	643	425
839	433062	219	781	384
840	433302	319	746	328
841	433640	140	771	317
842	433800	199	644	277
843	434019	1017	562	463
844	435076	139	803	595
845	435236	718	757	550
846	435973	339	826	630
847	436332	139	799	687
848	436492	698	699	763
849	437209	219	869	747
850	437668	219	893	716
851	437927	239	1064	726
852	438206	279	1216	549
853	438505	359	1072	580
854	438904	459	1181	420
855	439422	100	1097	461
856	439661	219	955	346
857	440100	179	1057	306
858	440299	159	1159	237
859	440479	578	1195	245
860	441177	179	1043	238
861	441396	817	1252	112
862	442253	159	954	173
863	442433	239	963	156
864	442692	359	859	145
865	443090	140	819	246
866	443250	100	819	260
867	443370	199	813	258
868	443589	139	751	218
869	443768	120	882	92
870	443908	239	889	112
871	444187	179	877	98
872	444386	419	725	171
873	444825	359	701	238
874	445204	160	918	117
875	445383	199	929	131
876	445702	498	740	175
877	446221	538	726	230
878	446779	1455	610	248
879	448254	1097	424	214
880	449390	259	450	443
881	449670	199	498	411
882	449889	618	397	478
883	450527	259	551	496
884	450806	319	467	441
885	451165	299	587	419
886	451484	299	661	417
887	451803	259	613	430
888	452082	439	717	408
889	452600	758	799	432
890	453378	139	877	432
891	453697	140	972	453
892	453856	199	969	463
893	454095	618	1134	513
894	454733	558	1052	493
895	455431	159	1002	517
896	455611	219	1016	511
897	455930	239	1079	441
898	456209	678	1195	422
899	456906	199	1232	551
900	457146	139	1221	556
901	457325	159	1175	666
902	457524	219	1226	796
903	457764	199	1121	928
904	458003	199	713	998
905	458222	259	841	1028
906	458521	658	717	792
907	459199	239	761	600
908	459458	199	1009	611
909	459678	399	1199	570
910	460096	3529	1084	620
911	463645	478	975	625
912	464183	598	1056	627
913	464801	219	1057	626
914	465060	538	895	623
915	465639	239	757	608
916	465898	558	634	610
917	466496	718	480	653
918	467233	598	440	683
919	467891	179	920	684
920	468091	917	1069	662
921	469028	259	1048	635
922	469307	379	1049	635
923	469706	1037	1019	625
924	470782	179	645	630
925	471002	279	431	683
926	471301	319	530	677
927	471659	339	377	686
928	472018	299	546	721
929	472337	239	628	724
930	472596	279	562	753
931	472915	1515	695	784
932	474450	419	764	739
933	474889	658	908	751
934	475587	498	1083	732
935	476125	339	1223	763
936	476584	419	1239	783
937	477022	259	1101	840
938	477301	439	1150	853
939	477760	379	871	822
940	478159	618	918	841
941	478797	678	737	868
942	479514	658	848	848
943	480192	399	678	875
944	480611	199	576	875
945	480830	219	540	921
946	481069	259	542	835
947	481388	239	602	849
948	481668	159	598	848
949	481847	299	366	871
950	482166	399	486	885
951	482585	259	559	914
952	482864	518	684	927
953	483422	379	420	942
954	483821	459	492	963
955	484299	120	449	951
956	484459	299	526	1055
957	484798	339	874	1004
958	485156	339	989	968
959	485535	558	935	932
960	486133	399	463	942
961	486672	160	379	949
962	486851	259	431	979
963	487130	299	558	981
964	487449	239	628	977
965	487728	279	772	974
966	488027	359	924	977
967	488665	120	1052	989
968	488864	199	1155	989
969	489243	419	1215	1023
970	489702	339	934	1044
971	490061	259	881	1064
972	490340	498	553	1045
973	490858	140	387	1034
974	491058	100	388	1036
975	491177	179	457	1099
976	491416	239	776	1104
977	491696	259	1165	1068
978	491995	179	1191	838
979	492194	159	1202	794
980	492393	299	737	659
981	492712	558	846	680
982	493291	100	729	584
983	493430	159	784	373
984	493609	140	780	379
985	493789	279	737	297
986	494088	459	667	288
987	494566	339	517	249
988	494925	797	400	263
989	495763	459	432	575
990	496261	319	622	612
991	496600	299	752	572
992	497816	140	820	355
993	497976	299	1119	216
994	498394	459	1282	74
995	498893	299	736	81
996	499212	239	800	187
997	499471	120	767	279
998	499610	100	751	291
999	499770	299	964	83
1000	500129	120	872	181
1001	500288	359	918	182
1002	500727	279	783	207
1003	501106	518	735	201
1004	501783	1156	579	242
1005	502960	299	481	250
1006	503279	2153	394	226
1007	505452	339	398	153
1008	505811	179	509	127
1009	506030	100	560	461
1010	506150	279	561	363
1011	507226	120	629	181
1012	507386	758	517	317
1013	508163	319	379	306
1014	508502	299	499	332
1015	508821	279	708	383
1016	509120	299	752	374
1017	509459	279	1077	370
1018	509758	359	1179	400
1019	510276	120	1187	412
1020	510595	299	907	350
1021	510914	179	848	402
1022	511193	419	1026	386
1023	511632	618	1176	383
1024	512270	399	1234	463
1025	512689	239	1238	528
1026	512948	259	1217	779
1027	513267	299	1089	506
1028	513586	419	1139	585
1029	514024	478	1068	608
1030	514523	678	881	599
1031	515221	518	774	549
1032	515759	319	760	597
1033	516098	1455	659	618
1034	517573	359	662	604
1035	517952	1096	506	640
1036	519068	877	381	709
1037	519965	578	506	757
1038	520583	419	661	778
1039	521022	618	556	810
1040	521660	379	484	835
1041	522059	199	448	925
1042	522298	339	689	951
1043	522657	877	520	1004
1044	523554	518	632	1048
1045	524112	219	796	1043
1046	524351	279	838	1003
1047	524670	578	999	1035
1048	525268	698	920	1012
1049	526006	299	768	1046
1050	526325	159	824	1054
1051	526505	279	657	1078
1052	526824	219	1008	1056
1053	527163	259	1175	993
1054	527561	379	1225	794
1055	527980	837	1070	975
1056	528857	897	1167	1060
1057	529774	239	1122	948
1058	530033	159	1066	820
1059	530233	159	1080	716
1060	530412	179	1232	781
1061	530631	259	1039	800
1062	530910	399	990	801
1063	531329	399	1100	785
1064	531748	359	1030	899
1065	532246	319	1122	633
1066	532605	618	1124	617
1067	533343	957	1057	629
1068	534320	558	977	597
1069	534898	538	988	736
1070	535456	179	1053	677
1071	535655	100	1097	633
1072	535775	857	1068	624
1073	536652	419	1079	476
1074	537171	1276	1073	612
1075	538486	479	1082	790
1076	538985	179	926	747
1077	539204	518	876	595
1078	539742	219	950	564
1079	540061	319	1080	504
1080	540540	160	1090	244
1081	540719	279	1107	244
1082	541018	120	1114	258
1083	541178	120	1178	448
1084	541337	219	1176	458
1085	541796	120	1137	526
1086	542155	259	1238	603
1087	542514	359	1244	788
1088	542892	259	1171	924
1089	543171	339	1146	1036
1090	543530	758	1133	891
1091	544308	578	1214	795
1092	544906	578	1163	945
1093	545604	319	1206	358
1094	545963	279	1192	209
1095	546282	439	1179	418
1096	546760	538	1250	99
1097	547318	359	1140	178
1098	547697	299	1273	209
1099	548036	479	1027	204
1100	548554	239	912	235
1101	548813	219	755	289
1102	549073	738	964	80
1103	549830	399	1060	216
1104	550249	100	1063	207
1105	550368	279	1020	279
1106	550668	379	983	342
1107	551066	219	983	401
1108	551306	100	868	210
1109	551425	140	857	225
1110	551585	100	871	133
1111	551724	459	884	84
1112	552223	439	797	317
1113	552701	259	741	287
1114	552980	797	646	273
1115	553818	339	495	152
1116	554176	598	545	194
1117	554794	2791	396	221
1118	557665	698	510	418
1119	558383	359	616	470
1120	558782	558	746	426
1121	559360	179	624	405
1122	559579	239	491	491
1123	559838	538	439	490
1124	560396	419	537	607
1125	560835	140	480	615
1126	560995	239	537	554
1127	561274	299	464	714
1128	561593	538	537	719
1129	562151	359	478	787
1130	562530	319	442	886
1131	562869	977	478	972
1132	563866	259	574	929
1133	564144	279	506	966
1134	564444	159	453	968
1135	564643	658	706	942
1136	565341	279	589	1002
1137	565660	518	462	1029
1138	566238	578	384	701
1139	566836	339	384	752
1140	567314	179	350	148
1141	567534	299	451	147
1142	567853	299	694	113
1143	568172	319	809	70
1144	568511	259	740	177
1145	568810	279	615	63
1146	569129	319	1180	63
1147	569468	259	1107	217
1148	569767	817	1174	381
1149	570624	359	928	544
1150	571023	179	1052	606
1151	571242	419	901	754
1152	571681	638	942	939
1153	572339	199	1047	1034
1154	572578	399	800	1054
1155	572996	498	765	1003
1156	573535	299	635	1087
1157	573874	239	577	767
1158	574133	179	689	791
1159	574332	618	566	810
1160	574990	299	675	773
1161	575309	339	565	743
1162	575668	439	684	730
1163	576126	359	870	742
1164	576505	219	762	752
1165	576744	578	727	640
1166	577343	179	676	738
1167	577542	459	581	757
1168	578020	857	529	758
1169	579017	100	424	738
1170	579157	319	396	747
1171	579516	837	525	932
1172	580393	538	662	1046
1173	580951	219	609	1011
1174	581210	120	865	1020
1175	581350	199	861	1026
1176	581569	558	1037	1042
1177	582247	179	1196	1059
1178	582466	558	1179	841
1179	583064	399	1233	915
1180	583483	459	1222	793
1181	583981	518	829	633
1182	584520	299	963	716
1183	584839	399	1030	652
1184	585257	179	915	525
1185	585457	239	998	607
1186	585835	479	837	450
1187	586334	439	827	604
1188	586792	219	806	674
1189	587032	479	797	599
1190	587550	1176	686	566
1191	588746	777	689	704
1192	589544	259	551	727
1193	589823	259	413	895
1194	590102	937	495	1039
1195	591079	439	377	1051
1196	591557	299	356	662
1197	592036	299	444	303
1198	592375	179	560	287
1199	592634	239	877	98
1200	592913	279	1217	130
1201	593272	159	1147	318
1202	593451	279	1221	271
1203	593810	160	1003	433
1204	594010	139	1167	418
1205	594169	159	1214	484
1206	594348	239	1099	419
1207	594607	299	1136	398
1208	594946	837	754	354
1209	595824	419	737	247
1210	596262	399	706	165
1211	596681	199	742	330
1212	596900	140	730	335
1213	597080	339	714	429
1214	597538	159	996	462
1215	597718	199	967	707
1216	597937	199	1205	760
1217	598156	219	1072	797
1218	598415	837	772	676
1219	599273	139	813	642
1220	599452	598	616	471
1221	600070	179	393	369
1222	600349	159	353	97
1223	600549	458	633	74
1224	601047	259	883	108
1225	601426	140	1142	60
1226	602522	359	639	372
1227	602901	159	579	455
1228	603100	738	454	555
1229	603878	618	580	802
1230	604516	179	541	734
1231	604755	359	564	821
1232	605154	458	851	915
1233	605652	299	1099	894
1234	605991	319	985	1028
1235	606350	199	1193	1066
1236	606589	279	969	782
1237	606888	179	865	774
1238	607088	598	688	767
1239	607706	758	578	825
1240	608503	319	1024	800
1241	608842	459	925	891
1242	609341	299	1126	827
1243	609659	100	1139	856
1244	609779	478	998	845
1245	610278	359	892	864
1246	610696	299	1030	796
1247	611055	538	1102	785
1248	611613	179	1138	909
1249	611833	578	890	808
1250	612451	179	718	760
1251	612650	239	643	807
1252	612909	778	560	823
1253	613786	299	689	884
1254	614105	339	522	946
1255	614464	399	784	959
1256	614883	578	846	1004
1257	615501	159	769	829
1258	615760	1037	769	818
1259	616817	339	726	853
1260	617196	558	931	853
1261	617774	140	991	822
1262	617953	359	1192	786
1263	618332	199	1084	768
1264	618551	179	954	710
1265	618750	199	834	718
1266	618990	1017	768	870
1267	620026	598	777	918
1268	620644	299	700	872
1269	620964	538	624	873
1270	621522	419	563	862
1271	621960	259	655	816
1272	622239	857	709	798
1273	623117	239	727	926
1274	623376	778	778	1005
1275	624173	578	679	1059
1276	624771	1256	836	914
1277	626127	319	810	935
1278	626466	957	858	832
1279	627443	917	799	794
1280	628400	618	757	775
1281	629038	518	830	841
1282	629596	100	824	885
1283	629895	120	916	883
1284	630094	120	878	936
1285	630254	159	878	921
1286	630553	439	1007	972
1287	631211	319	659	817
1288	631550	179	753	857
1289	631769	917	843	1034
1290	632706	3369	787	928
1291	636095	638	800	922
1292	636773	120	790	674
1293	637092	319	790	661
1294	637670	259	789	655
1295	637949	279	774	618
1296	638248	120	767	583
1297	638468	379	760	632
1298	638866	917	617	656
1299	639803	538	753	654
1300	640362	1475	769	623
1301	641857	698	698	731
1302	642575	2233	771	673
1303	644847	100	615	804
1304	644987	698	619	996
1305	645984	1077	778	667
1306	647080	179	754	766
1307	647280	139	775	717
1308	647439	339	785	656
1309	647918	160	727	914
1310	648097	279	708	866
1311	648496	837	734	549
1312	649552	1017	767	593
1313	650589	1196	747	590
1314	651805	718	706	630
1315	652543	219	951	762
1316	652802	120	914	360
1317	652942	179	919	376
1318	653141	179	886	505
1319	653340	977	724	491
1320	654337	120	763	568
1321	654696	1675	775	623
1322	656391	777	672	815
1323	657188	239	788	648
1324	657746	917	768	605
1325	658683	279	766	656
1326	658982	219	768	610
1327	659222	219	719	680
1328	659481	279	836	799
1329	659780	279	946	791
1330	660158	199	842	277
1331	660398	239	814	495
1332	660697	120	797	1067
1333	660836	159	784	977
1334	661016	179	905	912
1335	661215	638	936	877
1336	661893	120	940	874
1337	662252	1336	784	591
1338	663608	479	774	584
1339	664266	459	1092	346
1340	665123	199	908	468
1341	665342	1136	778	555
1342	666498	319	762	624
1343	666937	239	806	389
1344	667216	817	666	277
1345	668352	299	728	444
1346	668691	1136	775	615
1347	669848	1116	821	564
1348	670984	259	801	575
1349	671502	1455	796	578
1350	672978	319	861	705
1351	673337	139	681	820
1352	673516	219	520	977
1353	673755	100	534	885
1354	673895	199	926	904
1355	674114	159	736	1069
1356	674413	1256	1090	761
1357	676267	658	776	633
1358	676945	239	721	507
1359	677204	558	775	577
1360	677782	160	730	549
1361	678002	758	761	356
1362	678799	1316	771	565
1363	680155	259	795	410
1364	680434	179	764	551
1365	680673	140	886	355
1366	680833	319	924	379
1367	681172	299	937	382
1368	681590	339	768	618
1369	682129	578	784	504
1370	682747	139	823	278
1371	683006	498	764	414
1372	683524	120	815	432
1373	683664	199	624	444
1374	683903	638	1051	532
1375	684561	100	1058	554
1376	684880	259	873	577
1377	685159	718	767	623
1378	685916	518	824	511
1379	686455	179	803	663
1380	686674	139	530	570
1381	686853	179	777	477
1382	687053	239	919	427
1383	687312	199	783	441
1384	687531	179	649	424
1385	687731	159	831	429
1386	687910	1017	786	449
1387	688967	638	753	694
1388	689645	359	762	955
1389	690023	199	991	929
1390	690263	319	1111	587
1391	690602	299	1042	335
1392	690920	239	955	379
1393	691200	359	596	216
1394	691598	299	523	302
1395	691917	459	536	470
1396	692416	120	564	771
1397	692555	239	539	709
1398	692834	459	725	722
1399	693313	140	767	734
1400	693492	259	984	807
1401	693771	179	1119	811
1402	693971	319	932	960
1403	694310	120	872	995
1404	694469	120	541	985
1405	694848	459	626	975
1406	695326	578	486	861
1407	695944	319	429	432
1408	696283	179	522	409
1409	696503	259	452	255
1410	696802	199	477	169
1411	697041	199	634	229
1412	697260	199	717	222
1413	697480	140	799	152
1414	697719	159	1060	198
1415	697898	199	1053	208
1416	698118	479	1153	236
1417	698616	259	1212	304
1418	698915	140	1221	337
1419	699174	160	1082	422
1420	699374	179	1039	573
1421	699573	120	1020	587
1422	699732	259	1219	577
1423	700032	199	916	662
1424	700251	279	876	642
1425	700550	219	784	593
1426	700789	319	775	531
1427	701128	897	709	498
1428	702065	299	697	609
1429	702384	638	829	656
1430	703062	299	1090	678
1431	703381	618	997	662
1432	704019	219	952	665
1433	704258	140	1064	757
1434	704457	1575	995	770
1435	706052	817	873	728
1436	706890	518	825	712
1437	707448	439	1127	780
1438	707906	199	1116	835
1439	708126	917	1183	859
1440	709063	1097	1056	848
1441	710179	1077	1102	897
1442	711276	319	1007	921
1443	711674	399	920	909
1444	712093	139	903	913
1445	712252	319	879	802
1446	712591	518	810	776
1447	713130	678	583	862
1448	713907	339	900	944
1449	714266	399	980	990
1450	714685	159	1020	1021
1451	714864	259	879	1009
1452	715143	219	903	1081
1453	715422	159	747	1001
1454	715602	259	681	923
1455	715881	598	790	986
1456	716499	259	825	1008
1457	716798	459	778	723
1458	717276	199	748	756
1459	717595	259	800	818
1460	717875	518	700	909
1461	718433	758	727	1013
1462	719210	359	652	898
1463	719589	538	623	813
1464	720147	837	469	775
1465	721005	498	443	870
1466	721523	538	458	1009
1467	722081	439	473	1062
1468	722639	219	605	981
1469	722938	139	591	716
1470	723098	279	467	629
1471	723397	578	602	636
1472	724015	518	639	388
1473	724553	299	603	515
1474	724892	379	566	695
1475	725291	618	408	594
1476	725949	359	399	327
1477	726328	359	495	326
1478	726706	259	571	509
1479	726986	439	546	570
1480	727444	778	674	591
1481	728242	259	649	530
1482	728700	359	589	330
1483	729079	518	545	372
1484	729637	259	506	248
1485	729936	219	438	167
1486	730195	479	684	181
1487	730694	239	784	259
1488	730993	259	834	325
1489	731272	199	746	377
1490	731591	439	420	275
1491	732049	140	393	219
1492	732229	239	569	198
1493	732488	299	694	158
1494	732827	179	977	145
1495	733046	160	964	159
1496	733425	598	752	365
1497	734043	1735	778	424
1498	735797	120	782	372
1499	735937	279	787	303
1500	736236	239	736	236
1501	736635	578	794	167
1502	737233	518	787	239
1503	737771	259	723	155
1504	738070	219	892	129
1505	738309	359	841	145
1506	738828	279	853	129
1507	739127	359	862	149
1508	739546	120	783	734
1509	739685	379	782	642
1510	740084	518	767	576
1511	740622	538	778	647
1512	741380	319	786	595
1513	741719	159	783	515
1514	741918	199	610	572
1515	742197	100	692	877
1516	742337	239	984	758
1517	742695	957	526	872
1518	743692	120	749	687
1519	744131	1874	782	546
1520	746065	159	1106	641
1521	746264	239	976	755
1522	746543	239	1132	938
1523	746922	179	1027	729
1524	747141	359	602	935
1525	747520	179	488	856
1526	747759	239	519	352
1527	748018	199	595	278
1528	748377	977	584	200
1529	749693	319	804	613
1530	750032	1316	777	564
1531	751368	279	785	451
1532	751667	179	1012	395
1533	751886	179	1011	364
1534	752285	219	1010	348
1535	752723	239	1848	429
1536	753142	279	774	393
1537	753441	518	792	507
1538	754139	339	788	569
1539	754498	499	727	433
1540	755016	279	651	539
1541	755315	140	562	599
1542	755515	179	466	266
1543	755714	239	559	186
1544	755993	219	898	233
1545	756392	139	918	433
1546	756551	179	927	428
1547	756790	100	947	998
1548	756910	239	887	892
1549	757169	339	687	838
1550	757528	100	949	864
1551	757668	1396	867	775
1552	759622	1475	788	606
1553	761137	279	824	745
1554	761436	977	767	637
1555	762432	259	814	733
1556	762732	120	731	602
1557	762871	199	764	620
1558	763090	319	636	900
1559	763509	159	827	792
1560	763689	139	805	723
1561	763848	419	766	633
1562	764307	299	786	305
1563	764646	1415	538	364
1564	766440	239	729	473
1565	766699	1356	772	573
1566	768094	339	738	498
1567	768453	219	903	613
1568	768732	140	618	878
1569	768892	917	614	954
1570	769869	239	770	671
1571	770626	758	771	564
1572	771404	399	802	486
1573	771823	100	739	401
1574	771962	179	594	655
1575	772162	877	648	648
1576	773736	1495	775	537
1577	775252	100	863	581
1578	775371	100	892	823
1579	775491	658	877	785
1580	776448	1356	781	583
1581	777843	299	719	459
1582	778182	439	396	524
