Data properties:
 
Recording date: 01/04/2008
Recording time : 11:06:10:825 (corresponds to time 0)
Study: AlasdairTPOnlyRoughness
Subject: IHH
Recording: IHH4
Screen resolution: 1600 x 1200
Coordinate unit: Pixels
 
 
Filter settings:
 
Eye: Average
Validity level: Normal
Fixation radius: 50
Min duration: 100
 
Fix number	Timestamp	Duration	GazepointX	GazepointY
 
1	76	180	837	523
2	275	618	774	648
3	1053	419	775	564
4	1491	259	788	649
5	1771	638	776	531
6	2548	219	1077	483
7	2827	239	595	836
8	3106	219	685	585
9	3346	638	561	590
10	4003	279	760	609
11	4522	1515	783	572
12	6077	518	609	781
13	6635	100	785	666
14	6954	578	778	578
15	7552	219	767	552
16	7791	439	777	527
17	8250	459	776	581
18	8728	279	735	642
19	9027	179	655	642
20	9227	179	611	915
21	9586	797	880	434
22	10403	598	773	616
23	11220	877	792	503
24	12118	179	790	608
25	12317	120	798	584
26	12576	279	767	350
27	12875	379	932	549
28	13274	1894	787	545
29	15208	857	893	729
30	16105	638	793	620
31	16763	1097	774	528
32	17899	279	766	405
33	18198	299	944	625
34	18597	499	830	768
35	19135	219	497	927
36	19374	140	581	911
37	19534	897	598	983
38	20730	518	820	585
39	21268	499	771	522
40	21807	219	804	662
41	22046	239	779	641
42	22305	219	775	566
43	22564	179	612	728
44	22784	538	454	616
45	23760	1615	787	566
46	25395	877	903	642
47	26292	140	819	604
48	26731	1077	775	606
49	27827	259	830	580
50	28107	219	796	572
51	28346	817	600	565
52	29203	1176	782	546
53	30399	538	780	562
54	30978	578	953	762
55	31875	797	813	602
56	32692	857	805	580
57	33589	100	895	670
58	33729	778	704	475
59	34526	199	778	565
60	34965	1396	776	537
61	36420	179	768	740
62	36619	359	746	714
63	37018	1176	599	556
64	38215	1077	778	532
65	39311	578	788	574
66	39909	2632	779	511
67	42561	199	709	479
68	42780	279	634	450
69	43099	179	671	800
70	43298	857	608	832
71	44195	100	776	690
72	44554	618	789	583
73	45192	219	715	599
74	45431	1037	775	578
75	46508	100	467	740
76	46628	1037	455	608
77	47704	698	728	606
78	48422	877	780	620
79	49319	498	627	579
80	49837	139	669	585
81	50017	239	452	589
82	50276	299	542	620
83	50615	140	725	677
84	50774	259	855	767
85	51054	199	728	869
86	51273	698	697	878
87	52409	1376	783	516
88	53904	698	833	326
89	55140	1455	782	528
90	56636	777	823	897
91	57473	777	771	618
92	58490	758	782	497
93	59267	199	686	665
94	59487	518	576	779
95	60065	279	757	362
96	60384	239	969	445
97	60663	199	1172	299
98	60902	140	1032	169
99	61082	219	536	171
100	61361	239	815	857
101	61620	239	1113	955
102	61899	239	628	988
103	62158	199	579	941
104	62377	279	777	768
105	62696	199	669	686
106	62916	459	831	821
107	63394	319	695	729
108	63733	897	657	707
109	64650	120	770	683
110	65049	1675	775	597
111	66743	199	602	643
112	67003	638	680	1012
113	67900	977	789	542
114	68897	518	791	637
115	69435	299	775	575
116	69774	179	725	750
117	70113	638	817	1005
118	70990	1336	790	537
119	72346	339	783	644
120	72704	239	775	526
121	72984	179	942	822
122	73183	100	866	770
123	73303	638	871	737
124	73961	1854	778	561
125	75835	638	767	514
126	76851	1097	775	553
127	77968	538	787	636
128	78546	100	905	816
129	78665	558	905	775
130	79244	2014	788	612
131	81277	239	711	559
132	81536	1037	653	830
133	82892	797	784	518
134	83709	239	770	640
135	83969	399	773	577
136	84387	199	660	688
137	84606	140	664	871
138	84766	199	791	956
139	84985	259	732	842
140	85264	279	787	944
141	85583	179	635	704
142	85803	279	608	836
143	86122	239	489	499
144	86481	578	473	438
145	87378	299	713	475
146	87697	1336	771	568
147	89052	159	653	363
148	89252	379	830	707
149	89670	259	607	500
150	90009	199	1001	962
151	90229	259	919	910
152	90548	339	895	261
153	90926	817	751	140
154	91824	120	794	685
155	92262	1535	780	540
156	93837	857	828	782
157	94714	199	782	703
158	95213	319	798	558
159	95552	1097	773	605
160	96768	618	693	548
161	97884	997	780	542
162	98901	778	750	616
163	99718	1017	731	412
164	101034	1575	784	560
165	102629	120	772	477
166	102769	598	725	571
167	103387	1156	775	544
168	104583	718	783	546
169	105380	100	681	548
170	105620	1017	772	756
171	106656	279	794	675
172	107274	1017	786	549
173	108311	179	810	716
174	108510	160	715	685
175	108710	718	565	408
176	109786	299	665	482
177	110105	1236	781	540
178	111481	738	479	436
179	112777	199	635	558
180	112996	1057	777	582
181	114073	179	703	516
182	114292	359	658	292
183	114691	159	1106	366
184	114890	797	706	95
185	116026	1774	788	585
186	117841	100	937	887
187	117960	658	971	859
188	118897	1655	782	551
189	120572	877	867	767
190	121489	1874	789	561
191	123383	1097	625	571
192	124798	1734	781	555
193	126573	159	567	381
194	126752	498	541	366
195	127889	897	790	572
196	128806	518	780	527
197	129424	658	743	373
198	130121	957	782	593
199	131298	498	789	515
200	131836	239	772	679
201	132095	179	844	572
202	132294	658	839	527
203	132972	2612	793	539
204	135963	1475	787	525
205	137458	100	727	645
206	137598	199	998	463
207	137817	179	997	440
208	138036	479	746	700
209	138535	179	919	777
210	138734	199	927	722
211	138973	120	856	1067
212	139113	219	861	986
213	139372	199	479	1031
214	139631	259	564	245
215	139910	219	667	126
216	140169	319	1051	235
217	140528	179	985	413
218	140728	259	1176	641
219	141086	259	1166	205
220	141406	598	685	581
221	142024	1136	925	676
222	143200	100	818	661
223	143618	319	782	546
224	143957	279	795	601
225	144256	279	774	528
226	144555	518	792	510
227	145094	299	775	598
228	145413	259	802	494
229	145692	538	778	556
230	146250	618	629	668
231	146888	199	757	617
232	147307	598	801	568
233	148224	678	789	530
234	148941	678	639	637
235	150237	100	855	535
236	150357	1176	769	570
237	151553	299	640	549
238	151892	179	768	867
239	152091	1057	830	793
240	153427	1635	790	535
241	155082	897	706	556
242	156238	1575	774	542
243	157833	140	900	586
244	158032	598	861	823
245	158670	279	598	1004
246	159009	159	640	591
247	159189	319	789	444
248	159528	199	884	241
249	159747	100	873	225
250	159886	239	1155	487
251	160146	419	931	754
252	160584	419	1049	833
253	161023	259	941	945
254	161342	379	644	581
255	161761	299	543	374
256	162080	219	623	307
257	162319	100	675	269
258	162458	259	459	152
259	162757	319	644	281
260	163116	339	793	327
261	163475	179	745	394
262	163694	199	1006	208
263	163914	239	1118	179
264	164193	419	1151	317
265	164631	399	1214	159
266	165070	219	1050	187
267	165329	379	1001	508
268	165728	518	1020	602
269	166266	439	970	706
270	166725	339	1014	757
271	167084	339	1027	858
272	167442	419	1046	970
273	167881	259	1119	1026
274	168180	339	855	815
275	168539	658	799	928
276	169237	259	778	733
277	169516	279	712	705
278	169815	897	521	667
279	170732	319	554	887
280	171071	379	499	1008
281	171470	199	565	945
282	171689	419	588	916
283	172128	219	782	754
284	172367	299	860	802
285	172686	718	774	959
286	173423	160	631	1033
287	173623	419	434	1060
288	174101	817	515	403
289	174938	179	575	408
290	175138	718	401	316
291	175876	279	642	376
292	176175	439	718	437
293	176633	718	760	485
294	177371	498	607	468
295	177889	518	491	504
296	178427	339	414	532
297	178806	578	416	242
298	179404	299	565	286
299	179723	279	658	252
300	180022	478	581	288
301	180521	219	758	315
302	180760	279	673	304
303	181059	299	867	272
304	181398	419	777	409
305	181856	399	885	224
306	182295	199	736	96
307	182514	538	536	186
308	183073	259	474	213
309	183352	299	408	279
310	183671	259	520	287
311	183970	937	771	173
312	184927	239	725	143
313	185186	638	793	302
314	185844	738	782	396
315	186601	937	792	440
316	187738	159	952	304
317	187917	180	899	285
318	188137	319	992	148
319	188475	399	944	130
320	188894	100	901	118
321	189014	399	1079	135
322	189432	339	1162	167
323	189851	578	1243	140
324	190469	479	1095	342
325	190987	100	1055	271
326	191247	339	1055	381
327	191645	239	1057	399
328	191924	299	1070	385
329	192243	817	1131	305
330	193081	538	1052	254
331	193639	598	1096	227
332	194576	1176	1227	248
333	195772	2273	1043	375
334	198244	618	964	233
335	198882	1276	1048	416
336	200178	618	1178	425
337	200816	1196	1231	433
338	202032	239	1125	475
339	202311	1754	951	393
340	204125	339	918	272
341	204504	758	954	442
342	205282	299	1015	462
343	205601	359	1081	473
344	205980	299	1127	477
345	206299	199	1228	472
346	206538	259	1098	506
347	206817	159	1026	530
348	206996	319	1218	581
349	207355	857	1002	558
350	208252	120	1029	592
351	208392	379	992	640
352	208791	299	1091	657
353	209110	120	1125	759
354	209249	1396	1188	706
355	210685	777	772	604
356	211482	578	770	549
357	212080	359	792	622
358	212599	299	788	550
359	212917	179	695	628
360	213157	219	1169	281
361	213436	259	864	760
362	213715	120	988	802
363	213854	558	857	770
364	214752	1455	793	622
365	216227	159	774	607
366	216506	359	870	542
367	216925	239	812	578
368	217383	977	774	574
369	218380	239	744	499
370	218639	638	803	503
371	219317	598	708	249
372	220533	199	762	385
373	220752	1176	769	529
374	221949	140	689	502
375	222128	259	805	334
376	222407	179	714	312
377	222627	239	971	702
378	222906	578	734	758
379	223962	678	763	644
380	224660	538	803	528
381	225218	259	771	618
382	225577	2093	794	516
383	227690	439	804	579
384	228149	658	629	665
385	228827	578	759	606
386	229644	1117	789	533
387	230780	140	682	728
388	230940	538	714	798
389	231757	399	840	517
390	232176	1017	785	519
391	233213	239	826	421
392	233472	160	873	533
393	233671	937	1155	613
394	234648	478	808	581
395	235147	997	783	529
396	236163	279	819	591
397	236462	917	697	626
398	237738	120	769	596
399	238237	1077	759	614
400	239453	558	802	1034
401	240350	1336	783	558
402	241706	259	794	645
403	241985	179	842	591
404	242244	259	764	949
405	242623	140	837	768
406	242782	219	888	672
407	243022	140	885	608
408	243221	159	1043	163
409	243400	777	1046	240
410	244517	1495	792	565
411	246032	199	908	556
412	246271	618	646	808
413	246929	738	775	620
414	247687	1057	782	519
415	248763	1136	811	558
416	250298	1495	785	516
417	251833	159	498	572
418	252013	658	451	600
419	252711	299	703	577
420	253329	1316	778	534
421	254684	877	495	899
422	255621	1814	792	536
423	257456	738	867	399
424	258233	1416	779	570
425	259668	618	791	539
426	260346	259	501	358
427	260665	159	635	847
428	260884	917	695	348
429	262141	817	776	595
430	262978	1057	780	532
431	264074	837	926	781
432	264952	2034	776	571
433	267025	219	1179	652
434	267304	279	563	814
435	267603	179	747	673
436	267802	140	715	608
437	267982	319	827	288
438	268321	100	896	351
439	268440	299	647	376
440	268779	160	535	159
441	269059	159	620	574
442	269238	1037	604	484
443	270753	1914	766	584
444	272687	379	690	567
445	273106	179	567	422
446	273325	159	827	804
447	273544	179	600	383
448	273744	698	572	369
449	274820	140	733	383
450	274980	1595	775	550
451	276594	758	1040	559
452	277711	199	847	598
453	277930	1555	794	533
454	279525	837	522	468
455	281080	1276	789	536
456	282376	2811	749	536
457	285227	758	573	685
458	286024	538	720	634
459	286603	1395	784	523
460	288018	199	733	554
461	288257	239	625	922
462	288516	718	711	996
463	289274	319	811	704
464	289613	678	780	610
465	290311	1256	776	571
466	291587	179	672	570
467	291786	578	852	702
468	292424	319	1145	442
469	292783	159	1198	682
470	293102	359	1135	966
471	293481	139	1141	984
472	293660	279	916	1068
473	293979	299	670	998
474	294338	199	615	373
475	294577	379	857	329
476	294976	359	992	169
477	295374	299	502	291
478	295694	359	576	494
479	296072	399	599	687
480	296491	279	607	764
481	296790	259	580	849
482	297069	738	484	947
483	297827	399	618	957
484	298246	458	764	997
485	298724	279	825	1027
486	299023	199	832	1030
487	299382	139	1138	971
488	299561	199	963	994
489	299781	917	810	833
490	300737	419	1100	790
491	301176	758	1176	863
492	301974	518	972	737
493	302512	319	1089	699
494	302871	239	1165	485
495	303130	598	1137	429
496	303768	299	983	258
497	304087	339	1018	171
498	304446	419	1140	134
499	304884	140	1038	180
500	305064	379	596	191
501	305462	339	657	241
502	305821	140	616	234
503	306001	479	447	197
504	306499	239	367	153
505	306778	319	520	310
506	307137	259	624	472
507	307416	399	855	504
508	307835	199	797	524
509	308054	518	853	499
510	308592	339	872	532
511	308951	379	887	525
512	309350	419	893	542
513	309789	558	769	547
514	310367	857	795	694
515	311264	618	610	483
516	311922	339	481	497
517	312281	638	416	498
518	312939	299	683	464
519	313258	219	612	462
520	313497	259	540	381
521	313776	299	486	349
522	314095	379	426	281
523	314494	479	514	358
524	314992	219	465	310
525	315231	239	508	538
526	315570	578	474	345
527	316168	339	560	328
528	316567	897	560	700
529	317484	319	471	617
530	317823	239	532	703
531	318082	239	571	756
532	318341	359	603	728
533	318720	638	643	765
534	319378	798	522	807
535	320195	2552	503	969
536	322767	279	694	1014
537	323086	518	680	815
538	323625	100	542	732
539	323963	100	503	785
540	324103	778	728	862
541	324900	598	728	973
542	325518	279	923	1099
543	325837	359	739	972
544	326216	917	795	1052
545	327153	498	704	969
546	327672	359	790	938
547	328050	758	807	784
548	328828	199	905	771
549	329047	678	1014	742
550	329765	658	1017	738
551	330443	2053	783	620
552	332516	179	874	644
553	332735	678	632	401
554	333772	1854	787	585
555	335686	359	503	1028
556	336105	299	938	934
557	336444	179	1093	818
558	336643	120	1023	806
559	336803	399	698	438
560	337241	319	539	354
561	337580	179	632	389
562	337799	160	612	162
563	337979	179	627	415
564	338198	897	661	183
565	339434	299	713	455
566	339753	1396	776	539
567	341169	797	853	753
568	342245	259	789	498
569	342524	937	774	552
570	343481	439	789	645
571	343960	139	702	803
572	344119	578	674	845
573	345056	139	813	341
574	345236	1396	782	557
575	346651	120	722	671
576	346811	618	566	457
577	347468	479	756	518
578	348106	159	2010	304
579	348346	598	788	575
580	348964	439	787	523
581	349422	239	850	730
582	349701	179	623	395
583	349921	558	554	281
584	350977	1535	775	583
585	352532	797	952	617
586	353350	1834	780	595
587	355204	777	992	825
588	356021	379	775	598
589	356659	1176	774	575
590	357855	618	584	564
591	358952	937	732	591
592	359909	518	787	615
593	360447	638	658	715
594	361444	1695	772	596
595	363158	159	1042	599
596	363338	758	1081	602
597	364135	797	783	605
598	364953	1037	777	552
599	366009	100	913	469
600	366269	100	1042	228
601	366548	299	1019	561
602	366867	239	1035	557
603	367584	199	861	611
604	367804	578	785	571
605	368402	837	797	542
606	369259	279	680	683
607	369558	1236	789	751
608	370834	1715	781	580
609	372668	120	905	324
610	372808	219	966	266
611	373167	239	525	632
612	373426	1017	562	716
613	374941	179	675	605
614	375140	1435	772	589
615	376616	159	762	396
616	376795	618	762	391
617	377453	2073	783	593
618	379566	299	687	785
619	379885	558	909	805
