Data properties:
 
Recording date: 31/03/2008
Recording time : 14:34:53:307 (corresponds to time 0)
Study: AlasdairTPOnlyRoughness
Subject: LM
Recording: LM1
Screen resolution: 1600 x 1200
Coordinate unit: Pixels
 
 
Filter settings:
 
Eye: Average
Validity level: Normal
Fixation radius: 50
Min duration: 100
 
Fix number	Timestamp	Duration	GazepointX	GazepointY
 
1	74	139	979	842
2	274	159	776	553
3	493	159	263	1023
4	672	140	16	833
5	852	140	-9	666
6	1011	140	-8	553
7	1350	140	791	588
8	1590	459	787	555
9	2068	439	789	625
10	2566	179	1060	949
11	2786	259	807	945
12	3105	459	1132	709
13	3583	379	1152	711
14	4002	478	811	614
15	4500	419	801	572
16	4939	758	795	574
17	5716	518	804	610
18	6274	359	689	498
19	6653	518	682	516
20	7192	299	806	573
21	7690	219	808	604
22	7929	1196	794	587
23	9145	738	920	638
24	9903	339	795	602
25	10441	140	805	516
26	10660	419	802	580
27	11099	917	834	600
28	12036	738	823	455
29	12794	179	795	534
30	12993	120	800	612
31	13312	179	787	563
32	13511	459	798	572
33	13990	857	805	581
34	14867	159	661	582
35	15047	120	585	488
36	15186	459	564	448
37	15664	439	796	561
38	16322	1435	798	585
39	17778	419	776	505
40	18216	399	778	504
41	18635	379	808	598
42	19034	738	809	562
43	19791	339	810	584
44	20150	598	814	553
45	20808	718	1061	762
46	21566	459	805	590
47	22224	837	804	604
48	23081	379	808	598
49	23499	778	754	778
50	24337	379	803	522
51	24736	1296	804	579
52	26051	558	806	600
53	26669	140	682	1018
54	26968	159	758	770
55	27188	159	1050	244
56	27367	658	854	149
57	28065	140	826	581
58	28224	2073	805	583
59	30318	857	746	948
60	31215	199	803	526
61	31474	239	815	602
62	31972	299	806	587
63	32291	419	807	582
64	32750	538	796	605
65	33328	140	687	247
66	33488	638	666	182
67	34165	399	806	604
68	34764	100	790	578
69	34883	797	794	578
70	35760	419	811	579
71	36199	319	718	505
72	36578	199	937	223
73	36837	279	839	962
74	37136	100	875	1006
75	37275	558	771	981
76	37874	1256	815	583
77	39149	817	803	591
78	39987	718	532	706
79	40764	2213	808	568
80	42997	638	623	672
81	43675	359	807	525
82	44074	718	812	589
83	44931	758	814	587
84	45709	778	754	660
85	46506	2153	812	569
86	48679	100	752	911
87	48799	279	758	930
88	49118	259	542	515
89	49417	319	849	395
90	49756	159	676	465
91	50035	259	1181	138
92	50314	199	1220	184
93	50553	299	1078	540
94	50892	319	990	394
95	51251	279	1105	808
96	51590	578	1236	919
97	52208	120	1199	870
98	52367	1037	740	922
99	53444	239	518	697
100	53703	179	454	650
101	53922	239	399	242
102	54181	199	400	162
103	54500	279	698	481
104	54800	159	739	464
105	54999	259	538	536
106	55298	419	972	415
107	55756	120	1247	487
108	55916	1077	1263	236
109	57052	199	814	230
110	57292	538	1277	209
111	57870	817	723	139
112	58727	239	448	656
113	59086	179	587	583
114	59305	299	449	1046
115	59624	239	648	945
116	59883	279	744	919
117	60182	399	804	1142
118	60621	797	1222	1013
119	61458	299	1123	693
120	61777	140	1181	698
121	61957	319	846	608
122	62296	339	1022	551
123	62674	678	768	497
124	63412	279	961	408
125	63711	239	972	414
126	63970	479	1025	691
127	64568	159	922	723
128	64748	359	1052	769
129	65166	279	1188	1069
130	65465	139	1243	1077
131	65625	379	841	1030
132	66024	319	930	1063
133	66382	319	865	981
134	66721	319	884	985
135	67080	259	462	1069
136	67379	897	883	982
137	68316	199	524	993
138	68536	120	527	999
139	68675	179	419	1051
140	68894	578	400	639
141	69492	299	650	601
142	69812	379	481	395
143	70230	279	491	234
144	70529	279	519	130
145	70828	518	571	98
146	71367	359	552	117
147	71745	219	587	54
148	72025	100	1079	130
149	72304	359	969	141
150	72682	359	911	136
151	73081	1715	1261	197
152	74815	578	1097	274
153	75433	140	1199	239
154	75593	498	1149	244
155	76111	399	915	162
156	76570	159	1227	214
157	76749	1376	1271	196
158	78185	399	1248	585
159	78603	359	1218	497
160	78982	199	1066	501
161	79221	678	1284	589
162	79919	279	1262	770
163	80218	259	1296	784
164	80517	439	1264	983
165	81016	498	1049	948
166	81534	319	903	1065
167	81973	179	509	1086
168	82172	339	444	1098
169	82551	419	556	813
170	83009	259	361	790
171	83348	199	411	430
172	83587	319	360	186
173	83927	159	457	142
174	84126	319	363	219
175	84465	379	676	125
176	84883	339	823	327
177	85242	379	945	388
178	85641	478	711	447
179	86139	279	834	505
180	86518	219	868	712
181	86757	498	913	545
182	87276	179	987	564
183	87635	419	837	695
184	88193	339	1261	311
185	88552	219	1264	181
186	88791	638	1254	252
187	89449	937	1285	93
188	90406	638	1257	312
189	91064	299	1155	224
190	91522	179	998	82
191	91722	399	1048	46
192	92160	179	580	80
193	92379	479	1065	71
194	92898	339	618	76
195	93257	140	664	77
196	93436	159	384	79
197	93635	718	409	72
198	94373	339	340	157
199	94732	219	379	286
200	94991	259	792	255
201	95330	140	831	263
202	95509	359	1223	386
203	96068	658	975	387
204	96825	379	715	561
205	97264	359	460	538
206	97802	100	471	724
207	97922	179	468	720
208	98121	239	416	660
209	98380	279	409	676
210	98679	239	415	645
211	98978	299	919	655
212	99297	299	945	595
213	99656	239	1170	627
214	99995	817	1267	640
215	100832	379	1050	687
216	101251	359	759	672
217	101690	239	834	647
218	101949	498	424	688
219	102467	140	464	701
220	102627	339	519	780
221	102986	139	425	863
222	103145	319	427	859
223	103484	100	444	846
224	103604	120	434	866
225	103763	199	953	830
226	103982	100	952	843
227	104142	140	1017	790
228	104301	239	1239	848
229	104560	498	1148	784
230	105079	419	1208	931
231	105517	698	1218	1007
232	106255	558	725	974
233	106833	419	434	1035
234	107292	219	811	1073
235	107551	379	859	659
236	107950	239	783	613
237	108209	359	881	545
238	108588	199	780	636
239	108807	1037	896	581
240	109864	239	1039	499
241	110123	399	914	440
242	110541	817	890	547
243	111399	1096	631	447
244	112515	419	588	308
245	112954	279	418	158
246	113253	179	496	143
247	113452	498	440	127
248	113970	239	448	151
249	114230	239	432	435
250	114489	159	516	501
251	114688	299	627	606
252	115007	319	345	508
253	115446	439	1256	966
254	115904	140	1155	949
255	116144	279	1184	1105
256	116502	279	796	1055
257	116841	140	439	1035
258	117041	279	1093	536
259	117360	199	1032	525
260	117599	219	1124	244
261	117858	279	1117	259
262	118157	179	983	358
263	118356	179	1273	144
264	118556	179	1301	103
265	118755	239	890	155
266	119014	299	796	132
267	119333	538	837	112
268	119911	339	689	488
269	120290	459	623	584
270	120769	160	707	571
271	120948	538	636	550
272	121646	239	1035	590
273	121905	219	976	566
274	122144	359	1006	532
275	122543	199	978	400
276	122762	159	968	387
277	123081	1555	1255	630
278	124656	1555	993	561
279	126231	758	763	718
280	127049	219	516	517
281	127288	379	404	693
282	127726	319	412	1027
283	128305	160	399	932
284	128504	199	457	1054
285	128723	219	801	867
286	128963	578	816	857
287	129601	279	1210	978
288	129939	479	986	1056
289	130458	279	1173	706
290	130757	179	1225	709
291	130956	339	1100	727
292	131335	259	999	530
293	131754	279	998	447
294	132053	379	978	380
295	132451	239	1175	199
296	132731	259	1236	105
297	133010	319	1294	107
298	133548	499	813	148
299	134066	419	852	147
300	134505	299	893	151
301	134844	239	422	137
302	135103	199	457	135
303	135322	479	428	105
304	135860	419	407	338
305	136299	379	604	316
306	136698	478	613	358
307	137216	339	522	573
308	137575	618	461	668
309	138213	299	656	778
310	138532	399	647	797
311	138990	339	445	984
312	139369	359	418	874
313	139788	179	790	907
314	140007	319	1140	779
315	140346	857	1247	759
316	141243	359	1221	968
317	141682	279	1128	886
318	142001	319	875	893
319	142519	359	823	797
320	142898	159	832	760
321	143078	199	835	731
322	143297	279	860	694
323	143715	259	769	513
324	144174	199	1149	218
325	144493	179	1263	231
326	144732	179	975	418
327	144951	120	934	402
328	145171	159	919	405
329	145470	259	930	310
330	145749	199	1095	309
331	146606	518	749	387
332	147224	120	899	364
333	147404	219	941	353
334	147663	299	1270	384
335	148121	558	1228	327
336	148699	179	980	416
337	148899	319	965	375
338	149238	458	1014	380
339	149876	479	979	410
340	150374	179	896	369
341	150574	658	996	511
342	151251	359	758	465
343	151630	419	773	597
344	152089	199	904	672
345	152348	259	931	684
346	152667	518	914	738
347	153225	299	851	751
348	153564	319	1065	736
349	153903	239	1172	739
350	154182	558	1222	745
351	154760	379	1231	742
352	155179	459	781	736
353	155657	239	577	839
354	155916	299	617	844
355	156235	459	572	716
356	156734	339	993	355
357	157132	259	993	499
358	157412	359	744	507
359	157790	598	838	500
360	158408	299	892	667
361	158767	219	877	190
362	159007	498	931	101
363	159565	379	554	562
364	159983	319	465	849
365	160322	299	448	1078
366	160681	219	875	951
367	160940	179	872	736
368	161160	199	615	1087
369	161399	219	747	555
370	161658	279	550	494
371	162037	299	602	485
372	162376	399	409	469
373	162794	299	465	379
374	163133	299	325	167
375	163572	598	432	155
376	164310	419	443	472
377	164748	538	363	468
378	165306	419	727	615
379	165765	259	547	800
380	166044	199	815	786
381	166283	319	1190	931
382	166642	359	1277	1049
383	167041	159	1289	1095
384	167240	538	823	1011
385	167799	239	729	968
386	168078	219	717	853
387	168317	100	832	493
388	168436	179	840	482
389	168636	359	843	520
390	169034	658	717	461
391	169752	199	817	930
392	169972	379	766	895
393	170370	259	866	958
394	170649	419	891	979
395	171088	319	1077	962
396	171447	459	1215	1015
397	171925	379	1231	1044
398	172344	638	992	521
399	173002	479	933	433
400	174617	120	388	402
401	174836	279	474	550
402	175574	199	282	403
403	176391	219	434	828
404	176630	459	730	881
405	177129	518	1256	890
406	177667	219	1116	879
407	177906	778	885	972
408	178704	299	662	1034
409	179023	139	732	1030
410	179342	199	930	467
411	179860	120	909	457
412	181196	120	386	137
413	181515	100	374	174
414	181654	100	376	143
415	181993	140	377	167
416	182651	100	767	422
417	183269	120	714	414
418	183648	100	372	214
419	184625	299	745	256
420	184984	259	532	87
421	185342	100	420	75
422	186060	140	948	688
423	186778	100	929	793
424	187555	100	948	811
425	188074	179	969	788
426	188333	120	947	795
427	188632	179	960	798
428	189110	100	762	511
429	189529	120	816	611
430	189908	120	814	568
431	190047	239	834	575
432	190506	139	819	440
433	190665	259	816	574
434	190965	698	754	447
435	191882	139	821	589
436	192200	399	783	617
437	192719	199	799	561
438	192938	299	798	559
439	193377	179	792	578
440	193696	219	768	536
441	194194	100	188	444
442	194932	319	411	821
443	195330	279	371	235
444	195649	299	477	137
445	196008	379	912	409
446	196447	598	927	741
447	197065	917	948	837
448	198062	219	935	853
449	198301	538	862	647
450	198859	419	1069	600
451	199318	359	927	380
452	199896	140	930	344
453	200075	299	713	201
454	200394	339	804	127
455	200793	359	1218	198
456	201192	120	1241	333
457	201351	319	1140	635
458	201690	259	1096	910
459	201969	159	1011	828
460	202169	339	1140	885
461	202547	259	913	733
462	202847	359	611	871
463	203225	239	324	798
464	203504	379	578	781
465	203923	279	734	757
466	204282	219	952	930
467	204521	160	810	1010
468	204701	877	751	1055
469	205638	478	787	616
470	206136	439	783	537
471	206595	698	797	591
472	207432	219	836	575
473	207711	159	622	654
474	207910	159	716	972
475	208090	179	761	1012
476	208289	439	773	1020
477	208788	459	800	573
478	209445	179	821	603
479	209645	678	815	605
480	210363	399	820	619
481	210841	120	776	914
482	210980	100	669	786
483	211100	459	677	820
484	211579	179	686	783
485	211798	279	801	601
486	212237	100	858	639
487	212376	219	783	621
488	213333	179	798	585
489	213712	100	801	603
490	213891	140	707	536
491	214390	139	698	993
492	214569	459	696	543
493	215067	279	386	202
494	215366	339	498	120
495	216483	100	1149	563
496	216623	100	1150	516
497	216742	100	1001	544
498	216882	120	997	577
499	217021	100	958	546
500	217460	160	1117	509
501	217659	100	1045	441
502	217839	100	1036	440
503	218078	199	1107	898
504	218357	160	1227	863
505	218556	339	698	576
506	218935	279	663	492
507	219693	120	699	752
508	219872	598	501	904
509	220510	299	901	992
510	220889	100	948	869
511	221028	160	1055	1008
512	221208	100	1052	1030
513	221327	239	1075	992
514	221945	239	840	663
515	222225	299	1012	843
516	223022	259	935	483
517	223740	299	1162	505
518	224059	100	1173	462
519	224418	299	972	579
520	224737	120	964	569
521	224976	199	698	501
522	225255	199	669	525
523	225474	319	361	535
524	225853	359	306	184
525	226252	339	711	195
526	226611	379	826	146
527	227029	179	887	113
528	227787	219	1099	336
529	228046	518	1083	206
530	228584	100	1165	217
531	228744	219	1175	483
532	228983	299	1202	463
533	229661	179	712	369
534	229880	179	718	347
535	230159	179	562	371
536	231355	319	1009	465
537	231694	299	1092	499
538	232113	199	1274	518
539	232332	319	1132	605
540	232671	100	1153	622
541	232811	159	1141	616
542	233070	100	1078	661
543	233269	140	1088	672
544	233429	239	1167	594
545	235163	339	703	528
546	235522	159	755	539
547	235702	219	820	503
548	235961	459	709	572
549	236479	299	627	574
550	236958	359	530	559
551	237376	478	390	574
552	237875	239	442	659
553	238134	299	386	639
554	238453	339	343	641
555	238852	339	464	796
556	239370	738	450	779
557	240147	977	815	552
558	241144	199	803	623
559	241423	718	807	540
560	242161	837	852	685
561	243018	120	826	666
562	243277	219	808	566
563	243517	100	807	635
564	243636	299	806	640
565	244115	1236	818	621
566	245410	339	768	938
567	245769	120	914	1052
568	245989	199	575	357
569	246228	120	537	311
570	246387	219	721	172
571	246666	319	1004	356
572	247165	359	1032	575
573	247544	279	1079	579
574	247843	339	1065	568
575	248202	159	1092	688
576	248979	120	1066	656
577	249418	1057	822	639
578	250494	179	836	621
579	250694	399	818	610
580	251112	399	868	608
581	251571	100	678	871
582	251690	538	609	963
583	252328	219	643	927
584	252787	179	788	557
585	252986	837	806	594
586	253844	120	807	568
587	253983	399	827	639
588	254402	199	824	638
589	254801	319	679	909
590	255139	219	621	830
591	255419	279	1146	1032
592	255718	159	1183	1022
593	256076	299	1055	366
594	256395	199	850	365
595	256635	219	618	430
596	256874	738	483	400
597	257651	459	797	577
598	258150	399	782	579
599	258588	199	779	587
600	259007	678	685	553
601	259705	239	453	497
602	259964	179	471	338
603	260163	259	550	252
604	260462	937	926	190
605	261419	299	808	529
606	261918	678	821	604
607	262616	757	814	561
608	263493	139	766	432
609	263672	279	675	574
610	264011	219	935	208
611	264250	159	1020	250
612	264470	199	1060	863
613	264789	140	921	816
614	264968	279	767	867
615	265287	199	727	1007
616	265706	239	583	920
617	265985	877	494	651
618	266882	279	804	586
619	267360	159	828	574
620	267560	1316	797	582
621	268935	140	682	606
622	269095	777	704	610
623	270032	219	47	620
624	270331	1037	796	574
625	271627	279	827	581
626	271966	120	696	635
627	272145	519	646	858
628	273062	239	788	607
629	273341	219	824	649
630	273939	399	805	615
631	274358	179	770	674
632	274557	319	804	681
633	274896	199	656	667
634	275155	618	968	574
635	276252	119	783	584
636	276412	139	813	571
637	276591	419	792	541
638	277030	159	788	586
639	277209	239	785	572
640	277468	359	792	584
641	277847	857	592	564
642	278884	199	765	574
643	279143	199	803	596
644	279541	160	795	578
645	279721	598	807	609
646	280359	419	775	573
647	280797	199	661	583
648	281017	139	636	458
649	281176	179	657	352
650	281396	359	565	966
651	281794	239	1086	741
652	282093	718	991	835
653	283030	498	812	580
654	283788	179	827	572
655	283987	120	812	601
656	284127	758	809	594
657	284904	159	684	601
658	285124	179	587	797
659	285423	179	656	573
660	285642	239	805	284
661	285961	140	1027	825
662	286120	698	1043	785
663	287097	159	817	545
664	287277	698	799	594
665	288174	159	829	580
666	288373	299	802	609
667	288692	339	831	590
668	289071	678	906	287
669	289789	160	834	552
670	290247	159	778	534
671	290427	140	806	600
672	290586	439	800	588
673	291045	159	813	615
674	291224	638	812	554
675	291902	100	967	497
676	292022	299	983	529
677	292341	359	981	551
678	292739	159	838	572
679	293058	797	821	612
680	293876	478	804	589
681	294374	379	818	587
682	294793	598	875	503
683	295411	199	810	547
684	295810	359	814	604
685	296188	239	821	611
686	296448	179	834	591
687	296647	837	818	596
688	297504	618	1033	435
689	298182	339	822	552
690	298700	698	810	582
691	299418	837	819	609
692	300295	678	1093	614
693	300993	179	833	577
694	301192	538	808	598
695	302030	1156	812	558
696	303226	140	951	249
697	303385	558	975	210
698	303983	199	823	538
699	304243	120	799	553
700	304841	339	826	641
701	305279	817	811	606
702	306117	199	870	423
703	306376	259	531	614
704	306655	399	519	605
705	307094	1455	815	611
706	308569	698	816	596
707	309306	219	890	717
708	309546	817	1127	834
709	310522	100	874	636
710	310662	678	827	611
711	311360	119	826	603
712	311499	997	816	662
713	312516	698	730	556
714	313234	359	813	596
715	313932	179	817	530
716	314131	1196	819	590
717	315447	279	777	516
718	315746	140	782	186
719	315925	140	788	207
720	316085	199	974	195
721	316344	359	1057	642
722	316723	219	975	585
723	317002	279	1157	792
724	317321	219	727	960
725	317620	299	677	1002
726	317939	160	676	999
727	318118	259	679	1020
728	318417	299	803	628
729	318736	159	795	579
730	318916	140	827	601
731	319255	299	805	578
732	319574	419	810	585
733	320172	279	814	586
734	320471	159	716	601
735	320650	140	445	554
736	320810	419	383	607
737	321288	140	772	571
738	321448	219	809	612
739	321886	419	795	601
740	322325	459	804	570
741	322923	538	752	574
742	323481	279	450	598
743	323800	199	478	209
744	324039	199	745	189
745	324299	359	1099	317
746	324697	199	875	824
747	324956	259	565	980
748	325275	279	774	612
749	325574	339	820	588
750	325973	159	1112	674
751	326153	279	1170	701
752	326452	140	1174	680
753	326631	299	950	425
754	326950	419	673	235
755	327429	219	810	194
756	327688	399	687	385
757	328106	299	1016	430
758	328605	259	773	727
759	328924	279	917	855
760	329223	299	979	866
761	329562	379	1114	930
762	329960	339	948	1015
763	330339	558	724	1055
764	330937	219	513	1021
765	331177	359	605	782
766	331595	399	415	672
767	332034	498	412	400
768	332552	359	455	315
769	332951	160	735	277
770	333130	897	823	239
771	334047	199	785	605
772	334386	120	823	560
773	334526	359	804	631
774	335044	179	815	612
775	335264	997	804	584
776	336320	319	721	917
777	336699	239	468	858
778	336958	279	769	541
779	337257	698	589	301
780	338294	419	816	611
781	338752	1296	816	576
782	340068	837	779	473
783	341185	618	801	561
784	341822	459	800	578
785	342321	698	816	512
786	343079	478	900	553
787	343617	199	488	205
788	343856	279	872	281
789	344155	159	879	190
790	344335	399	685	309
791	344753	239	701	437
792	345032	299	1119	511
793	345371	219	1095	730
794	345630	259	841	874
795	345909	140	917	1072
796	346109	100	841	1064
797	346228	239	1146	1064
798	346508	379	856	1074
799	346906	279	538	747
800	347205	299	663	882
801	347564	179	429	1038
802	347783	259	378	739
803	348063	219	478	727
804	348302	419	775	589
805	348760	319	1080	821
806	349099	339	896	582
807	349498	100	732	394
808	349638	379	1203	368
809	350056	219	923	200
810	350335	159	412	478
811	350535	299	572	462
812	350894	120	842	575
813	351033	399	870	574
814	351472	359	504	787
815	351851	319	339	735
816	352189	299	564	707
817	352508	239	339	695
818	352787	319	500	393
819	353226	219	751	230
820	353465	239	774	184
821	353844	179	709	531
822	354044	159	841	493
823	354343	219	1132	667
824	354582	299	1206	641
825	354921	439	1197	932
826	355399	179	1124	687
827	355698	379	873	941
828	356117	499	511	880
829	356635	159	588	1018
830	356815	498	557	1030
831	357353	339	961	1029
832	357732	558	871	597
833	358310	379	764	717
834	358709	219	659	697
835	358968	479	538	891
836	359486	439	786	861
837	360044	100	592	582
838	360224	638	732	1002
839	360922	259	1192	686
840	361220	140	1026	679
841	361400	399	913	602
842	361819	179	805	594
843	362038	399	826	352
844	362457	279	669	362
845	362776	379	478	547
846	363174	139	558	522
847	363394	558	1068	199
848	363972	239	964	290
849	364251	419	722	196
850	364729	259	497	303
851	365008	319	360	250
852	365347	319	458	219
853	365706	518	498	508
854	366264	159	417	679
855	366484	159	791	581
856	366823	199	839	644
857	367042	359	757	510
858	367421	399	887	584
859	368039	219	895	575
860	368278	379	1166	736
861	368677	159	1200	1001
862	369016	239	832	865
863	369275	299	797	878
864	369594	419	809	624
865	370032	159	871	572
866	370252	139	1095	1031
867	370411	100	1144	1085
868	370690	359	465	858
869	371109	319	641	1083
870	371488	339	438	494
871	371866	379	385	231
872	372265	219	335	155
873	372524	618	679	311
874	373202	319	561	564
875	373561	379	579	769
876	373960	478	792	597
877	374478	199	1107	671
878	374697	179	1081	678
879	374897	379	1170	579
880	375316	279	1087	350
881	375614	299	1203	274
882	375934	359	1234	417
883	376372	359	1260	161
884	376751	678	901	290
885	377469	219	852	469
886	377828	219	825	495
887	378067	598	721	324
888	378725	279	643	420
889	379044	239	451	521
890	379303	578	447	412
891	379901	259	336	257
892	380180	518	427	208
893	380738	299	513	744
894	381097	718	813	834
895	381835	479	1161	1049
896	382373	120	493	927
897	382772	279	629	1069
898	383091	499	438	904
899	383609	399	442	1111
900	384068	339	633	582
901	384466	279	860	591
902	384765	179	903	569
903	385005	339	1134	560
904	385364	478	909	585
905	385862	239	750	659
906	386161	259	833	869
907	386460	299	1044	728
908	386819	299	1134	950
909	387138	199	1268	969
910	387397	140	1017	1133
911	387596	439	549	696
912	388234	239	626	885
913	388493	339	827	851
914	388872	279	404	665
915	389191	399	391	348
916	389610	159	477	457
917	389829	199	639	425
918	390328	279	695	406
919	390646	299	850	536
920	390966	419	949	569
921	391444	339	801	604
922	391823	479	1104	528
923	392441	100	1088	387
924	392580	439	766	445
925	393059	199	662	441
926	393278	1156	704	469
927	394454	219	717	479
928	394694	379	806	599
929	395112	239	801	574
930	395371	219	805	525
931	395611	1176	805	559
932	396807	239	643	521
933	397066	140	753	540
934	397225	259	1006	401
935	397525	359	669	230
936	397903	160	674	141
937	398083	419	1170	195
938	398561	399	954	771
939	398980	319	689	729
940	399319	139	608	778
941	399518	618	735	995
942	400196	179	458	844
943	400395	259	566	496
944	400674	140	644	410
945	400854	598	530	378
946	401492	159	780	601
947	401671	159	825	634
948	402010	1714	805	575
949	403765	259	589	908
950	404044	638	566	950
951	404722	179	847	544
952	404921	279	812	561
953	405359	1515	807	592
954	406895	179	838	663
955	407114	359	425	252
956	407513	179	893	835
957	407712	897	883	755
958	408629	279	821	551
959	409088	1535	819	629
960	410643	399	649	682
961	411081	239	593	198
962	411340	319	940	229
963	411799	120	614	387
964	411939	299	674	317
965	412257	498	742	307
966	412796	239	788	590
967	413075	179	636	697
968	413294	219	608	1001
969	413573	219	1023	909
970	413812	159	895	942
971	414052	159	865	971
972	414251	459	969	902
973	414730	179	968	906
974	414929	379	804	824
975	415328	179	656	689
976	415527	160	647	663
977	415726	199	540	783
978	415946	1455	638	846
979	417441	399	465	734
980	417880	159	478	702
981	418059	1156	389	586
982	419235	439	503	373
983	419714	279	358	430
984	420013	598	540	227
985	420631	638	696	324
986	421289	498	920	218
987	421807	299	796	284
988	422146	459	1135	335
989	422624	837	1158	402
990	423522	319	824	616
991	424040	359	813	590
992	424419	1196	817	592
993	425655	199	554	415
994	425914	100	1038	327
995	426034	578	946	408
996	426711	179	819	579
997	427150	179	806	612
998	427349	339	815	562
999	427708	459	826	507
1000	428207	598	808	536
1001	428825	159	891	489
1002	429024	199	1201	383
1003	429283	159	944	499
1004	429462	678	990	538
1005	430180	359	811	588
1006	430559	179	817	637
1007	430918	159	825	579
1008	431117	159	824	627
1009	431297	837	816	594
1010	432154	100	817	588
1011	432273	140	919	543
1012	432453	140	942	878
1013	432612	817	962	976
1014	433669	159	706	620
1015	433848	159	784	590
1016	434028	319	800	529
1017	434367	259	823	635
1018	434646	160	807	623
1019	434825	140	844	750
1020	434985	120	848	738
1021	435124	419	850	735
1022	435603	120	1008	1039
1023	435762	359	1116	353
1024	436181	239	709	507
1025	436440	140	748	497
1026	436600	159	1059	465
1027	436779	478	1038	457
1028	437597	159	818	604
1029	437796	319	805	598
1030	438135	598	889	581
1031	438753	638	797	618
1032	439451	100	956	601
1033	439570	359	1018	528
1034	440128	479	1020	515
1035	440647	120	819	577
1036	441245	419	817	617
1037	441863	359	880	641
1038	442242	538	877	602
1039	442800	179	699	648
1040	443039	120	395	541
1041	443179	498	403	517
1042	443697	120	402	532
1043	443856	100	782	621
1044	444474	359	880	571
1045	445013	179	758	563
1046	445212	897	806	585
1047	446129	160	691	524
1048	446329	219	1142	1098
1049	446608	299	589	1033
1050	446947	259	630	317
1051	447246	199	792	327
1052	447505	120	1031	418
1053	447684	279	744	628
1054	448023	140	1058	522
1055	448183	219	1090	441
1056	448462	199	1256	415
1057	448681	299	1087	408
1058	449000	179	1004	424
1059	449239	120	776	488
1060	449439	239	903	868
1061	449698	279	954	730
1062	450037	259	672	700
1063	450316	279	405	674
1064	450615	399	527	819
1065	451054	199	724	1077
1066	451392	558	545	821
1067	452030	1057	659	196
1068	453107	140	679	180
1069	453266	339	997	365
1070	453625	199	1037	391
1071	453845	199	1136	250
1072	454064	179	1241	283
1073	454283	179	686	203
1074	454503	758	664	170
1075	455280	299	826	513
1076	455639	239	739	460
1077	456078	419	528	516
1078	456516	199	543	615
1079	456735	359	1010	604
1080	457134	239	1099	796
1081	457393	199	1222	759
1082	457613	140	1226	716
1083	457772	160	1229	726
1084	457952	199	1252	747
1085	458191	578	730	717
1086	458829	199	806	1022
1087	459207	698	936	1042
1088	459965	219	758	1071
1089	460244	359	455	934
1090	460643	518	557	1034
1091	461201	279	929	780
1092	461500	139	928	778
1093	461660	339	970	956
1094	462038	1356	1100	910
1095	463434	837	793	548
1096	464291	1196	803	604
1097	465507	977	878	862
1098	466524	239	817	520
1099	466783	299	801	555
1100	467342	120	842	613
1101	467501	140	816	599
1102	467660	558	807	595
1103	468239	419	815	596
1104	468697	160	534	1006
1105	468897	259	991	878
1106	469196	140	1070	917
1107	469415	279	842	876
1108	469714	160	923	928
1109	469913	359	1080	954
1110	470312	160	903	404
1111	470511	179	757	241
1112	470711	199	814	253
1113	470970	339	502	424
1114	471349	239	452	612
1115	471767	339	428	206
1116	472186	478	1209	323
1117	472684	199	1160	266
1118	472924	419	1097	655
1119	473382	160	1059	517
1120	473562	359	757	203
1121	473940	259	808	203
1122	474279	339	680	653
1123	474658	379	581	970
1124	475057	259	511	898
1125	475356	339	452	870
1126	475715	199	659	798
1127	475934	219	740	768
1128	476173	419	814	866
1129	476612	339	623	1053
1130	476991	120	433	1073
1131	477170	159	1097	831
1132	477350	558	1159	806
1133	477928	239	917	577
1134	478207	439	703	257
1135	478665	199	625	307
1136	478944	219	522	238
1137	479184	518	690	311
1138	479722	100	722	298
1139	479881	977	961	396
1140	481177	100	766	576
1141	481297	1655	810	610
1142	482972	219	699	562
1143	483251	339	722	303
1144	483630	259	1080	445
1145	483968	239	968	879
1146	484228	199	653	870
1147	484487	159	915	890
1148	484666	698	915	891
1149	485563	159	779	556
1150	485743	219	813	548
1151	485982	718	818	506
1152	486720	459	814	612
1153	487198	199	812	586
1154	487497	658	509	326
1155	488175	159	759	523
1156	488354	159	821	584
1157	488673	439	809	558
1158	489291	239	789	574
1159	489551	698	804	616
1160	490268	219	664	481
1161	490507	160	774	561
1162	490707	319	504	227
1163	491066	199	858	922
1164	491285	618	951	955
1165	491923	140	938	956
1166	492122	319	806	597
1167	492461	120	809	587
1168	492800	738	805	603
1169	493558	558	809	616
1170	494176	120	893	810
1171	494315	518	937	808
1172	494854	558	934	821
1173	495452	120	800	598
1174	495611	1376	806	610
1175	497007	339	817	619
1176	497385	120	729	809
1177	497545	758	536	923
1178	498622	439	811	588
1179	499260	1216	819	597
1180	500516	279	644	791
1181	500815	1096	625	594
1182	502130	937	805	561
1183	503087	439	808	591
1184	503546	439	816	570
1185	504004	439	601	553
1186	504503	299	740	816
1187	504862	120	1097	866
1188	505061	160	1117	894
1189	505240	100	1122	871
1190	505360	578	1119	876
1191	506098	618	812	586
1192	506995	419	820	565
1193	507433	379	868	630
1194	507832	239	831	630
1195	508111	239	520	956
1196	508370	159	597	896
1197	508570	219	487	228
1198	508968	140	628	297
1199	509168	140	949	485
1200	509327	199	738	145
1201	509567	120	822	178
1202	509706	598	809	165
1203	510344	299	802	588
1204	510842	419	801	597
1205	511281	1336	820	590
1206	512677	219	762	912
1207	512956	100	721	788
1208	513155	379	770	176
1209	513574	139	1071	156
1210	513733	199	1175	169
1211	514012	159	1105	121
1212	514212	359	1179	219
1213	514650	219	1145	633
1214	514890	179	1218	820
1215	515129	578	911	553
1216	515747	379	893	546
1217	516465	518	805	569
1218	517262	319	826	527
1219	517661	658	806	528
1220	518339	279	1054	442
1221	518658	199	565	256
1222	518877	179	994	476
1223	519076	778	1051	471
1224	519914	359	804	535
1225	520292	179	802	600
1226	520691	120	798	542
1227	520831	1096	812	599
1228	521947	100	818	582
1229	522106	120	989	673
1230	522246	199	1038	690
1231	522485	459	667	344
1232	522964	339	466	235
1233	523343	319	969	254
1234	523681	219	999	180
1235	523921	279	1098	588
1236	524240	239	1059	941
1237	524499	957	735	985
1238	525496	399	730	1000
1239	526134	179	810	601
1240	526353	279	820	557
1241	526652	399	811	541
1242	527071	1017	818	583
1243	528227	140	478	221
1244	528426	239	1186	645
1245	528725	219	1025	830
1246	528985	120	1022	824
1247	529124	179	1269	751
1248	529343	1276	744	554
1249	530779	199	797	545
1250	530998	479	805	554
1251	531497	837	810	542
1252	532493	219	812	567
1253	532752	419	993	451
1254	533191	159	623	573
1255	533390	837	996	458
1256	534427	139	812	533
1257	534587	159	808	518
1258	534766	379	812	489
1259	535165	1216	814	582
1260	536421	1495	1155	435
1261	537936	100	876	574
1262	538195	140	815	600
1263	538355	678	814	509
1264	539052	299	811	515
1265	539371	419	769	594
1266	539810	399	825	578
1267	540268	199	541	346
1268	540488	1794	555	367
1269	542322	159	793	578
1270	542501	1894	806	596
1271	544435	120	1007	271
1272	544575	738	1051	257
1273	545552	259	808	526
1274	545891	279	806	528
1275	546210	439	812	595
1276	546668	897	808	504
1277	547585	159	930	714
1278	547804	179	967	919
1279	548024	359	673	378
1280	548422	937	696	1004
1281	549419	319	816	559
1282	549958	239	813	600
1283	550217	359	813	571
1284	550755	279	804	541
1285	551054	359	814	638
1286	551433	578	1024	749
1287	552031	419	1027	763
1288	552609	419	883	599
1289	553068	1415	817	636
1290	554523	259	502	233
1291	554802	419	712	516
1292	555261	299	1039	366
1293	555600	279	708	932
1294	555918	179	759	889
1295	556138	259	1041	781
1296	556457	179	912	880
1297	556696	399	640	1008
1298	557115	558	633	1015
1299	557892	139	762	584
1300	558052	159	809	591
1301	558231	1495	804	540
1302	559766	120	471	463
1303	559906	498	413	474
1304	560424	518	414	480
1305	561122	1954	767	569
1306	563096	179	512	493
1307	563295	219	639	542
1308	563574	299	706	861
1309	563933	1595	1044	536
1310	565568	997	794	533
1311	566604	698	841	601
1312	567382	179	1017	987
1313	567601	279	1225	324
1314	567920	339	809	278
1315	568299	877	800	489
1316	569196	100	803	563
1317	569415	778	795	514
1318	570352	937	808	631
1319	571329	1076	581	455
1320	572625	399	785	585
1321	573044	100	811	618
1322	573343	1176	812	602
1323	574539	120	705	568
1324	574718	139	911	931
1325	574878	459	991	942
1326	575376	259	801	543
1327	575675	120	822	618
1328	575815	120	814	584
1329	576194	598	804	587
1330	576832	977	798	603
1331	577848	459	722	251
1332	578347	140	677	554
1333	578546	159	852	529
1334	578765	499	617	588
1335	579284	319	635	603
1336	579842	379	767	596
1337	580241	179	809	572
1338	580440	239	808	574
1339	580839	160	819	562
1340	581038	658	805	567
1341	581716	1017	1019	561
1342	583032	100	877	545
1343	583152	179	819	580
1344	583351	179	798	552
1345	583550	140	802	506
1346	583829	159	809	533
1347	584009	379	812	510
1348	584507	518	825	573
1349	585046	239	653	695
1350	585325	179	751	394
1351	585524	179	774	421
1352	585763	239	773	162
1353	586042	279	823	717
1354	586361	339	605	698
1355	586720	299	437	550
1356	587079	957	671	493
1357	588335	100	797	575
1358	588455	1176	799	557
1359	589651	777	779	541
1360	590468	419	558	223
1361	590907	120	587	250
1362	591086	239	988	344
1363	591385	1655	1081	719
1364	593200	120	850	567
1365	593339	1734	821	568
1366	595093	1176	963	580
