Data properties:
 
Recording date: 28/03/2008
Recording time : 14:34:02:630 (corresponds to time 0)
Study: AlasdairTPOnlyRoughness
Subject: MK
Recording: MK1
Screen resolution: 1600 x 1200
Coordinate unit: Pixels
 
 
Filter settings:
 
Eye: Average
Validity level: Normal
Fixation radius: 50
Min duration: 100
 
Fix number	Timestamp	Duration	GazepointX	GazepointY
 
1	73	199	890	458
2	312	738	806	573
3	1070	279	867	479
4	1369	1037	806	529
5	2445	219	1184	213
6	2724	1316	1153	663
7	4060	159	981	614
8	4240	1894	832	541
9	6173	140	1211	540
10	6393	1734	685	527
11	8147	1296	796	501
12	9463	100	698	509
13	9642	120	881	615
14	9782	1196	932	596
15	10998	1635	867	555
16	12653	1156	817	471
17	14108	259	845	479
18	14387	339	765	479
19	14746	718	780	488
20	15484	179	597	480
21	15683	1116	559	494
22	16839	399	778	517
23	17338	2392	776	508
24	19750	1535	799	499
25	21325	1954	1060	714
26	23319	817	813	537
27	24176	718	756	726
28	25173	1495	809	615
29	26688	259	771	606
30	26987	159	816	183
31	27166	1116	854	105
32	28482	538	869	340
33	29080	319	800	104
34	29479	219	822	650
35	29738	299	808	512
36	30077	379	867	694
37	30516	359	399	1053
38	30954	239	564	321
39	31253	239	550	613
40	31532	319	503	532
41	31891	299	519	385
42	32230	379	901	86
43	32669	399	1000	557
44	33107	738	950	819
45	33885	1655	742	951
46	35779	259	777	662
47	36058	658	790	558
48	36736	439	712	545
49	37314	139	663	193
50	37473	1136	649	171
51	38650	538	844	293
52	39228	897	702	234
53	40165	239	653	578
54	40424	199	662	507
55	40683	299	432	358
56	41042	339	720	831
57	41421	319	1061	445
58	41760	279	955	386
59	42079	339	639	566
60	42457	359	875	652
61	42836	399	787	468
62	43315	279	1248	945
63	43654	279	603	949
64	43953	997	757	949
65	45209	279	789	792
66	45508	299	794	662
67	45827	797	794	548
68	46644	279	721	526
69	46963	1356	516	696
70	48359	439	782	579
71	48817	299	824	553
72	49136	857	787	551
73	50033	479	600	649
74	50671	618	594	658
75	51309	259	719	613
76	51588	877	766	568
77	52485	439	652	599
78	52944	439	722	651
79	53522	718	738	627
80	54260	319	809	591
81	54599	359	732	608
82	54977	339	778	590
83	55336	518	696	656
84	55915	339	743	179
85	56293	379	769	543
86	56712	359	999	374
87	57150	399	1204	778
88	57589	239	879	1039
89	57848	538	1033	1020
90	58426	439	913	1012
91	58905	339	465	869
92	59383	279	515	531
93	59702	279	442	397
94	60021	359	800	291
95	60440	299	1138	397
96	60779	339	1017	588
97	61158	359	1240	636
98	61576	359	1240	161
99	61995	339	394	169
100	62374	877	619	564
101	63271	439	672	469
102	63729	359	608	568
103	64148	140	968	961
104	64308	439	889	865
105	64786	299	1205	1016
106	65125	319	1099	1020
107	65484	139	1215	801
108	65643	498	1221	808
109	66162	279	1271	888
110	66521	419	454	975
111	66979	339	427	698
112	67338	379	380	655
113	67757	518	543	766
114	68315	439	667	917
115	68893	578	696	733
116	69730	179	1208	171
117	69950	159	1210	158
118	70149	439	1283	459
119	70727	339	1191	259
120	71086	399	1281	238
121	71505	359	1319	315
122	71923	479	531	380
123	72561	159	280	352
124	72761	199	286	359
125	73000	558	570	554
126	73658	359	343	174
127	74136	359	286	132
128	74615	459	949	742
129	75113	279	783	894
130	75512	2691	973	717
131	78283	498	838	537
132	78801	459	826	599
133	79280	1216	706	504
134	80795	1595	769	530
135	82410	399	823	600
136	82829	479	794	516
137	83327	538	865	569
138	83905	379	708	777
139	84304	120	989	821
140	84443	439	938	794
141	84902	399	921	683
142	85360	379	441	773
143	85779	120	359	889
144	85919	179	303	879
145	86178	479	427	196
146	86696	299	792	151
147	87015	319	698	157
148	87414	498	1130	484
149	87952	299	1143	693
150	88311	100	1182	1079
151	88431	319	1198	982
152	88789	259	1190	817
153	89069	339	1112	820
154	89447	319	1220	806
155	89786	638	1160	780
156	90484	598	1193	527
157	91122	359	1123	301
158	91501	439	1091	252
159	91979	399	1220	187
160	92498	339	506	795
161	92876	479	643	713
162	93375	319	831	788
163	93754	2213	772	1004
164	96006	259	819	855
165	96305	499	811	606
166	96844	239	743	709
167	97123	2771	783	966
168	99914	259	785	810
169	100193	957	691	768
170	101369	1715	713	697
171	103104	120	792	685
172	103243	459	995	761
173	103742	319	581	1004
174	104120	339	988	968
175	104499	140	1329	939
176	104659	239	1276	923
177	104938	179	1180	856
178	105197	578	573	553
179	105895	259	397	196
180	106194	239	318	295
181	106513	339	638	960
182	106872	359	703	785
183	107250	459	809	795
184	107749	399	948	880
185	108168	558	943	1052
186	108785	319	440	1014
187	109164	239	999	477
188	109443	140	1002	482
189	109623	419	1093	96
190	110061	299	926	84
191	110420	459	468	180
192	110919	239	472	280
193	111178	459	602	359
194	111676	379	678	484
195	112095	758	958	521
196	112892	977	1153	528
197	113909	319	1191	645
198	114268	738	512	586
199	115026	379	746	637
200	115424	259	796	707
201	115723	419	655	499
202	116321	379	894	772
203	116740	439	1036	714
204	117219	439	1074	848
205	117717	399	472	819
206	118136	3010	426	726
207	121166	199	561	677
208	121385	459	769	580
209	121864	658	683	597
210	122542	718	848	658
211	123459	159	836	608
212	123658	1415	807	616
213	125093	478	762	594
214	125612	279	929	691
215	125911	379	1065	644
216	126330	139	720	724
217	126509	219	1047	636
218	126748	1356	1105	638
219	128463	419	900	610
220	128901	1356	795	605
221	130297	219	613	855
222	130536	917	584	926
223	131712	638	662	787
224	132390	638	792	657
225	133048	518	706	637
226	133626	279	909	956
227	134005	279	855	639
228	134344	538	1024	956
229	134942	359	1154	464
230	135321	319	1156	613
231	135700	199	526	531
232	135919	1356	471	446
233	137294	439	629	491
234	137773	1077	800	535
235	138870	319	698	496
236	139208	359	576	525
237	139587	100	634	637
238	139747	2073	905	185
239	141860	319	827	424
240	142199	459	805	550
241	143036	199	808	360
242	143275	259	822	176
243	143594	319	439	874
244	143933	279	549	916
245	144252	359	553	566
246	144631	219	491	636
247	144890	339	668	565
248	145269	399	946	122
249	145688	399	955	259
250	146106	359	977	126
251	146505	419	995	525
252	146964	538	1049	767
253	147582	439	1105	969
254	148060	259	545	908
255	148339	319	648	986
256	148698	299	397	774
257	149017	419	452	828
258	149515	518	1089	508
259	150114	419	1105	182
260	150572	279	1198	175
261	150871	379	1269	254
262	151310	259	406	279
263	151589	439	499	344
264	152047	419	631	474
265	152486	199	630	558
266	152745	459	709	352
267	153263	199	750	636
268	153503	279	753	630
269	153822	239	694	444
270	154081	239	699	457
271	154340	319	748	580
272	154679	319	735	582
273	155038	459	1077	651
274	155536	339	1023	787
275	155915	399	1187	997
276	156354	439	1059	795
277	156852	479	558	836
278	157350	439	352	807
279	157849	339	605	1026
280	158208	299	538	939
281	158527	798	717	1015
282	159384	319	533	687
283	159743	1954	475	617
284	161736	558	780	570
285	162315	299	645	576
286	162633	618	757	561
287	163271	578	761	548
288	163870	718	682	591
289	165145	1376	779	553
290	166561	259	622	558
291	166840	179	731	433
292	167079	239	708	842
293	167338	1336	624	813
294	168714	1276	720	767
295	170010	160	741	628
296	170189	698	974	539
297	171146	578	1095	490
298	171784	279	1446	579
299	172103	419	892	551
300	172622	159	930	524
301	172801	259	817	528
302	173100	917	570	565
303	174057	458	705	568
304	174535	439	801	565
305	174994	718	736	554
306	175752	160	643	405
307	175931	658	647	371
308	176629	179	814	613
309	176848	439	702	710
310	177347	199	610	521
311	177586	159	627	374
312	177785	738	657	389
313	178563	339	680	163
314	178941	399	651	375
315	179360	199	641	402
316	179619	479	442	724
317	180118	419	559	846
318	180576	498	660	608
319	181114	219	651	391
320	181354	179	667	376
321	181633	379	1005	907
322	182051	219	858	751
323	182291	797	997	776
324	183108	239	1156	665
325	183387	279	1003	762
326	183706	379	1188	623
327	184284	1575	1000	779
328	185879	499	868	713
329	186398	1714	806	590
330	188132	199	987	733
331	188351	2751	1049	732
332	191142	379	884	635
333	191661	518	905	265
334	192259	100	896	284
335	192398	100	911	266
336	192538	339	912	264
337	193096	658	895	380
338	193774	379	833	497
339	194193	439	871	328
340	194651	179	952	501
341	194850	1774	997	497
342	196645	279	873	520
343	196944	159	1001	445
344	197123	2911	883	476
345	200054	1077	1047	431
346	201629	678	965	462
347	202406	638	963	471
348	203104	139	444	461
349	203304	159	1123	642
350	203483	2731	1083	572
351	206254	159	780	547
352	206454	159	894	200
353	206733	179	960	189
354	206952	1216	955	181
355	208367	379	882	442
356	208786	578	911	263
357	209404	139	677	746
358	209603	1376	506	591
359	211019	259	739	552
360	211298	1655	802	549
361	213033	2572	1129	747
362	215644	299	865	597
363	215963	558	832	544
364	216541	538	702	557
365	217319	718	694	542
366	218056	698	816	544
367	218774	219	769	540
368	219013	239	841	526
369	219273	857	785	527
370	220190	439	746	685
371	220668	359	1031	502
372	221067	339	1173	142
373	221466	299	460	287
374	221804	379	827	270
375	222243	279	653	799
376	222542	1695	670	995
377	224277	1535	791	584
378	225832	538	834	554
379	226410	199	709	743
380	226649	219	415	624
381	226888	1396	369	597
382	228344	359	782	559
383	228722	478	812	566
384	229221	1057	780	578
385	230317	279	796	861
386	230676	339	378	174
387	231075	359	746	315
388	231473	479	1140	456
389	232032	359	586	945
390	232431	319	390	984
391	232809	518	933	595
392	233368	299	777	416
393	233706	439	1218	106
394	234205	379	1212	544
395	234683	439	1084	937
396	235162	419	610	875
397	235640	459	551	506
398	236159	359	506	746
399	236577	339	352	257
400	236936	359	481	350
401	237315	159	659	402
402	237534	159	413	123
403	237913	379	1021	620
404	238312	518	1081	693
405	238870	459	952	916
406	239368	399	522	966
407	239807	319	725	1029
408	240186	379	693	683
409	240584	558	711	548
410	241163	678	658	405
411	241900	598	1205	328
412	242638	239	1209	215
413	242977	439	1161	631
414	243475	498	1265	358
415	244093	379	1220	766
416	244512	339	1219	1008
417	244891	339	1179	805
418	245289	359	710	666
419	245888	379	524	754
420	246306	439	368	644
421	246765	279	330	453
422	247064	299	301	378
423	247423	339	451	453
424	247801	419	743	625
425	248260	399	666	423
426	248698	439	962	295
427	249436	419	1211	221
428	249974	518	1194	485
429	250533	399	1202	623
430	250971	459	1189	786
431	251510	379	1203	600
432	251948	399	1245	351
433	252407	359	800	585
434	252825	339	419	660
435	253304	558	723	854
436	253902	459	941	883
437	254400	498	1254	939
438	254939	578	1075	621
439	255537	459	1241	696
440	256055	658	835	517
441	256753	658	1017	480
442	257490	339	698	400
443	257849	419	717	577
444	258308	379	694	868
445	258707	459	705	1038
446	259205	439	767	893
447	259703	379	351	986
448	260122	379	346	727
449	260561	299	406	311
450	260920	259	303	114
451	261238	558	722	338
452	261817	319	779	201
453	262395	259	1184	169
454	262694	359	1294	320
455	263172	479	1207	666
456	263671	558	1195	888
457	264269	399	979	751
458	264687	379	980	800
459	265106	419	725	788
460	265565	478	773	604
461	266083	518	671	426
462	266701	538	1091	424
463	267299	439	1027	647
464	267778	179	1071	708
465	267977	259	928	803
466	268256	379	846	895
467	268655	259	917	906
468	268954	279	504	867
469	269253	379	606	864
470	269672	698	373	688
471	270469	179	843	720
472	270768	339	1004	998
473	271167	359	1284	1030
474	271565	219	842	941
475	271805	797	913	953
476	272622	399	798	971
477	273101	459	1200	630
478	273619	419	1204	286
479	274077	179	1239	417
480	274277	239	1232	448
481	274576	439	749	332
482	275054	359	770	522
483	275453	3589	834	219
484	279281	698	778	443
485	279998	758	799	470
486	280776	299	807	515
487	281135	199	536	860
488	281354	538	466	951
489	281952	319	594	536
490	282311	279	411	321
491	282610	2153	563	314
492	285302	399	767	528
493	285720	239	802	472
494	285999	718	707	398
495	286737	797	764	469
496	287873	678	790	480
497	288571	1077	776	473
498	289668	239	783	302
499	289986	279	779	795
500	290306	219	837	552
501	290545	319	888	519
502	290924	299	589	894
503	291262	319	617	1020
504	291641	319	1230	1009
505	292020	379	1111	436
506	292459	279	1120	89
507	292857	299	576	246
508	293196	299	655	340
509	293715	339	328	300
510	294133	359	430	950
511	294532	359	617	747
512	294931	379	1003	931
513	295350	459	1186	1023
514	295848	379	1220	564
515	296267	698	1147	404
516	297004	419	1288	546
517	297502	100	1080	765
518	297622	479	1205	750
519	298121	279	1334	840
520	298420	199	1306	848
521	298699	459	530	809
522	299177	419	617	782
523	299616	379	405	970
524	300035	399	353	635
525	300493	299	528	417
526	300832	379	704	480
527	301251	199	473	313
528	301490	100	719	558
529	301609	977	684	477
530	302626	359	808	487
531	303005	518	881	524
532	303563	139	653	451
533	303743	658	698	464
534	304440	299	974	137
535	304759	499	1070	266
536	305298	678	1169	389
537	306055	359	697	373
538	306434	977	724	459
539	307471	379	839	149
540	307869	239	891	179
541	308149	439	422	232
542	308607	319	520	383
543	308946	359	669	380
544	309325	518	733	472
545	309943	439	932	787
546	310421	439	1229	1014
547	310920	379	1124	684
548	311318	319	1277	649
549	311717	299	749	447
550	312036	598	702	467
551	312674	359	744	654
552	313053	339	776	563
553	313432	538	819	797
554	314030	459	1161	525
555	314528	399	1205	252
556	314947	479	1282	302
557	315505	379	452	353
558	315924	379	349	539
559	316342	478	604	506
560	316841	638	699	424
561	317499	339	698	542
562	317858	439	865	458
563	318336	439	628	484
564	318795	1396	711	475
565	320230	459	693	366
566	320708	5024	741	481
567	325792	2751	503	380
568	328763	1276	762	482
569	330059	578	699	459
570	330677	239	625	783
571	330936	2034	555	904
572	333029	299	731	562
573	333348	997	736	547
574	334385	219	987	721
575	334624	399	866	720
576	335043	1077	870	702
577	336139	1396	806	621
578	337555	319	633	651
579	337933	399	1053	322
580	338352	1854	1166	372
581	340525	199	975	484
582	340764	1037	818	489
583	341821	239	779	506
584	342080	459	952	382
585	342599	658	960	380
586	343595	917	933	439
587	344532	957	841	480
588	345509	319	908	543
589	345868	159	967	469
590	346048	1934	994	482
591	348001	1535	831	497
592	349576	239	904	764
593	349835	1336	957	941
594	351510	518	976	695
595	352048	399	863	697
596	352467	778	821	645
597	353304	219	1247	895
598	353583	199	1033	461
599	353803	1814	1047	439
600	355637	857	934	482
601	356514	678	845	513
602	357212	100	904	549
603	357331	1396	1034	501
604	359026	1156	925	522
605	360202	159	1024	500
606	360422	179	450	511
607	360621	877	386	517
608	361538	219	526	527
609	361797	319	818	558
610	362136	558	769	567
611	362814	319	796	554
612	363153	479	674	532
613	363651	339	726	595
614	364050	379	934	1002
615	364489	259	951	429
616	364768	239	1048	361
617	365047	359	1047	527
618	365465	459	512	350
619	365964	339	699	165
620	366343	399	799	380
621	366821	399	708	806
622	367240	239	482	873
623	367499	259	385	1037
624	367798	538	620	860
625	368376	339	815	721
626	368795	339	1251	703
627	369174	379	1064	536
628	369592	439	1251	390
629	370091	279	1217	956
630	370390	1336	1131	832
631	371805	219	483	981
632	372164	179	1043	867
633	372363	2731	1121	797
634	375115	239	987	730
635	375394	279	834	577
636	375713	339	1100	376
637	376092	439	1089	684
638	376570	319	1143	942
639	376949	339	700	812
640	377327	279	390	647
641	377666	279	1067	522
642	378005	179	1005	209
643	378205	379	952	149
644	378663	299	983	719
645	379002	3349	880	830
646	382371	199	868	752
647	382611	678	804	588
648	383308	419	1037	431
649	383747	618	968	372
650	384485	319	935	857
651	384843	339	835	647
652	385202	239	825	601
653	385481	2412	974	355
654	388412	359	923	466
655	388791	977	817	485
656	389788	319	991	427
657	390146	419	907	739
658	390585	5582	909	838
659	396207	538	902	736
660	396805	140	680	421
661	396985	2771	475	321
662	399836	1276	828	502
663	401151	399	628	702
664	401630	339	516	244
665	402029	479	1088	420
666	402547	219	951	622
667	402806	100	904	763
668	402926	4545	949	910
669	407790	179	882	800
670	408009	1495	800	604
671	409545	1097	934	804
672	410721	2911	930	819
673	413651	1176	873	731
674	414868	758	534	884
675	415645	678	522	892
676	416642	1097	690	808
677	417778	459	788	593
678	418277	319	674	827
679	418656	379	486	318
680	419074	339	951	282
681	419453	339	833	592
682	419812	379	998	560
683	420250	379	984	921
684	420689	399	426	861
685	421128	399	359	480
686	421606	159	929	134
687	421825	239	422	119
688	422124	478	1157	297
689	422722	219	1269	248
690	423021	319	1234	755
691	423360	399	1176	613
692	423799	219	1135	979
693	424058	299	1274	1017
694	424417	339	758	919
695	424796	518	883	813
696	425354	459	763	546
697	425833	359	884	455
698	426231	319	574	379
699	426590	299	620	552
700	426929	199	507	607
701	427168	359	375	694
702	427547	239	451	752
703	427806	279	473	907
704	428125	319	689	825
705	428484	299	1014	733
706	428823	339	1018	830
707	429202	439	869	475
708	429660	399	963	545
709	430119	379	1177	94
710	430517	140	1208	210
711	430677	179	1238	256
712	430916	319	679	306
713	431255	439	796	312
714	431734	299	353	309
715	432053	439	411	358
716	432531	339	678	476
717	432890	439	808	505
718	433349	219	902	554
719	433588	279	850	607
720	433907	359	985	554
721	434305	319	1147	593
722	434644	339	1077	725
723	435023	379	987	825
724	435442	339	834	859
725	435821	299	693	805
726	436179	2412	606	593
727	438612	817	767	574
728	439449	319	771	566
729	439788	279	663	561
730	440087	658	774	559
731	440765	299	566	555
732	441104	479	899	685
733	441602	339	979	812
734	441961	399	1042	633
735	442400	319	1062	418
736	442778	239	740	308
737	443097	379	598	784
738	443496	359	680	659
739	443895	339	599	506
740	444294	319	452	109
741	444652	100	614	261
742	444772	379	806	282
743	445171	359	919	330
744	445569	299	1117	467
745	445908	479	1042	636
746	446427	279	1061	856
747	446726	2672	1108	849
748	449417	638	1064	830
749	450095	459	958	638
750	450573	339	896	815
751	450932	319	981	777
752	451291	439	730	565
753	451790	359	612	797
754	452168	399	739	910
755	452587	359	913	988
756	453006	459	1065	479
757	453564	419	1032	615
758	454042	419	567	585
759	454481	419	751	539
760	454959	439	847	293
761	455438	1236	767	176
762	456853	2034	781	162
763	458967	897	843	467
764	459884	279	827	541
765	460183	598	789	456
766	460801	2911	882	517
767	463731	179	829	390
768	463951	578	1071	449
769	464768	259	1072	439
770	465067	758	1071	446
771	465904	498	1880	717
772	466463	219	951	553
773	466722	359	817	545
774	467121	917	904	467
775	468078	379	754	850
776	468476	299	723	968
777	468815	219	985	825
778	469074	139	803	953
779	469234	1415	723	976
780	470849	1515	724	980
781	472404	817	909	864
782	473241	279	854	780
783	473560	598	825	634
784	474178	319	999	718
785	474537	439	1191	678
786	474995	299	1284	677
787	475354	299	649	556
788	475693	259	772	356
789	475972	239	766	253
790	476271	498	646	917
791	476810	379	715	702
792	477248	399	410	494
793	477667	379	604	360
794	478086	479	1060	237
795	478584	419	1002	208
796	479082	299	1167	781
797	479421	359	1152	978
798	479840	359	1029	615
799	480219	359	1235	693
800	480597	199	1301	705
801	480896	498	727	249
802	481435	379	1155	326
803	481854	359	1000	35
804	482272	419	642	269
805	482731	339	567	491
806	483090	299	624	614
807	483428	319	640	805
808	483767	259	780	916
809	484066	199	994	974
810	484286	419	839	937
811	484724	299	996	894
812	485043	379	1106	822
813	485442	359	1214	824
814	485861	399	832	439
815	486299	299	1116	239
816	486638	199	1232	308
817	486858	439	1224	356
818	487436	279	1288	241
819	487854	299	550	500
820	488273	219	709	550
821	488552	199	402	470
822	488791	1974	721	548
823	491084	638	788	562
824	491742	598	780	539
825	492360	319	755	556
826	492719	179	931	470
827	492918	1057	1003	453
828	494274	578	894	488
829	494872	578	811	515
830	495470	598	772	518
831	496108	319	528	556
832	496467	399	286	435
833	496945	299	505	981
834	497324	239	906	574
835	497603	219	922	801
836	497862	459	923	999
837	498401	339	1183	361
838	498780	259	1265	181
839	499078	2711	1161	422
840	502228	478	840	514
841	502727	459	776	539
842	503205	219	819	509
843	503444	319	768	494
844	503803	319	615	698
845	504182	339	1025	270
846	504561	399	1112	664
847	505000	100	846	809
848	505119	319	842	800
849	505478	399	1193	694
850	505937	319	451	429
851	506276	1774	527	394
852	508648	578	757	481
853	509246	239	807	499
854	509505	219	717	460
855	509744	319	823	485
856	510103	1894	1045	242
857	512037	179	864	407
858	512236	857	808	482
859	513134	259	667	293
860	513413	359	911	110
861	513851	339	748	939
862	514210	1714	685	1010
863	515945	219	684	978
864	516184	319	791	908
865	516543	100	858	697
866	516662	618	816	546
867	517300	399	804	521
868	517739	379	1169	657
869	518177	239	753	332
870	518437	279	767	295
871	518795	399	551	857
872	519234	100	1015	816
873	519354	100	951	758
874	519473	2193	1023	719
875	521686	279	933	699
876	522025	977	828	580
877	523022	219	748	624
878	523301	219	1244	209
879	523540	100	1270	187
880	523740	319	656	939
881	524079	1934	637	959
882	526032	120	699	816
883	526192	459	752	653
884	526670	259	694	720
885	526969	279	499	875
886	527288	219	463	396
887	527528	299	386	484
888	527847	1894	400	483
889	529860	1136	793	556
890	531036	239	1256	365
891	531335	279	641	254
892	531654	419	1249	205
893	532133	359	924	500
894	532512	1794	1045	509
895	534804	359	894	531
896	535183	917	796	562
897	536120	239	782	560
898	536379	897	795	487
899	537555	738	812	542
900	538552	937	787	538
901	539529	1356	587	465
902	540905	279	725	509
903	541204	1296	753	521
904	542520	319	670	443
905	542898	319	469	903
906	543257	399	877	812
907	543696	359	897	500
908	544115	359	1114	962
909	544513	359	1252	959
910	544912	299	911	926
911	545231	2711	1010	936
912	547982	1116	829	595
913	549158	299	836	933
914	549517	359	551	515
915	549896	319	655	563
916	550255	179	728	368
917	550494	957	610	585
918	551631	817	620	584
919	552468	379	752	561
920	552946	1555	789	585
921	554521	160	698	588
922	554721	159	941	547
923	554900	1256	1029	534
924	556495	339	895	536
925	556854	1116	841	565
926	558010	139	776	810
927	558309	259	399	477
928	558588	299	414	570
929	559027	379	1037	719
930	559446	299	888	1046
931	559804	439	1115	376
932	560382	120	1194	224
933	560662	419	1222	517
934	561120	379	1168	949
935	561539	359	1168	672
936	562097	379	580	884
937	562516	319	378	955
938	562914	259	478	338
939	563214	319	622	145
940	563592	100	1251	290
941	563712	379	1116	312
942	564131	179	1202	414
943	564350	419	1230	507
944	564808	299	1226	620
945	565127	359	1292	685
946	565586	159	1051	688
947	565785	339	1111	534
948	566144	359	1101	448
949	566643	239	1145	166
950	566962	239	1262	229
951	567300	439	632	453
952	567819	259	644	895
953	568098	439	619	673
954	568616	379	1136	1016
955	569035	937	1120	706
956	570012	279	1325	665
957	570351	459	1097	467
958	570849	339	1020	98
959	571547	359	410	471
960	571946	279	394	602
961	572285	419	450	941
962	572723	359	508	841
963	573122	479	948	916
964	573620	797	1136	967
965	574478	479	909	730
966	574976	120	1039	759
967	575135	459	787	622
968	575634	479	486	578
969	576152	538	891	407
970	576710	359	956	306
971	577089	399	911	224
972	577548	459	1173	396
973	578046	459	1179	686
974	578525	399	1298	680
975	578963	379	1178	935
976	579362	439	1141	886
977	579840	219	1015	936
978	580080	439	1245	972
979	580558	299	1148	931
980	580937	439	643	1015
981	581395	259	737	1021
982	581694	159	705	868
983	581894	279	663	585
984	582213	339	521	391
985	582592	299	422	559
986	582950	319	420	253
987	583309	439	690	290
988	583788	199	779	194
989	584027	279	761	72
990	584346	299	1113	189
991	584665	419	1035	347
992	585104	140	985	410
993	585263	538	812	496
994	585841	518	1159	460
995	586519	299	1223	208
996	586878	319	503	85
997	587217	339	709	71
998	587576	339	772	10
999	587954	498	636	108
1000	588493	379	345	154
1001	588891	120	479	283
1002	589031	439	615	309
1003	589490	957	663	308
1004	590486	698	520	403
1005	591204	359	434	413
1006	591603	897	695	417
1007	592520	419	851	420
1008	592958	917	986	445
1009	593915	279	522	542
1010	594214	459	602	549
1011	594693	459	417	569
1012	595191	817	644	580
1013	596049	359	847	560
1014	596427	498	1062	507
1015	596966	758	882	587
1016	597763	518	679	622
1017	598301	359	793	621
1018	598700	538	1082	651
1019	599318	379	833	608
1020	599737	439	680	678
1021	600195	578	793	671
1022	600813	419	953	680
1023	601252	459	911	758
1024	601850	439	1053	695
1025	602328	419	1121	912
1026	602787	259	913	849
1027	603066	698	876	783
1028	603804	459	569	779
1029	604282	359	440	756
1030	604681	439	472	981
1031	605239	319	581	849
1032	605578	498	717	817
1033	606116	399	593	905
1034	606615	1236	973	903
1035	607871	1794	1072	939
1036	609705	618	885	1002
1037	610343	359	791	999
1038	610742	519	983	1033
1039	611340	279	866	436
1040	611659	558	915	302
1041	612257	399	1195	433
1042	612676	379	1141	582
1043	613114	259	534	572
1044	613393	379	604	561
1045	613812	279	671	363
1046	614111	478	753	428
1047	614669	518	737	47
1048	615287	399	788	450
1049	615726	2831	674	500
1050	618916	1714	791	528
1051	620650	419	723	539
1052	621089	339	610	467
1053	621467	379	612	282
1054	622026	379	851	622
1055	622444	518	696	548
1056	623022	439	974	907
1057	623521	279	1072	590
1058	623820	439	1101	490
1059	624318	339	441	532
1060	624677	897	569	462
1061	625654	399	591	569
1062	626093	259	757	618
1063	626372	379	814	620
1064	626790	518	756	783
1065	627349	359	779	976
1066	627747	339	960	965
1067	628146	339	465	1002
1068	628505	339	602	1018
1069	628864	498	666	1045
1070	629422	419	1129	1026
1071	629880	379	1240	986
1072	630319	419	1266	477
1073	630837	359	1242	260
1074	631236	359	580	190
1075	631615	379	645	242
1076	632014	319	679	167
1077	632373	359	297	138
1078	632771	439	635	444
1079	633230	479	758	430
1080	633728	399	796	412
1081	634167	1077	1026	396
1082	635263	1037	1071	490
1083	636340	738	772	529
1084	637098	359	697	603
1085	637496	299	495	527
1086	637815	359	544	544
1087	638194	339	427	626
1088	638593	100	789	620
1089	638712	498	999	623
1090	639231	1356	1086	662
1091	640606	1097	1102	654
1092	642002	279	984	589
1093	642301	1396	833	583
1094	643736	518	964	553
