Data properties:
 
Recording date: 31/03/2008
Recording time : 11:35:02:804 (corresponds to time 0)
Study: AlasdairTPOnlyRoughness
Subject: MY
Recording: my4
Screen resolution: 1600 x 1200
Coordinate unit: Pixels
 
 
Filter settings:
 
Eye: Average
Validity level: Normal
Fixation radius: 50
Min duration: 100
 
Fix number	Timestamp	Duration	GazepointX	GazepointY
 
1	266	1037	788	604
2	1661	159	759	317
3	2060	219	913	357
4	2319	199	799	473
5	2658	259	514	255
6	2957	120	521	599
7	3097	219	430	845
8	3416	279	596	464
9	3715	718	574	570
10	4712	618	979	348
11	5369	1156	777	419
12	6566	239	534	695
13	6825	439	603	756
14	7503	359	752	417
15	7901	299	1252	265
16	8240	738	794	352
17	8998	518	742	458
18	9556	518	923	388
19	10373	658	823	365
20	11051	219	748	492
21	11291	219	797	507
22	11530	718	812	374
23	12267	139	676	577
24	12427	120	705	705
25	12666	499	785	316
26	13444	219	760	531
27	13703	638	1053	273
28	14381	618	764	266
29	15039	339	785	381
30	15437	518	918	710
31	16314	977	826	369
32	17311	837	772	352
33	18188	219	723	599
34	18428	140	684	810
35	18607	339	668	682
36	18986	359	580	987
37	19365	199	599	1050
38	19823	1316	738	420
39	21179	199	851	493
40	21398	379	764	519
41	21817	479	466	583
42	22515	279	730	426
43	22814	558	895	498
44	23412	239	602	382
45	23691	758	769	411
46	24468	538	926	584
47	25206	239	947	344
48	25505	578	810	516
49	26123	698	759	346
50	26861	259	871	469
51	27160	299	619	405
52	27499	339	651	951
53	27878	339	413	345
54	28276	319	1101	238
55	28795	259	1021	428
56	29114	399	796	77
57	29552	399	741	469
58	29991	279	714	776
59	30290	379	488	915
60	30709	299	598	1041
61	31047	538	1116	695
62	31626	319	1145	878
63	32004	698	1196	333
64	32722	259	1203	124
65	33021	219	853	128
66	33260	459	807	136
67	33759	299	453	157
68	34078	199	632	166
69	34317	299	609	432
70	34636	179	432	372
71	34835	957	598	533
72	36251	299	767	565
73	36570	817	735	409
74	37407	578	766	407
75	38025	638	964	744
76	38942	1196	828	428
77	40178	598	769	355
78	40796	499	719	438
79	41514	1156	825	423
80	42690	698	752	373
81	43428	120	712	462
82	43567	279	645	727
83	43946	598	598	543
84	44903	140	832	448
85	45402	518	815	425
86	46099	1296	750	411
87	47634	798	778	428
88	48452	219	818	349
89	48691	239	747	422
90	48950	299	796	433
91	49289	219	797	394
92	49608	179	557	462
93	49827	638	614	825
94	50764	339	694	520
95	51123	399	779	462
96	51542	598	708	388
97	52160	379	804	479
98	52658	618	422	594
99	53536	518	840	340
100	54094	678	771	538
101	54792	279	495	438
102	55091	239	833	425
103	55350	219	654	433
104	55609	399	582	739
105	56127	179	623	889
106	56327	478	701	872
107	57164	598	863	383
108	57782	439	767	461
109	58240	658	732	347
110	58938	478	851	257
111	59716	837	853	337
112	60593	419	808	514
113	61052	478	837	263
114	61630	159	490	377
115	61829	239	678	717
116	62088	459	809	882
117	62766	279	983	468
118	63105	199	1857	533
119	63364	299	847	445
120	63683	259	745	483
121	63982	658	797	259
122	64660	140	707	371
123	64819	299	639	669
124	65158	179	421	576
125	65378	339	490	1001
126	65776	299	1081	356
127	66115	459	853	351
128	66614	379	469	370
129	67012	120	590	619
130	67152	259	641	701
131	67451	259	1041	924
132	67750	159	692	735
133	67930	817	665	671
134	69106	439	888	352
135	69744	478	803	504
136	70262	558	711	322
137	70840	120	739	405
138	71060	239	558	695
139	71339	159	684	944
140	71518	319	660	998
141	72116	339	733	600
142	72475	399	799	523
143	72914	259	747	312
144	73193	459	779	370
145	73691	100	781	386
146	73811	199	755	477
147	74150	279	609	435
148	74469	279	797	902
149	74768	399	823	972
150	75426	399	780	430
151	75924	658	803	524
152	76622	718	787	410
153	77379	219	742	783
154	77619	479	861	729
155	78316	917	839	391
156	79253	140	769	488
157	79413	1316	771	499
158	81028	1057	793	428
159	82104	738	783	488
160	82882	199	861	660
161	83101	140	940	771
162	83261	399	888	764
163	83938	897	837	428
164	84855	219	733	404
165	85095	718	809	446
166	85852	299	868	649
167	86171	160	818	694
168	86371	160	621	1006
169	86550	179	681	909
170	86749	638	640	822
171	87667	658	837	406
172	88344	758	800	536
173	89142	459	761	350
174	89640	179	636	578
175	89840	618	475	419
176	90677	359	764	350
177	91056	638	787	515
178	91734	917	740	288
179	92690	139	678	562
180	92870	299	844	764
181	93288	279	943	1055
182	93608	299	535	655
183	94026	339	619	447
184	94405	439	1092	312
185	94903	100	1174	156
186	95043	738	773	120
187	96040	179	681	432
188	96259	498	807	536
189	96797	259	709	132
190	97076	299	784	200
191	97395	558	762	304
192	97994	179	712	545
193	98193	678	829	762
194	99070	837	752	452
195	99947	239	790	602
196	100206	758	769	404
197	100984	518	689	505
198	101742	2412	765	374
199	104433	937	808	412
200	105490	140	738	295
201	105649	638	793	288
202	106307	678	752	512
203	107264	897	796	419
204	108181	957	772	364
205	109297	598	745	734
206	110135	997	796	407
207	111151	359	775	335
208	111550	459	808	355
209	112128	459	558	418
210	112766	498	726	386
211	113285	1097	706	375
212	114401	259	725	384
213	114680	140	502	398
214	114840	419	453	390
215	115498	658	680	401
216	116175	239	646	303
217	116435	179	785	392
218	116634	758	713	373
219	117451	120	647	820
220	117611	120	511	529
221	117750	419	514	471
222	118209	199	1094	360
223	118528	120	640	181
224	118687	538	734	98
225	119505	1017	785	422
226	120561	499	721	172
227	121100	319	847	287
228	121459	159	1017	714
229	121658	459	976	851
230	122376	239	838	469
231	122635	459	773	510
232	123133	399	753	265
233	123552	479	836	290
234	124050	219	715	353
235	124290	199	611	485
236	124509	658	860	722
237	125406	957	792	513
238	126423	299	840	195
239	126742	299	705	283
240	127061	219	779	312
241	127300	159	648	395
242	127499	638	613	540
243	128376	738	686	475
244	129154	219	826	362
245	129393	239	716	370
246	129652	578	775	408
247	130350	618	535	337
248	131247	419	748	505
249	131706	279	736	151
250	132025	199	763	434
251	132244	299	674	326
252	132563	1116	755	276
253	133859	718	801	343
254	134597	219	717	296
255	134836	558	764	261
256	135434	239	825	607
257	135773	518	855	434
258	136510	179	851	427
259	136710	757	788	478
260	137507	817	797	299
261	138444	518	808	480
262	139282	1415	795	421
263	140717	219	761	328
264	140956	219	839	364
265	141195	100	781	403
266	141335	359	742	170
267	141734	359	976	707
268	142113	219	891	649
269	142352	817	952	598
270	143388	797	779	530
271	144226	299	753	237
272	144545	259	868	283
273	144844	419	780	360
274	145382	1535	616	642
275	147156	957	799	511
276	148133	259	753	327
277	148412	259	798	418
278	148692	159	797	411
279	148891	100	697	530
280	149011	538	616	598
281	149908	658	779	430
282	150605	159	825	308
283	150785	239	733	410
284	151044	558	782	443
285	151622	120	682	465
286	151762	179	624	486
287	151981	359	592	852
288	152380	339	1010	623
289	152759	239	1111	217
290	153018	140	807	185
291	153177	319	516	259
292	153536	339	800	893
293	153895	1037	854	758
294	155211	678	775	536
295	155928	598	779	274
296	156566	279	788	485
297	156865	179	759	451
298	157065	538	680	481
299	157802	797	790	493
300	158620	179	716	333
301	158819	857	763	350
302	159696	139	708	446
303	159876	100	501	417
304	159995	159	410	426
305	160195	518	731	811
306	160753	439	890	779
307	161271	339	1011	276
308	161650	419	632	290
309	162089	199	513	398
310	162348	578	545	902
311	162946	239	494	1028
312	163205	379	427	988
313	163644	518	1041	894
314	164202	259	1089	770
315	164501	299	1134	946
316	164840	399	751	991
317	165279	339	755	702
318	165637	139	559	708
319	165797	239	452	689
320	166056	219	462	702
321	166315	199	451	833
322	166554	558	1081	649
323	167153	179	1004	371
324	167372	917	1219	621
325	168648	139	738	354
326	169086	1037	784	451
327	170143	419	823	461
328	170602	339	976	768
329	170960	339	865	753
330	171319	538	889	910
331	172137	319	745	494
332	172476	538	782	525
333	173034	140	781	436
334	173193	399	764	319
335	173612	379	774	501
336	174011	558	912	475
337	174788	1555	785	497
338	176363	379	762	451
339	176762	498	710	173
340	177500	698	772	587
341	178297	678	788	246
342	179015	359	777	436
343	179393	139	713	383
344	179553	140	663	338
345	179732	319	859	722
346	180071	718	722	719
347	181248	339	889	511
348	181606	478	795	530
349	182145	379	823	173
350	182563	259	749	522
351	182842	140	791	300
352	183002	538	840	393
353	183819	937	831	515
354	184796	498	834	333
355	185315	319	813	438
356	185654	100	732	438
357	185773	738	651	652
358	186750	399	782	532
359	187189	638	689	364
360	187866	199	704	627
361	188106	140	724	522
362	188265	439	695	353
363	188803	179	667	704
364	189003	439	698	751
365	189740	399	778	519
366	190159	339	785	472
367	190518	379	756	289
368	190937	578	779	493
369	191535	140	761	524
370	191714	578	1164	568
371	192591	797	795	574
372	193429	997	783	361
373	194465	120	690	538
374	194605	478	683	605
375	195363	897	762	470
376	196299	479	807	313
377	196798	359	748	464
378	197177	159	659	640
379	197376	199	710	876
380	197595	100	811	1079
381	197715	419	788	979
382	198492	678	760	471
383	199210	299	808	329
384	199529	179	707	353
385	199748	499	781	307
386	200267	100	691	335
387	200386	339	635	619
388	200765	159	796	323
389	200945	518	1037	235
390	201742	199	849	830
391	201981	638	782	591
392	202679	339	809	240
393	203038	598	889	299
394	203696	100	793	594
395	203815	598	637	821
396	204713	299	827	436
397	205032	558	784	512
398	205650	219	761	257
399	205889	459	855	231
400	206367	199	772	488
401	206587	538	833	498
402	207404	518	808	399
403	207962	1276	801	542
404	209378	598	426	557
405	210255	1136	773	527
406	211411	299	708	372
407	211730	538	761	373
408	212308	239	1174	299
409	212647	259	654	618
410	212926	678	466	895
411	213903	1236	814	407
412	215159	618	765	479
413	215797	578	876	333
414	216674	140	703	754
415	216854	479	782	567
416	217352	319	738	399
417	217691	538	769	463
418	218329	239	742	516
419	218728	199	875	243
420	218947	120	688	247
421	219087	479	691	250
422	219804	977	762	556
423	220821	179	610	288
424	221040	299	805	282
425	221359	479	718	252
426	221858	179	955	286
427	222077	698	912	761
428	222994	817	828	484
429	223851	319	810	281
430	224210	678	773	399
431	224908	100	671	446
432	225048	199	602	716
433	225287	299	523	918
434	225646	718	609	405
435	226643	120	666	730
436	226802	479	821	563
437	227320	439	696	362
438	227779	758	752	462
439	228556	179	687	507
440	228756	419	507	781
441	229194	140	548	484
442	229374	419	678	785
443	229832	239	944	573
444	230111	459	1034	240
445	230590	179	917	52
446	230809	299	532	282
447	231128	678	577	312
448	232085	299	724	468
449	232404	558	777	558
450	233002	299	705	318
451	233321	339	777	280
452	233680	359	669	342
453	234079	319	927	452
454	234438	678	1064	514
455	235355	698	836	503
456	236072	957	798	373
457	237049	259	902	446
458	237348	120	559	426
459	237488	558	499	460
460	238345	738	770	574
461	239123	199	638	333
462	239342	359	784	309
463	239721	479	737	364
464	240239	558	668	440
465	241076	658	778	496
466	241754	259	671	391
467	242033	897	730	386
468	242970	120	602	568
469	243110	558	546	656
470	243927	638	718	474
471	244585	778	706	384
472	245383	419	718	486
473	245821	120	692	541
474	245961	239	689	816
475	246220	698	704	970
476	247277	1535	783	502
477	248852	120	781	533
478	249111	459	590	437
479	249609	259	1130	390
480	249908	339	924	908
481	250287	179	778	968
482	250506	139	640	961
483	250666	219	679	911
484	250905	658	666	997
485	251623	359	824	256
486	252021	359	992	213
487	252400	279	771	135
488	252719	578	583	423
489	253317	359	408	421
490	253716	419	517	723
491	254175	239	1118	715
492	254434	937	1013	688
493	255670	1435	777	534
494	257125	299	749	483
495	257444	100	648	430
496	257564	299	624	284
497	257883	239	631	294
498	258381	678	788	486
499	259079	319	783	494
500	259557	199	686	294
501	259777	518	773	242
502	260315	140	656	260
503	260474	279	707	517
504	260793	359	682	747
505	261172	279	742	658
506	261491	299	1149	633
507	261810	359	1092	416
508	262209	359	525	376
509	262608	977	666	149
510	263943	239	793	524
511	264402	479	730	213
512	264900	259	775	520
513	265199	618	715	283
514	265857	239	825	717
515	266116	419	856	701
516	266754	179	849	484
517	266954	897	792	493
518	267891	219	692	288
519	268230	419	757	284
520	268668	120	736	456
521	268828	259	716	812
522	269107	419	672	809
523	269805	558	755	556
524	270383	1096	791	466
525	271519	199	709	358
526	271738	479	568	424
527	272416	120	598	452
528	272556	578	557	451
529	273413	259	717	516
530	273692	498	783	521
531	274211	239	629	381
532	274470	538	732	386
533	275028	100	597	407
534	275168	538	551	204
535	275965	100	723	540
536	276104	638	785	517
537	276782	219	602	211
538	277022	199	698	290
539	277321	439	786	398
540	277779	319	670	340
541	278118	179	818	739
542	278317	120	961	627
543	278457	399	981	586
544	279175	718	845	569
545	279912	279	667	319
546	280211	299	783	374
547	280530	399	679	282
548	280989	100	602	269
549	281168	100	858	606
550	281288	558	989	797
551	282145	239	879	420
552	282404	638	805	573
553	283082	259	832	212
554	283361	459	721	267
555	283840	179	788	307
556	284139	558	569	534
557	284976	1096	796	501
558	286113	359	745	335
559	286511	259	736	362
560	286790	140	620	332
561	286950	259	812	612
562	287229	877	658	670
563	288465	1435	792	502
564	289920	199	710	434
565	290140	159	728	512
566	290339	199	961	494
567	290558	618	1089	536
568	291475	179	863	549
569	291675	279	756	582
570	291974	439	792	555
571	292432	299	849	451
572	292751	578	845	397
573	293429	638	1041	466
574	294306	937	833	555
575	295283	279	735	349
576	295602	140	824	397
577	295762	179	628	371
578	295961	339	749	412
579	296320	140	747	622
580	296479	199	785	764
581	296699	140	910	722
582	296858	339	760	745
583	297396	977	759	505
584	298413	877	752	323
585	299330	219	779	582
586	299570	518	540	700
587	300148	279	1068	269
588	300666	319	712	561
589	301005	638	788	528
590	301663	219	705	508
591	301902	538	770	514
592	302480	120	616	572
593	302719	120	791	274
594	302859	219	758	340
595	303098	179	777	365
596	303617	179	723	528
597	303816	478	780	590
598	304334	259	738	292
599	304613	259	809	296
600	304893	100	776	443
601	305012	199	774	486
602	305232	259	804	556
603	305511	299	823	721
604	305829	199	930	800
605	306069	100	710	882
606	306188	219	912	792
