Data properties:
 
Recording date: 27/03/2008
Recording time : 14:31:19:995 (corresponds to time 0)
Study: AlasdairTPOnlyRoughness
Subject: PS
Recording: ps3
Screen resolution: 1600 x 1200
Coordinate unit: Pixels
 
 
Filter settings:
 
Eye: Average
Validity level: Normal
Fixation radius: 50
Min duration: 100
 
Fix number	Timestamp	Duration	GazepointX	GazepointY
 
1	207	259	795	665
2	526	199	850	600
3	825	897	786	582
4	1742	439	823	612
5	2261	299	804	596
6	2599	179	1004	726
7	2799	499	883	771
8	3437	1136	869	774
9	5052	120	965	732
10	5191	140	846	833
11	5351	1057	868	743
12	6527	758	866	748
13	7404	219	816	540
14	7643	1675	784	579
15	9338	479	755	682
16	9956	1495	759	691
17	11591	1635	758	681
18	13285	439	735	638
19	13744	199	773	612
20	14083	459	756	627
21	14561	199	699	789
22	14801	219	711	641
23	15040	459	731	491
24	15598	598	725	470
25	16216	1495	732	475
26	17891	877	788	486
27	18788	219	711	452
28	19027	678	785	488
29	19745	239	843	731
30	20104	399	863	739
31	20522	120	868	724
32	20722	419	869	744
33	21180	239	895	737
34	21758	419	831	541
35	22197	139	850	540
36	22536	459	745	468
37	23014	219	692	529
38	23254	219	804	502
39	23552	279	734	708
40	23852	279	689	897
41	24190	319	1073	951
42	24709	259	1110	570
43	25048	399	430	555
44	25506	299	464	223
45	25845	159	1007	249
46	26025	199	1052	265
47	26364	1376	1040	243
48	27819	479	1037	211
49	28596	139	855	497
50	28935	917	829	482
51	29872	299	704	574
52	30191	259	808	585
53	30490	638	637	818
54	31148	179	543	883
55	31527	379	643	848
56	32065	1216	642	827
57	33581	518	824	521
58	34139	100	810	524
59	34258	359	689	646
60	34637	339	764	720
61	34996	578	781	662
62	35614	379	929	560
63	36092	957	937	553
64	37209	199	894	569
65	37568	100	916	567
66	37807	598	922	560
67	38425	997	928	566
68	39581	1017	827	504
69	40758	778	858	532
70	41555	259	962	456
71	41834	159	942	373
72	42014	359	988	395
73	42492	160	983	438
74	42711	419	775	946
75	43170	100	955	606
76	43289	199	983	463
77	43509	140	991	416
78	43788	139	932	357
79	43967	379	695	287
80	44386	1395	988	419
81	45921	239	928	436
82	46180	1575	991	412
83	47935	1535	984	398
84	49829	219	868	449
85	50068	379	888	427
86	50486	199	803	669
87	50726	219	857	465
88	50965	578	807	421
89	51603	219	993	370
90	51882	299	640	474
91	52361	279	718	723
92	52759	179	642	485
93	53158	140	608	498
94	53417	319	873	819
95	53776	159	1050	1002
96	54055	140	1169	854
97	54294	319	1116	749
98	54653	219	1084	502
99	54892	259	1091	408
100	55191	179	584	486
101	55391	120	650	466
102	55670	120	647	401
103	55849	159	607	374
104	56069	100	526	296
105	56188	120	511	306
106	56328	419	562	403
107	56766	299	618	423
108	57225	339	599	450
109	57703	100	601	428
110	57963	120	640	489
111	58162	120	607	455
112	58301	758	646	503
113	59179	179	599	465
114	59597	777	848	457
115	60395	817	722	501
116	61392	538	433	553
117	61950	179	510	541
118	62189	219	712	338
119	62428	199	929	284
120	62648	379	929	159
121	63266	1037	934	149
122	64462	419	914	159
123	64920	1934	932	140
124	67034	678	856	338
125	67731	1356	826	260
126	69127	598	957	665
127	69745	299	931	653
128	70243	179	572	646
129	70443	140	571	650
130	70622	977	949	660
131	71639	299	1095	806
132	71978	140	1007	842
133	72157	1336	952	659
134	73513	359	1076	625
135	73971	179	1028	511
136	74350	359	1138	246
137	74968	140	594	207
138	75387	339	441	576
139	75786	299	414	872
140	76125	159	561	1008
141	76304	199	491	1047
142	76543	179	863	671
143	76743	1595	941	665
144	78517	140	913	642
145	78676	797	933	660
146	79733	140	832	450
147	79893	538	847	433
148	80590	738	806	520
149	81428	1176	739	546
150	82723	239	705	540
151	83003	439	755	816
152	83481	100	710	625
153	83601	797	715	519
154	84538	439	724	518
155	84996	179	777	491
156	85196	917	702	509
157	86152	419	669	359
158	86611	359	411	414
159	87010	1057	710	486
160	88944	100	717	606
161	89063	718	801	532
162	89801	1794	722	625
163	91655	319	776	511
164	91994	718	719	658
165	92931	299	780	552
166	93469	219	814	573
167	93708	459	761	590
168	94187	359	765	594
169	94566	259	727	696
170	94845	140	844	746
171	95004	1515	1111	864
172	96539	538	1118	876
173	97117	658	1116	874
174	98034	279	954	619
175	98333	518	859	621
176	98892	219	1031	808
177	99231	698	861	730
178	99968	259	810	859
179	100247	299	741	861
180	100766	419	760	863
181	101224	2472	740	882
182	103756	179	1099	761
183	103975	160	1217	680
184	104155	279	1155	698
185	104574	1316	736	880
186	106188	399	842	522
187	106627	459	667	866
188	107125	678	756	748
189	107823	319	766	738
190	108182	379	660	554
191	108720	159	694	471
192	108900	279	658	542
193	109199	219	652	437
194	109438	339	648	349
195	109797	917	651	536
196	110993	1296	645	534
197	112448	2891	644	554
198	115558	777	750	498
199	116356	179	672	536
200	116555	120	710	526
201	116695	658	774	543
202	117373	159	720	539
203	117572	219	622	674
204	117811	359	678	741
205	118350	199	646	745
206	118569	119	681	756
207	118708	738	652	777
208	119625	1874	647	768
209	121519	479	655	764
210	122157	1176	646	780
211	123533	957	637	760
212	124849	279	813	567
213	125327	638	832	592
214	126145	399	813	632
215	126563	120	726	683
216	126723	239	1070	931
217	127002	738	1197	640
218	127759	658	1199	661
219	128477	179	663	853
220	128696	120	491	934
221	128836	120	490	938
222	129095	100	449	683
223	129215	279	465	566
224	129534	219	531	348
225	129773	199	549	222
226	130032	299	1161	88
227	130531	359	914	346
228	130989	139	979	318
229	131168	399	773	617
230	131587	399	833	537
231	132006	459	914	476
232	132604	179	1207	259
233	132803	299	1266	205
234	133142	179	1200	740
235	133342	359	1195	670
236	133880	279	1180	998
237	134199	120	1155	912
238	134438	618	1206	642
239	135216	259	1217	627
240	135495	558	1202	649
241	136212	777	1190	669
242	137149	179	790	549
243	137588	359	867	578
244	138106	239	811	608
245	138465	618	778	626
246	139123	419	952	564
247	139622	459	891	515
248	140200	638	951	584
249	140858	259	873	485
250	141137	179	876	464
251	141356	100	945	577
252	141635	638	943	572
253	142373	299	647	595
254	142712	379	949	573
255	143250	1136	947	549
256	144546	279	962	536
257	144865	399	948	543
258	145423	957	951	527
259	146539	558	963	538
260	147357	279	956	534
261	147795	419	961	540
262	148413	1236	953	538
263	149869	339	865	646
264	150407	100	2517	1548
265	150726	239	888	553
266	150985	857	811	574
267	151862	419	837	456
268	152401	299	810	452
269	152740	120	694	457
270	153019	199	668	421
271	153238	538	831	458
272	153836	259	634	908
273	154115	179	692	778
274	154314	419	685	716
275	154773	797	832	454
276	155690	2313	834	470
277	158202	857	835	440
278	159079	179	795	547
279	159279	618	828	517
280	159917	319	842	467
281	160256	379	732	300
282	160674	459	865	776
283	161173	179	1016	623
284	161432	159	1103	471
285	161631	299	1141	334
286	162030	199	465	913
287	162389	219	534	879
288	162628	299	641	916
289	162987	140	685	419
290	163246	159	573	274
291	163425	419	443	188
292	163864	120	382	166
293	164043	159	902	478
294	164323	219	914	584
295	164582	319	1021	956
296	164941	159	1119	817
297	165140	139	702	787
298	165339	498	1119	830
299	165977	1276	1139	847
300	167453	399	1139	844
301	167871	399	1130	848
302	168370	239	1119	846
303	168649	618	1145	856
304	169307	100	1054	940
305	169426	140	1013	986
306	169606	199	1173	808
307	170124	718	1239	582
308	171021	359	1187	169
309	171400	259	1139	135
310	171699	239	822	129
311	171978	279	701	139
312	172576	319	418	131
313	173015	379	1050	110
314	173533	498	395	267
315	174051	319	729	331
316	174410	499	834	237
317	174949	259	656	300
318	175248	638	443	445
319	175925	279	744	418
320	176225	837	850	443
321	177241	399	501	739
322	177660	718	394	681
323	178398	139	375	673
324	178577	379	408	961
325	178996	538	645	917
326	179554	419	585	987
327	179993	319	475	978
328	180371	179	1093	874
329	180571	299	1089	803
330	180890	199	1165	809
331	181268	698	1162	816
332	181986	299	1158	834
333	182305	1236	1173	796
334	183561	159	1150	848
335	183940	1156	1151	816
336	185296	1934	820	580
337	187249	239	870	714
338	187688	419	860	727
339	188226	219	842	502
340	188465	140	772	412
341	188744	219	865	719
342	189103	479	1119	397
343	189642	678	844	752
344	190579	698	781	653
345	191575	339	793	611
346	191954	239	820	677
347	192233	219	823	571
348	192473	897	841	669
349	193390	319	856	681
350	193908	219	861	575
351	194606	419	824	647
352	195224	179	811	639
353	195423	259	829	600
354	195702	299	843	581
355	196041	159	581	435
356	196221	797	508	425
357	197038	1396	508	425
358	198453	179	514	436
359	199091	359	812	344
360	199590	598	668	507
361	200208	439	554	439
362	200866	1276	790	325
363	202441	1136	801	369
364	203617	518	819	366
365	204155	678	693	392
366	204853	160	604	290
367	205132	897	682	402
368	206508	817	758	355
369	207345	379	706	402
370	207744	319	770	380
371	208103	538	659	425
372	208780	140	595	448
373	208960	1615	656	443
374	210894	1495	740	367
375	212429	100	735	393
376	212648	199	636	438
377	212907	219	1076	300
378	213146	160	1144	284
379	213346	319	643	790
380	213685	140	566	720
381	213864	199	460	1020
382	214123	179	1043	781
383	214323	159	1098	555
384	214502	299	1195	442
385	214861	120	765	648
386	215001	100	767	643
387	215220	219	703	327
388	215459	140	593	256
389	215758	259	487	165
390	216097	259	900	954
391	216416	199	1003	863
392	216855	160	1182	873
393	217034	100	1190	867
394	217154	239	1020	976
395	217413	219	1094	819
396	217712	239	1096	795
397	218190	299	1090	788
398	219107	239	1101	772
399	219386	957	1090	771
400	220363	518	1023	927
401	220902	199	918	1009
402	221141	179	762	1007
403	221400	279	547	997
404	221699	239	489	793
405	221978	299	730	699
406	222337	319	957	627
407	222676	180	1000	559
408	222895	279	1071	400
409	223334	379	1137	230
410	223733	219	1092	200
411	223972	219	1132	148
412	224211	279	1194	143
413	224530	379	479	120
414	224929	259	377	96
415	225208	259	380	421
416	225507	498	477	534
417	226045	339	887	610
418	226424	459	1024	721
419	227162	997	1126	749
420	228178	1077	1090	784
421	229993	1136	848	516
422	231169	239	786	673
423	231428	159	769	688
424	231608	219	810	621
425	231847	319	772	718
426	232505	259	815	556
427	232983	1037	751	624
428	234040	259	777	653
429	234319	1077	696	940
430	235575	239	705	905
431	236013	1236	693	932
432	237449	797	755	779
433	238286	678	710	812
434	239084	239	751	809
435	239422	897	932	906
436	240499	698	929	903
437	241436	459	809	680
438	241914	578	890	804
439	242513	279	807	793
440	242812	479	767	632
441	243310	140	962	731
442	243489	638	1152	704
443	244267	1057	1148	716
444	245603	259	994	542
445	246101	279	909	648
446	246500	359	884	609
447	246879	239	795	642
448	247158	199	962	983
449	247397	419	922	772
450	248055	219	1008	457
451	248493	120	947	460
452	248793	538	987	433
453	249430	159	1198	896
454	249769	638	994	440
455	250567	1176	992	421
456	251943	518	835	470
457	252720	498	816	449
458	253238	179	817	449
459	253438	598	895	417
460	254076	837	423	618
461	254953	1376	416	603
462	256568	578	842	479
463	257385	379	665	554
464	257804	618	506	608
465	258561	379	575	826
466	258960	2432	578	826
467	261911	219	774	404
468	262190	299	708	681
469	262529	379	803	583
470	262947	279	700	686
471	263246	259	784	627
472	263545	219	712	812
473	263785	160	898	887
474	263964	518	957	762
475	264522	399	510	929
476	264941	199	422	952
477	265200	339	855	469
478	265579	140	1212	761
479	265758	140	1259	1022
480	265918	140	1299	1125
481	266117	259	1131	292
482	266536	319	880	203
483	266915	299	1054	469
484	267273	259	671	435
485	267592	140	556	309
486	267772	359	566	164
487	268250	379	575	1008
488	268789	179	452	967
489	268988	319	360	959
490	269387	199	433	944
491	269785	259	1123	969
492	270065	259	1112	866
493	270344	159	1065	783
494	270543	239	978	673
495	271021	379	829	631
496	271440	179	543	689
497	271640	299	386	753
498	271978	219	572	610
499	272238	319	786	481
500	272596	359	985	470
501	273055	439	1059	387
502	273514	140	1057	310
503	273813	199	957	172
504	274052	179	693	216
505	274331	339	710	238
506	274789	359	729	192
507	275188	479	433	186
508	275806	199	431	198
509	276026	379	376	317
510	276544	239	385	716
511	276823	1136	586	380
512	277999	1415	589	384
513	279913	538	703	448
514	280671	459	669	531
515	281149	359	608	440
516	281548	319	820	507
517	281887	359	878	418
518	282265	219	896	350
519	282565	199	891	370
520	282784	219	889	374
521	283023	259	902	393
522	283382	299	877	425
523	283701	199	893	369
524	284459	837	901	414
525	285435	498	870	354
526	285954	159	868	376
527	286153	239	1075	519
528	286432	219	966	553
529	286691	339	910	350
530	287050	199	838	476
531	287289	339	642	849
532	287668	279	1164	936
533	287967	179	1118	856
534	288187	239	1022	647
535	288446	498	914	535
536	288984	199	902	306
537	289223	279	717	223
538	289542	279	533	205
539	289841	319	642	182
540	290200	359	1229	213
541	290579	140	1153	201
542	290758	459	438	481
543	291376	279	836	953
544	291675	259	817	863
545	292074	199	1185	962
546	292294	259	1189	1010
547	292712	419	1098	865
548	293171	199	860	845
549	293410	219	665	871
550	293769	259	511	785
551	294068	419	786	678
552	294526	179	872	526
553	294746	239	418	561
554	295025	100	415	559
555	295164	259	384	847
556	295443	219	369	920
557	295762	100	421	842
558	295902	538	421	857
559	296460	279	523	956
560	296899	140	518	949
561	297058	439	606	911
562	297537	259	1174	790
563	297816	379	1208	677
564	298354	299	972	611
565	298673	299	1055	500
566	298992	319	1191	440
567	299490	239	1235	350
568	299790	598	792	520
569	300408	977	880	487
570	301424	319	526	575
571	301763	259	444	554
572	302042	259	357	659
573	302341	299	455	573
574	302780	279	438	576
575	303079	179	432	520
576	303298	578	388	153
577	304096	419	855	118
578	305033	299	793	323
579	305352	279	763	231
580	305651	219	759	163
581	305890	399	807	114
582	306388	259	1228	402
583	306687	399	1145	689
584	307126	219	1070	851
585	307485	339	1184	1027
586	307963	399	1174	903
587	308382	179	1270	951
588	308581	239	1274	899
589	308980	159	662	1033
590	309359	179	466	1071
591	309718	179	766	937
592	309917	279	738	950
593	310216	558	757	885
594	310854	239	948	1033
595	311353	179	1155	890
596	311552	219	1156	842
597	312010	160	1255	1004
598	312190	219	1204	1057
599	312629	219	1023	953
600	312868	498	894	961
601	313486	239	677	888
602	313765	299	509	906
603	314084	299	399	914
604	314403	120	371	938
605	314542	1017	441	809
606	315599	598	363	642
607	316237	937	700	765
608	317194	259	829	814
609	317593	319	1160	789
610	318111	538	1214	743
611	318689	279	1178	589
612	318988	379	1106	542
613	319407	259	979	597
614	319686	219	966	516
615	319925	319	868	534
616	320264	199	788	502
617	320503	199	778	505
618	320723	359	800	578
619	321101	279	726	630
620	321420	179	623	635
621	321620	140	394	576
622	321799	140	390	559
623	322118	179	405	573
624	322318	239	353	635
625	322597	140	347	626
626	322776	259	478	522
627	323135	140	584	474
628	323314	100	764	356
629	323554	339	903	255
630	323912	299	823	264
631	324231	279	1074	283
632	324530	319	1216	501
633	324869	239	1137	551
634	325128	219	1006	686
635	325368	299	1106	643
636	325707	319	1026	551
637	326165	339	927	523
638	326544	339	1233	682
639	326903	319	1150	772
640	327361	1096	1086	635
641	328498	159	1142	401
642	328677	179	1185	173
643	328896	199	1242	62
644	329136	319	1243	49
645	329714	518	375	447
646	330252	179	444	464
647	330491	259	587	435
648	330770	379	722	389
649	331269	159	791	398
650	331448	339	879	524
651	331947	279	874	526
652	332345	159	397	239
653	332525	239	342	138
654	332924	379	491	175
655	333342	319	834	129
656	333681	219	715	164
657	334020	179	770	160
658	334219	837	717	231
659	335176	1555	724	249
660	336891	1096	721	235
661	338167	100	724	226
662	338586	159	807	390
663	338924	219	772	339
664	339323	399	754	503
665	339742	319	720	369
666	340081	558	759	293
667	340659	219	853	186
668	340918	259	857	563
669	341237	159	424	491
670	341436	159	1118	695
671	341616	1236	1165	703
672	343091	319	893	453
673	343629	778	849	481
674	344427	459	750	374
675	344925	160	928	533
676	345125	159	872	786
677	345324	319	1027	892
678	345663	399	1027	900
679	346281	2193	1040	895
680	348753	518	872	420
681	349291	179	738	495
682	349710	578	681	526
683	350308	199	771	513
684	350547	159	679	305
685	350727	1435	587	295
686	352342	618	763	303
687	352999	159	643	325
688	353318	319	632	300
689	353657	179	629	299
690	353857	359	541	319
691	354236	100	588	278
692	354355	199	595	269
693	354614	199	781	584
694	354853	159	1123	327
695	355053	179	1172	229
696	355272	339	800	840
697	355631	219	686	1007
698	355890	119	403	1010
699	356070	239	382	499
700	356528	259	671	429
701	356827	219	485	287
702	357086	439	719	423
703	357585	219	468	260
704	358043	100	805	141
705	358422	100	919	148
706	358582	279	1114	629
707	358881	199	1087	868
708	359120	219	767	938
709	359379	159	767	934
710	359558	139	712	852
711	359738	219	402	858
712	359977	758	490	781
713	360934	1455	484	774
714	362409	618	487	773
715	363486	219	785	569
716	363924	618	688	619
717	364762	399	680	639
718	365180	1455	873	485
719	366975	558	852	491
720	367553	179	770	546
721	367772	678	861	487
722	368510	339	897	510
723	368869	299	889	391
724	369267	319	635	774
725	369606	319	687	703
726	369945	259	452	673
727	370324	179	449	668
728	370703	120	489	677
729	370862	239	1169	952
730	371161	159	473	677
731	371460	957	452	675
732	372557	618	450	661
733	373215	199	346	614
734	373434	1356	454	660
735	374850	359	455	671
736	375388	738	454	685
737	376145	120	462	659
738	376385	339	851	482
739	376903	259	854	480
740	377342	1017	820	502
741	378398	140	681	351
742	378578	319	611	269
743	379036	239	609	278
744	379415	558	605	303
745	380133	638	604	297
746	380890	937	601	310
747	382047	598	751	391
748	382824	1076	723	227
749	383921	159	610	252
750	384120	159	490	591
751	384299	698	405	554
752	385057	279	823	891
753	385356	159	801	785
754	385575	439	398	548
755	386193	758	407	568
756	387110	897	414	562
757	388227	219	774	587
758	388646	219	764	596
759	389084	339	841	607
760	389503	179	771	1873
761	389762	160	731	922
762	389941	199	807	706
763	390180	179	685	586
764	390380	359	652	532
765	391078	738	651	591
766	391935	339	708	410
767	392294	758	648	592
768	393251	319	768	516
769	393809	439	712	516
770	394267	299	645	551
771	394586	518	664	537
772	395145	140	844	612
773	395344	1116	919	681
774	396480	379	920	682
775	397158	279	883	451
776	397617	638	832	523
777	398275	259	737	593
778	398554	558	844	571
779	399132	279	788	897
780	399451	199	1168	948
781	399670	100	1121	959
782	399830	179	599	506
783	400029	538	545	496
784	404236	319	652	457
785	404734	598	643	499
786	405372	100	642	506
787	405492	1156	559	429
788	406688	299	579	439
789	407027	299	915	581
790	407346	159	826	657
791	407545	199	523	473
792	407764	359	574	446
793	408143	140	581	459
794	408741	199	917	369
795	408961	658	760	504
796	409658	718	661	472
797	410416	120	804	452
798	410735	777	1234	540
799	411632	339	1216	588
800	411991	120	1232	573
801	412130	299	1226	599
802	412469	179	1143	441
803	412669	239	1112	362
804	412948	259	1226	601
805	413845	219	1154	598
806	414084	319	1222	580
807	414443	179	1225	578
808	414762	299	1235	559
809	415081	419	1249	511
810	415619	179	1249	500
811	416138	100	690	365
812	416257	100	797	487
813	416616	199	967	571
814	416895	100	804	526
815	417015	957	838	491
816	418012	140	754	797
817	418191	100	938	806
818	418331	179	962	771
819	418530	359	951	785
820	418949	1695	935	798
821	420902	279	910	550
822	421201	399	843	550
823	421640	558	901	776
824	422218	179	847	687
825	422418	359	831	583
826	422796	558	1065	587
827	423394	319	496	656
828	423773	957	1059	598
829	424870	817	1049	608
830	425727	179	1053	462
831	425926	199	1040	348
832	426166	199	907	231
833	426405	299	1095	212
834	426744	100	1079	191
835	426883	259	732	209
836	427182	439	409	183
837	427661	259	353	363
838	427940	179	459	643
839	428179	140	433	882
840	428458	100	973	617
841	428578	100	968	621
842	428697	518	1048	613
843	429256	1156	1055	598
844	431289	199	914	487
845	431548	219	908	495
846	431788	658	829	539
847	432465	159	925	520
848	432645	1874	752	684
849	434698	578	850	450
850	435296	837	774	507
851	436154	419	803	455
852	436592	239	695	519
853	436871	179	1197	501
854	437091	120	930	301
855	437230	379	918	373
856	437649	259	776	827
857	437948	139	803	766
858	438147	558	568	728
859	438865	1116	546	718
860	440141	1316	555	720
861	441716	459	746	536
862	442374	219	675	522
863	442613	259	672	538
864	442912	439	518	596
865	443391	259	560	533
866	443670	937	617	641
867	444626	399	769	634
868	445045	957	624	634
869	446022	817	618	633
870	446879	359	722	964
871	447258	379	873	890
872	447677	299	1083	851
873	448016	159	1189	652
874	448215	219	1095	440
875	448474	159	1179	337
876	448694	399	871	203
877	449112	159	922	111
878	449431	279	552	166
879	449730	638	437	210
880	450388	339	464	248
881	450767	359	587	194
882	451166	439	749	200
883	451644	219	814	174
884	452003	379	708	147
885	452422	439	1194	162
886	453000	359	1131	170
887	453538	140	948	418
888	453718	159	592	436
889	453897	299	439	370
890	454216	419	372	301
891	454654	100	544	378
892	454794	100	532	424
893	454914	199	542	556
894	455133	778	621	646
895	456090	2731	618	645
896	458861	359	818	584
897	459260	439	623	639
898	459738	299	828	346
899	460077	179	1104	470
900	460276	299	1119	450
901	460655	897	625	618
902	462410	160	859	635
903	462848	638	759	518
904	463606	259	722	515
905	463905	179	802	584
906	464104	199	818	620
907	464443	219	972	402
908	464682	179	1039	297
909	464942	219	450	803
910	465181	339	527	712
911	465560	399	1078	876
912	465978	179	886	944
913	466197	179	627	1017
914	466616	299	708	324
915	466955	399	433	386
916	467394	239	719	488
917	467653	399	899	511
918	468091	219	1045	614
919	468331	339	1029	725
920	468710	179	903	792
921	468929	239	727	925
922	469248	279	708	230
923	469547	339	564	210
924	469926	678	916	146
925	470783	718	917	182
926	471600	319	914	166
927	472099	1754	931	176
928	473893	199	920	182
929	474312	319	850	401
930	474850	359	814	342
931	475229	239	822	347
932	475647	498	862	311
933	476186	139	746	424
934	476345	1116	689	506
935	477521	1495	691	528
936	479495	359	685	544
937	480213	977	732	478
938	481229	239	979	433
939	481509	1356	680	764
940	483024	299	774	671
941	483462	399	785	665
942	483901	498	628	840
943	484419	100	652	839
944	484539	120	680	790
945	484678	159	843	567
946	484878	259	799	382
947	485177	120	648	463
948	485316	140	658	505
949	485496	718	1103	861
950	486513	159	1058	875
951	486692	439	1110	832
952	487649	140	984	1025
953	487828	160	1018	982
954	488008	498	1107	845
955	488526	219	1112	818
956	488765	239	1100	831
957	489025	1037	1103	839
958	490420	120	635	505
959	490600	1475	862	488
960	492095	179	724	515
961	492294	219	650	416
962	492533	538	688	323
963	493171	2372	682	334
964	495962	718	718	356
965	496700	100	730	387
966	496999	837	665	315
967	497856	259	822	575
968	498155	279	492	434
969	498494	120	978	972
970	498773	199	510	451
971	499013	2512	484	411
972	501564	1017	483	408
973	502860	558	828	456
974	503618	219	739	474
975	503877	219	569	474
976	504116	219	519	435
977	504356	518	598	436
978	504914	160	863	366
979	505093	219	904	362
980	505352	1894	758	749
981	507286	419	890	872
982	507745	1874	747	747
983	509818	1037	759	727
984	511074	140	834	500
985	511473	159	931	603
986	511652	1276	789	575
987	512948	140	1038	713
988	513108	219	1063	742
989	513367	359	791	647
990	513865	199	1045	745
991	514084	877	1029	775
992	515201	219	929	634
993	515620	239	799	676
994	515899	578	796	598
995	516497	259	770	550
996	516776	359	778	553
997	517155	219	768	610
998	517414	100	1040	850
999	517593	100	1033	866
1000	517912	120	1052	436
1001	518052	140	1109	372
1002	518211	199	1096	410
1003	518670	419	1094	424
1004	519128	399	460	606
1005	519547	179	513	469
1006	519786	159	593	345
1007	519986	239	632	223
1008	520344	199	832	301
1009	520584	439	1110	199
1010	521162	479	1103	435
1011	521939	179	1091	376
1012	522159	319	979	396
1013	522498	459	911	334
1014	522996	837	1112	384
1015	523873	179	995	486
1016	524092	319	851	911
1017	524431	259	1153	964
1018	524770	518	1008	773
1019	525328	279	1175	927
1020	525667	817	1118	398
1021	526525	1396	1102	405
1022	528399	359	885	441
1023	528997	498	842	476
1024	529515	439	751	467
1025	529974	339	924	563
1026	530333	239	1088	553
1027	530592	299	908	779
1028	530931	339	643	891
1029	531349	199	484	435
1030	531568	179	475	292
1031	531788	199	744	198
1032	532007	339	894	196
1033	532386	259	1146	343
1034	532864	179	1229	578
1035	533064	199	1265	651
1036	533303	299	980	706
1037	533622	259	843	629
1038	533921	259	992	378
1039	534200	319	1028	326
1040	534639	259	914	927
1041	534918	319	723	996
1042	535257	259	702	975
1043	535636	279	565	816
1044	536014	219	699	689
1045	536254	359	748	670
1046	536732	239	491	240
1047	537230	100	565	177
1048	537370	199	439	179
1049	537609	319	806	261
1050	537948	120	895	352
1051	538267	120	864	235
1052	538407	319	939	202
1053	538746	319	1130	201
1054	539085	179	1172	254
1055	539304	419	995	204
1056	539782	419	396	223
1057	540221	339	454	352
1058	540580	399	420	432
1059	541138	179	592	481
1060	541437	259	615	436
1061	541736	339	694	355
1062	542095	219	759	318
1063	542334	219	835	262
1064	542613	239	719	701
1065	542872	319	751	664
1066	543231	219	347	561
1067	543490	618	402	436
1068	544148	279	413	778
1069	544467	319	391	884
1070	544826	219	594	877
1071	545085	159	694	737
1072	545265	339	715	706
1073	545624	558	579	913
1074	546262	159	505	1020
1075	546581	239	762	958
1076	546860	439	969	883
1077	547318	139	1017	854
1078	547498	120	1016	859
1079	547657	319	1145	937
1080	548016	160	1244	844
1081	548215	259	1245	721
1082	548494	159	1150	833
1083	548714	299	1175	834
1084	549172	140	1256	737
1085	549352	199	1250	698
1086	549571	279	1003	686
1087	549890	359	852	696
1088	550289	219	786	603
1089	550688	299	814	574
1090	551006	618	877	562
1091	551664	279	1195	578
1092	551963	259	1192	509
1093	552242	279	1174	346
1094	552561	219	1003	339
1095	552801	538	983	303
1096	553419	120	1229	44
1097	553618	140	1236	39
1098	553778	299	1043	120
1099	554096	279	968	172
1100	554396	120	812	213
1101	554635	319	660	266
1102	554974	558	770	304
1103	555632	239	767	244
1104	555891	359	771	260
1105	556549	259	1105	163
1106	556908	199	955	250
1107	557127	179	1044	265
1108	557326	279	973	287
1109	557625	140	931	292
1110	557884	339	1011	231
1111	558343	299	735	241
1112	558682	100	733	242
1113	558901	140	692	650
1114	559061	199	687	644
1115	559280	239	776	660
1116	559559	359	546	676
1117	559958	120	888	982
1118	560117	279	836	875
1119	560416	239	804	775
1120	560676	419	744	727
1121	561134	140	827	964
1122	561294	120	799	919
1123	561573	538	822	897
1124	562131	618	956	766
1125	562888	299	913	752
1126	563267	279	1120	875
1127	563566	179	1072	826
1128	563766	159	1012	765
1129	563965	538	1216	694
1130	564523	120	1011	650
1131	564742	538	979	632
1132	565301	259	915	652
1133	565580	877	890	584
1134	566736	179	560	794
1135	567035	259	516	697
1136	567314	538	591	766
1137	567912	259	434	847
1138	568291	159	424	899
1139	568491	100	435	913
1140	568630	558	362	757
1141	569208	199	356	639
1142	569448	100	389	549
1143	569567	359	389	498
1144	569946	259	406	409
1145	570225	439	419	381
1146	570684	379	551	464
1147	571082	159	602	405
1148	571341	179	491	136
1149	571700	160	716	297
1150	571959	140	820	288
1151	572318	239	651	231
1152	572677	140	504	67
1153	573156	439	376	61
1154	573614	399	308	120
1155	574152	160	315	114
1156	574332	837	645	184
1157	575189	219	762	209
1158	575428	259	664	207
1159	575708	738	830	255
1160	576525	120	784	247
1161	576664	379	802	246
1162	577123	279	993	257
1163	577422	239	1091	264
1164	577880	479	1223	179
1165	578439	219	1280	89
1166	578778	100	1061	428
1167	578977	100	1048	515
1168	579136	558	1227	295
1169	579774	219	1085	341
1170	580074	339	1011	280
1171	580612	259	880	322
1172	580971	479	793	220
1173	581469	179	700	250
1174	581728	299	506	194
1175	582047	678	519	309
1176	582745	139	467	343
1177	583084	219	494	372
1178	583802	219	399	386
1179	584260	259	794	461
1180	584539	777	879	415
1181	585556	100	989	456
1182	585676	299	1115	498
1183	586014	140	1237	428
1184	586174	359	1258	332
1185	586692	299	1287	633
1186	587011	219	1243	626
1187	587450	179	1076	470
1188	587649	758	1110	327
1189	588427	279	1259	318
1190	588925	1296	1272	213
1191	590301	319	1297	231
1192	590640	578	1302	240
1193	591916	558	1268	230
1194	592633	199	1141	371
1195	592872	738	1058	521
1196	593630	179	1239	440
1197	593830	120	1214	471
1198	593969	100	1292	384
1199	594168	179	1255	681
1200	594368	219	1239	664
1201	594647	140	997	590
1202	594806	359	928	521
1203	595185	259	899	511
1204	595524	219	796	501
1205	595763	419	676	552
1206	596202	239	755	538
1207	596581	478	731	472
1208	597079	399	823	695
1209	597518	199	1097	715
1210	597737	219	1266	696
1211	597996	219	989	792
1212	598395	1116	934	768
1213	599671	199	755	865
1214	599910	319	673	953
1215	600269	279	1028	955
1216	600588	179	1251	856
1217	600807	219	1292	704
1218	601226	578	1276	696
1219	601824	379	1282	698
1220	602243	459	1278	547
1221	602881	319	1046	984
1222	603220	399	859	973
1223	603658	199	890	793
1224	603897	319	814	636
1225	604236	279	833	589
1226	604695	419	784	480
1227	605153	219	530	484
1228	605392	239	783	479
1229	605652	319	735	406
1230	605991	100	778	360
1231	606110	399	795	340
1232	606649	399	402	360
1233	607087	140	546	434
1234	607246	160	672	528
1235	607446	678	572	745
1236	608263	578	584	755
1237	608921	498	522	951
1238	609440	239	402	888
1239	609779	199	794	684
1240	609998	319	778	638
1241	610337	299	736	718
1242	610676	399	1011	938
1243	611114	279	932	995
1244	611473	2512	612	868
1245	614005	578	587	747
1246	614603	239	567	709
1247	614922	239	514	690
1248	615201	219	413	623
1249	615440	339	356	569
1250	615959	758	352	805
1251	616776	778	728	732
1252	617574	578	770	707
1253	618252	917	783	631
1254	619248	578	735	557
1255	619866	439	840	575
1256	620325	698	727	540
1257	621042	279	676	459
1258	621362	359	476	483
1259	621740	179	545	507
1260	621960	120	624	358
1261	622119	179	623	346
1262	622318	259	673	307
1263	622598	160	719	288
1264	622877	718	788	334
1265	623754	259	816	354
1266	624053	120	808	345
1267	624192	678	692	241
1268	624990	578	522	114
1269	625588	179	577	80
1270	625807	219	355	61
1271	626146	160	649	221
1272	626386	439	567	108
1273	626944	698	576	172
1274	627920	439	520	119
1275	628439	1675	594	170
1276	630153	339	611	199
1277	630811	159	439	14
1278	631170	439	675	229
1279	631728	738	363	60
1280	632506	379	321	191
1281	632905	239	308	274
1282	633164	618	392	360
1283	633802	439	440	313
1284	634460	339	809	327
1285	634838	159	785	292
1286	635038	379	769	329
1287	635536	518	838	303
1288	636234	479	1143	243
1289	636752	339	995	289
1290	637171	698	1036	265
1291	637889	259	966	358
1292	638307	279	960	312
1293	638606	299	1036	272
1294	638945	219	1255	277
1295	639504	120	1118	358
1296	639862	399	965	482
1297	640361	199	965	318
1298	640600	120	952	533
1299	640740	359	984	576
1300	641198	100	886	487
1301	641338	399	1245	743
1302	641756	199	1281	699
1303	642055	139	1268	700
1304	642215	359	1276	687
1305	642614	479	1205	932
1306	643132	179	1237	722
1307	643431	479	1288	709
1308	644169	379	1284	743
1309	644567	120	1278	731
1310	645026	140	1231	658
1311	645185	120	1279	607
1312	645425	339	1267	719
1313	645883	299	1289	742
1314	646362	140	1235	747
1315	646521	279	1010	790
1316	646840	359	785	789
1317	647219	120	683	889
1318	647458	319	472	961
1319	647837	279	668	714
1320	648136	259	656	677
1321	648415	239	720	727
1322	648674	219	774	759
1323	649033	598	783	674
1324	649671	259	554	691
1325	650030	239	492	659
1326	650309	399	591	728
1327	650827	359	402	439
1328	651206	239	475	420
1329	651684	459	1082	423
1330	652283	199	1173	241
1331	652502	239	1270	148
1332	652801	179	1356	-47
1333	653000	279	1296	108
1334	653558	299	1279	436
1335	653898	159	1293	423
1336	654236	279	430	309
1337	654535	339	371	396
1338	654894	558	423	237
1339	655552	159	473	66
1340	655911	259	511	737
1341	656190	219	571	690
1342	656429	698	586	768
1343	657167	179	765	725
1344	657406	199	749	741
1345	657765	279	1009	963
1346	658064	199	922	945
1347	658443	120	1153	1043
1348	658582	279	1135	994
1349	658902	100	1054	874
1350	659021	100	1016	907
1351	659280	179	1043	823
1352	659480	239	1024	859
1353	659799	199	1261	949
1354	660257	140	1192	870
1355	660496	199	1224	459
1356	660935	159	1184	386
1357	661174	140	1258	288
1358	661433	558	1138	299
1359	662291	199	940	324
1360	662510	199	1032	335
1361	662729	139	1023	499
1362	662968	259	1003	325
1363	663487	179	941	536
1364	663686	179	942	533
1365	663965	299	944	507
1366	664404	219	1276	532
1367	664643	160	1316	756
1368	664902	120	1219	711
1369	665122	279	1112	339
1370	665421	159	1079	330
1371	665620	339	694	304
1372	666059	120	811	357
1373	666218	120	823	346
1374	666517	199	867	371
1375	666956	239	942	366
1376	667215	179	998	375
1377	667534	219	1139	189
1378	667873	319	993	357
1379	668291	359	950	345
1380	668730	120	936	348
1381	669089	100	732	283
1382	669886	140	1093	334
1383	670185	139	1198	206
1384	670365	100	1196	144
1385	670484	120	1288	174
1386	670624	120	1361	93
1387	670963	479	1028	363
1388	671461	100	931	380
1389	671681	658	770	541
1390	672438	100	517	436
1391	672638	379	600	469
1392	673056	339	401	402
1393	673574	100	453	355
1394	673913	179	639	350
1395	674212	140	715	296
1396	674492	159	428	91
1397	674691	538	328	130
1398	675329	299	1012	400
1399	675648	758	815	343
1400	676625	239	1283	304
1401	676884	618	1139	286
1402	677582	359	984	331
1403	677980	299	847	339
1404	678599	319	365	362
1405	678937	399	403	417
1406	679376	259	864	404
1407	679655	439	778	385
1408	680134	140	923	442
1409	680373	279	1204	406
1410	680672	179	1203	634
1411	680871	558	1257	764
1412	681469	219	929	587
1413	681848	159	981	530
1414	682107	299	1097	593
1415	682446	518	864	450
1416	683004	658	780	346
1417	683922	279	1224	366
1418	684260	678	1169	325
1419	684978	179	923	625
1420	685197	359	749	625
1421	685596	219	549	595
1422	685835	179	451	708
1423	686254	100	608	740
1424	686433	160	533	723
1425	686653	199	606	784
1426	686992	319	794	740
1427	687490	359	1050	748
1428	687869	259	1143	732
1429	688148	100	1185	614
1430	688347	439	1237	662
1431	688806	339	1177	748
1432	689185	179	1019	874
1433	689384	299	1003	879
1434	689723	359	827	707
1435	690241	498	918	666
1436	690760	239	1211	847
1437	691039	120	1237	676
1438	691258	120	919	745
1439	691418	140	816	906
1440	691577	219	828	871
1441	691816	1455	801	913
1442	693371	498	813	899
1443	693969	399	813	909
1444	694388	239	799	909
1445	694787	239	818	885
1446	695046	1475	804	899
1447	696641	897	801	895
1448	697717	658	798	904
1449	698495	578	802	878
1450	699113	1196	804	898
1451	700449	399	857	624
1452	701007	199	859	651
1453	701386	239	848	655
1454	701764	259	796	691
1455	702143	179	806	701
1456	702422	359	783	865
1457	702821	139	876	587
1458	702981	817	647	603
1459	703938	359	652	597
1460	704436	698	640	599
1461	705293	538	641	620
1462	706011	259	756	560
1463	706450	359	796	566
1464	706828	498	702	639
1465	707466	219	736	605
1466	707725	159	743	597
1467	708004	279	725	696
1468	708503	698	719	688
1469	709221	518	714	693
1470	709898	1156	710	709
1471	711254	399	785	577
1472	711673	219	649	691
1473	711912	399	758	663
1474	712351	558	756	676
1475	713008	259	794	637
1476	713288	219	707	787
1477	713547	658	644	939
1478	714364	239	2227	1352
1479	714703	120	2003	1146
1480	714982	399	641	952
1481	715501	279	1268	948
1482	715899	219	560	980
1483	716138	179	629	964
1484	716418	199	715	896
1485	716776	339	636	940
1486	717155	199	1012	592
1487	717594	299	627	329
1488	718052	1316	640	942
1489	719508	379	805	576
1490	719926	259	619	729
1491	720206	279	768	688
1492	720524	259	627	877
1493	720824	159	754	729
1494	721222	159	751	656
1495	721402	120	649	815
1496	721561	379	790	491
1497	722099	259	786	497
1498	722538	1515	792	504
1499	724073	837	787	520
1500	725070	339	844	513
1501	725528	159	808	512
1502	725907	857	808	533
1503	726784	678	784	506
1504	727482	219	782	492
1505	727881	2492	771	477
1506	730493	179	778	475
1507	730871	399	777	454
1508	731469	239	791	454
1509	731968	259	785	463
1510	732446	937	788	466
1511	733403	259	762	344
1512	733702	1416	693	777
1513	735198	159	696	774
1514	735536	1376	696	784
1515	737072	120	793	647
1516	737510	279	840	596
1517	737809	239	783	597
1518	738088	459	784	608
1519	738567	558	738	735
1520	739145	219	770	972
1521	739404	738	945	840
1522	740281	1356	950	840
1523	741776	1655	976	819
1524	743551	459	776	893
1525	744029	1136	962	835
1526	745206	239	977	553
1527	745465	259	1064	508
1528	745764	319	1180	406
1529	746123	179	976	946
1530	746322	120	963	910
1531	746561	139	970	815
1532	746860	1136	964	852
1533	748216	100	886	628
1534	748495	837	821	559
1535	749512	120	411	1891
1536	750668	419	1104	378
1537	751366	100	1084	353
1538	751625	160	1070	408
1539	751844	199	1103	468
1540	752303	339	1095	424
1541	752682	100	1111	457
1542	752921	120	1077	426
1543	753080	359	1111	426
1544	753459	558	1112	389
1545	754257	359	1109	356
1546	754735	498	1105	430
1547	755353	797	1108	416
1548	756171	359	1109	353
1549	756669	777	1111	351
1550	757546	179	1115	403
1551	757965	120	998	370
1552	758224	718	931	443
1553	759041	259	854	380
1554	759320	478	794	467
1555	759919	618	711	277
1556	760696	578	714	258
1557	761314	837	712	252
1558	762371	139	776	336
1559	762730	518	784	407
1560	763268	239	787	413
1561	763547	239	683	321
1562	763826	638	768	345
1563	764484	2532	886	537
1564	767195	319	855	486
1565	767694	279	852	495
1566	768172	578	846	547
1567	768770	319	800	569
1568	769109	439	861	616
1569	769568	319	941	634
1570	769907	618	1113	720
1571	770684	479	1147	705
1572	771202	339	1120	737
1573	771661	219	1141	710
1574	771900	140	1144	714
1575	772179	1296	1152	692
1576	773495	239	1220	837
1577	773774	718	1137	701
1578	774711	239	908	514
1579	775150	618	895	529
1580	775788	977	829	549
1581	776805	100	806	375
1582	777004	239	810	346
1583	777323	299	1168	946
1584	777682	140	842	328
1585	777861	140	815	340
1586	778120	498	802	365
1587	778639	279	805	370
1588	778938	538	823	376
1589	779675	140	833	445
1590	780552	279	914	441
1591	780872	678	770	489
1592	781569	179	846	407
1593	781769	319	960	417
1594	782227	239	951	424
1595	782626	538	958	414
1596	783304	219	964	431
1597	783702	140	967	426
1598	783882	259	965	444
1599	784301	1017	959	436
1600	785517	259	845	434
1601	785955	1435	895	425
1602	787430	140	1048	467
1603	787590	857	1093	478
1604	788487	479	1091	488
1605	789006	399	1099	483
1606	789743	399	968	441
1607	790461	179	992	512
1608	790660	339	928	501
1609	791019	100	923	507
1610	791139	638	975	485
1611	791816	239	1181	548
1612	792096	279	927	906
1613	792395	160	866	710
1614	792594	219	641	744
1615	792853	219	576	491
1616	793092	179	610	344
1617	793352	279	877	349
1618	793651	259	837	413
1619	794129	339	562	977
1620	794488	199	802	998
1621	794727	359	489	896
1622	795146	299	872	885
1623	795485	259	731	860
1624	795804	339	1134	822
1625	796182	100	1157	671
1626	796322	140	1161	518
1627	796641	299	1085	423
1628	796960	219	987	463
1629	797299	359	988	328
1630	797678	399	875	268
1631	798156	279	908	167
1632	798595	499	918	258
1633	799213	279	886	288
1634	799532	479	903	319
1635	800110	718	887	309
1636	800888	140	947	411
1637	801206	120	845	317
1638	801346	239	896	308
1639	801625	518	899	322
1640	802183	120	896	304
1641	802343	239	932	383
1642	802802	299	899	314
1643	803160	239	941	446
1644	803479	140	942	451
1645	803738	439	882	209
1646	804217	1356	874	160
1647	805612	478	762	566
1648	806111	199	705	789
1649	806330	339	844	932
1650	806689	120	893	896
1651	806988	259	846	172
1652	807267	698	867	153
1653	808005	558	863	157
1654	809161	120	943	530
1655	809301	179	824	526
1656	809679	319	775	491
1657	810178	538	764	493
1658	810736	259	745	461
1659	811035	219	963	752
1660	811294	219	651	707
1661	811533	199	601	826
1662	811773	239	810	961
1663	812032	120	859	1001
1664	812171	319	1062	985
1665	812650	339	983	490
1666	813009	120	1028	443
1667	813148	140	1054	443
1668	813368	1774	510	820
1669	815282	638	518	812
1670	815959	997	511	815
1671	817415	319	730	529
1672	817774	139	723	540
1673	817953	538	547	686
1674	818511	758	599	659
1675	819309	279	796	914
1676	819628	120	947	778
1677	819787	139	992	605
1678	819967	199	905	437
1679	820206	239	596	319
1680	820724	120	603	249
1681	820884	618	614	233
1682	821542	140	621	229
1683	821701	359	718	222
1684	822160	399	600	202
1685	822638	279	464	1030
1686	822937	159	615	960
1687	823136	259	1143	970
1688	823455	100	1222	830
1689	823695	199	719	225
1690	823914	419	595	148
1691	824432	199	1078	342
1692	824652	140	1079	439
1693	824831	199	992	806
1694	825050	259	942	709
1695	825329	239	951	611
1696	825589	299	1025	516
1697	825928	319	1263	613
1698	826266	279	1286	733
1699	826605	459	620	181
1700	827104	718	597	136
1701	828101	1176	603	163
1702	829636	219	818	417
1703	830014	538	763	432
1704	830593	199	670	489
1705	830951	419	682	408
1706	831390	199	591	396
1707	831629	179	1013	395
1708	831908	199	1012	414
1709	832128	179	1021	470
1710	832327	139	1015	402
1711	832506	598	1014	418
1712	833523	239	1031	505
1713	833902	279	1015	429
1714	834201	100	1023	482
1715	834321	120	1012	416
1716	834500	100	1003	407
1717	834660	140	1014	495
1718	834919	439	1025	491
1719	835477	419	1013	489
1720	835916	219	1006	431
1721	836155	160	1011	502
1722	836494	319	882	448
1723	837012	339	675	538
1724	837650	120	881	475
1725	837790	558	826	541
1726	838368	199	838	460
1727	838587	518	1005	470
1728	839265	259	844	808
1729	839564	2432	917	740
1730	842036	179	1005	586
1731	842235	259	1000	541
1732	842534	379	1113	401
1733	842933	319	999	467
1734	843372	120	1176	249
1735	843790	219	1243	132
1736	844030	299	1330	32
1737	844488	100	420	-114
1738	844747	100	439	-86
1739	845066	120	421	527
1740	845246	419	529	804
1741	845824	100	560	666
1742	846123	379	467	373
1743	846542	120	595	324
1744	846761	339	879	628
1745	847120	2233	918	736
1746	849711	100	868	575
1747	850070	199	801	749
1748	850290	259	850	641
1749	850609	857	809	619
1750	851486	319	856	587
1751	851825	100	825	574
1752	851944	219	754	340
1753	852224	119	750	320
1754	852383	179	1041	410
1755	852722	139	1193	861
1756	853101	120	791	899
1757	853499	199	519	931
1758	853719	100	466	867
1759	853878	239	759	547
1760	854157	100	859	508
1761	854576	199	578	256
1762	854795	159	417	231
1763	855054	359	537	326
1764	855533	778	528	319
1765	856350	997	523	325
1766	857506	857	531	312
1767	858762	339	810	415
1768	859261	379	619	388
1769	859739	259	483	282
1770	860377	299	580	332
1771	860756	259	833	624
1772	861055	139	566	937
1773	861215	718	612	937
1774	862112	1615	626	945
1775	863926	917	820	576
1776	864883	259	611	733
1777	865162	259	514	887
1778	865441	359	599	798
1779	865820	179	617	708
1780	866019	1097	669	629
1781	867136	339	677	628
1782	867494	778	669	616
1783	868292	219	675	610
1784	868970	718	903	464
1785	869727	1037	664	538
1786	870784	160	880	717
1787	870964	3090	918	763
1788	874293	439	840	512
1789	874891	1037	797	501
1790	876047	259	785	552
1791	876346	179	1094	723
1792	876566	618	422	492
1793	877323	897	417	491
1794	878240	478	411	489
