Data properties:
 
Recording date: 27/03/2008
Recording time : 14:48:37:772 (corresponds to time 0)
Study: AlasdairTPOnlyRoughness
Subject: PS
Recording: ps4
Screen resolution: 1600 x 1200
Coordinate unit: Pixels
 
 
Filter settings:
 
Eye: Average
Validity level: Normal
Fixation radius: 50
Min duration: 100
 
Fix number	Timestamp	Duration	GazepointX	GazepointY
 
1	457	259	833	630
2	876	219	881	646
3	1175	140	805	614
4	1434	1077	831	651
5	2550	299	479	431
6	2889	1017	571	552
7	4066	1296	576	547
8	5481	1974	762	546
9	7495	1934	639	755
10	9628	498	772	614
11	10146	1475	752	566
12	11661	199	860	435
13	11881	598	913	471
14	12598	977	920	503
15	13655	359	800	463
16	14113	837	843	438
17	15051	578	803	455
18	15649	279	899	504
19	15968	319	785	718
20	16326	199	1030	960
21	16546	120	988	973
22	16725	139	960	444
23	16984	419	801	389
24	17523	140	811	369
25	17702	379	811	377
26	18220	997	813	373
27	19237	658	814	368
28	20015	339	820	504
29	20373	100	772	426
30	20613	1336	803	401
31	21968	199	760	368
32	22208	1754	940	678
33	24102	738	874	515
34	24859	379	819	572
35	25258	199	912	651
36	25477	199	840	571
37	25696	359	802	485
38	26075	259	909	676
39	26374	140	985	793
40	26574	259	483	833
41	26853	199	544	766
42	27092	319	840	929
43	27471	419	581	310
44	27989	100	959	536
45	28109	100	1121	741
46	28348	179	1076	796
47	28567	299	964	1008
48	28926	199	982	474
49	29145	199	1040	369
50	29524	379	733	327
51	29923	259	805	274
52	30282	100	350	239
53	30521	239	437	450
54	30800	339	424	741
55	31179	259	576	878
56	31478	279	989	987
57	31797	319	1124	886
58	32156	319	1251	771
59	32515	139	1047	789
60	32754	399	825	884
61	33173	259	765	696
62	33452	279	556	774
63	33771	339	758	604
64	34149	518	544	845
65	34767	538	466	1013
66	35465	239	766	980
67	35724	2193	629	960
68	38117	518	832	632
69	38834	798	824	497
70	39791	319	772	564
71	40150	1515	460	554
72	41865	1017	731	509
73	42981	259	683	552
74	43280	279	533	531
75	43579	259	498	504
76	43918	1874	936	588
77	45992	478	836	513
78	46610	319	848	487
79	46948	199	799	591
80	47168	937	875	572
81	48125	199	675	527
82	48404	239	499	668
83	48663	120	600	585
84	48922	319	626	531
85	49580	199	734	605
86	49819	339	613	550
87	50298	359	640	521
88	50796	219	628	534
89	51055	339	618	557
90	51534	100	610	549
91	51673	738	616	551
92	52531	419	753	577
93	53268	379	617	557
94	53807	199	767	555
95	54046	319	622	559
96	54504	498	601	565
97	55402	379	648	582
98	55820	758	610	554
99	57375	199	517	566
100	57595	459	612	561
101	58153	1096	622	557
102	59349	1136	621	548
103	60645	359	811	485
104	61043	977	697	540
105	62040	479	772	572
106	62539	159	734	493
107	62718	1376	978	749
108	64313	538	907	596
109	64891	279	823	689
110	65330	837	838	584
111	66187	299	928	740
112	66526	160	759	481
113	66705	1854	753	453
114	68799	1176	742	414
115	70015	439	724	409
116	70473	2552	619	499
117	73464	558	789	439
118	74261	199	830	480
119	74480	399	736	523
120	74899	179	819	503
121	75098	140	705	491
122	75258	1714	793	448
123	77132	618	836	437
124	77929	1416	805	449
125	79365	359	644	396
126	79764	140	771	696
127	79923	1635	630	783
128	81837	498	798	520
129	82495	618	778	541
130	83133	439	716	669
131	83591	159	758	560
132	83791	140	454	649
133	83950	518	445	569
134	84628	937	433	565
135	85744	1216	432	554
136	87220	638	808	447
137	87898	459	819	586
138	88376	877	761	533
139	89273	698	730	825
140	90170	478	724	837
141	90808	2133	729	836
142	93101	139	780	572
143	93460	1675	777	521
144	95174	359	848	326
145	95573	1376	865	327
146	96988	140	870	320
147	97347	120	837	348
148	97766	718	832	360
149	98524	279	870	392
150	98823	359	803	405
151	99241	199	424	382
152	99481	219	908	759
153	99720	279	856	848
154	100178	439	860	857
155	100776	1356	849	858
156	102152	578	849	862
157	102929	479	881	538
158	103687	339	865	421
159	104046	439	781	571
160	104504	179	857	546
161	104704	299	816	463
162	105043	259	592	462
163	105362	219	1176	603
164	105601	279	1089	551
165	105920	379	742	972
166	106618	299	944	367
167	106957	359	1222	417
168	107355	279	615	886
169	107674	179	709	724
170	107894	299	485	659
171	108232	140	608	750
172	108392	339	728	1015
173	108791	219	1150	896
174	109030	239	1075	766
175	109449	518	878	649
176	110007	119	760	478
177	110166	957	460	165
178	111243	219	790	290
179	111502	459	744	301
180	111981	100	818	387
181	112100	179	854	373
182	112459	120	663	236
183	112638	140	472	248
184	112798	419	403	387
185	113376	219	560	197
186	113615	379	816	259
187	114034	319	985	261
188	114393	319	1163	270
189	114732	199	1241	258
190	114971	140	759	300
191	115131	159	782	314
192	115310	319	813	288
193	115649	199	725	241
194	115888	279	369	228
195	116187	598	399	352
196	116805	618	446	574
197	117463	259	462	732
198	117742	738	392	854
199	118560	399	631	967
200	119118	459	735	839
201	119596	917	597	748
202	120553	498	743	953
203	121091	459	1034	819
204	121630	379	987	997
205	122048	319	1241	784
206	122567	299	1237	717
207	122886	439	1276	729
208	123364	598	951	680
209	123982	419	904	623
210	124441	179	1073	575
211	124640	100	1038	393
212	124780	219	1044	406
213	125039	299	1217	375
214	125378	299	814	404
215	125697	179	764	393
216	126016	359	810	994
217	126554	259	829	970
218	126833	239	722	1020
219	127112	538	564	1017
220	127670	419	530	962
221	128129	359	967	977
222	128528	279	1057	961
223	128847	159	1233	994
224	129185	319	1204	872
225	129524	459	1245	804
226	130003	459	1238	776
227	130481	239	1099	735
228	130741	299	986	737
229	131080	279	887	763
230	131398	319	771	774
231	131737	299	702	767
232	132056	120	588	768
233	132336	439	499	773
234	132814	439	371	789
235	133273	439	406	691
236	133911	718	756	703
237	134668	279	916	767
238	134967	239	952	743
239	135226	299	1025	671
240	135565	479	1258	715
241	136084	279	1070	687
242	136383	199	1095	643
243	136622	239	1212	832
244	136961	199	1207	785
245	137200	179	1236	591
246	137419	179	1241	484
247	137619	1316	1252	380
248	138954	159	1266	228
249	139313	379	1255	194
250	139732	419	747	433
251	140170	159	678	529
252	140370	299	557	474
253	140689	179	453	608
254	140908	458	426	341
255	141387	239	502	303
256	141925	219	814	342
257	142204	199	768	360
258	142523	100	775	340
259	142842	120	685	313
260	143061	419	637	245
261	143520	439	1147	335
262	144098	399	1006	334
263	144596	140	472	245
264	144756	140	360	229
265	145174	259	384	165
266	145454	140	429	153
267	145733	140	638	237
268	145892	459	412	185
269	146430	219	595	331
270	146670	439	791	452
271	147128	239	738	599
272	147387	279	765	684
273	147706	359	930	544
274	148105	219	1035	545
275	148364	319	1242	743
276	148723	479	1043	796
277	149321	179	1003	820
278	149541	179	779	839
279	149879	279	684	761
280	150178	259	717	694
281	150477	140	495	627
282	150737	319	468	594
283	151135	459	564	672
284	151614	219	483	609
285	151853	558	604	775
286	152451	279	484	615
287	152770	319	509	599
288	153169	339	730	810
289	153528	598	738	723
290	154146	399	736	886
291	154584	100	842	748
292	154784	399	790	622
293	155202	1097	689	667
294	156438	2452	686	680
295	159150	558	796	559
296	159887	618	754	560
297	160705	299	762	531
298	161024	179	773	636
299	161243	1236	690	971
300	162659	757	783	725
301	163456	279	644	948
302	163775	179	714	824
303	163974	259	710	698
304	164253	259	778	638
305	164553	139	701	926
306	164712	1336	843	950
307	166068	219	843	956
308	166845	558	851	636
309	167443	239	710	547
310	167702	239	791	479
311	167962	479	721	523
312	168460	1974	905	710
313	170613	618	863	566
314	171431	518	863	547
315	171969	199	756	485
316	172188	1974	813	465
317	174381	1794	820	450
318	176215	2193	927	735
319	178608	1854	865	572
320	180482	259	910	723
321	180781	219	980	894
322	181040	319	920	733
323	181399	259	656	372
324	181718	618	651	795
325	182535	2014	655	755
326	184788	1336	839	574
327	186163	259	651	801
328	186443	379	701	745
329	186841	100	611	685
330	186981	758	485	396
331	187798	179	747	813
332	187997	259	879	970
333	188436	199	1259	988
334	188715	2332	484	354
335	191287	219	719	465
336	191765	199	924	512
337	192005	499	782	526
338	192523	578	701	442
339	193121	140	599	362
340	193301	199	425	168
341	193540	518	831	677
342	194098	239	980	416
343	194357	179	976	385
344	194576	479	616	481
345	195095	319	869	890
346	195454	379	965	748
347	195852	259	1056	884
348	196132	219	981	946
349	196411	319	975	639
350	196889	359	728	762
351	197268	100	643	810
352	197407	279	914	1051
353	197826	239	503	718
354	198085	379	387	594
355	198504	299	508	968
356	198823	179	703	916
357	199142	359	755	711
358	199521	877	643	682
359	200418	359	539	586
360	200836	319	1133	856
361	201175	140	1069	865
362	201335	179	1171	956
363	201634	379	970	1018
364	202092	718	1242	779
365	202850	239	986	457
366	203109	179	887	427
367	203428	100	831	425
368	203687	100	615	458
369	203847	239	644	487
370	204126	279	668	282
371	204425	259	790	286
372	204724	299	790	293
373	205163	1396	793	268
374	206598	538	798	262
375	207874	339	824	381
376	208372	578	865	409
377	208990	279	794	522
378	209349	339	872	760
379	209828	1774	865	786
380	211622	957	870	773
381	212838	299	830	518
382	213337	478	795	652
383	213835	2751	744	541
384	216805	578	745	475
385	217403	1236	747	516
386	218659	2213	787	369
387	221351	1276	853	398
388	222667	179	784	370
389	222866	2014	784	529
390	225119	538	842	436
391	225677	937	760	501
392	226634	1734	806	728
393	228987	100	979	492
394	229126	259	843	568
395	229624	817	855	600
396	230482	139	712	438
397	230681	259	596	371
398	231199	678	587	389
399	231977	1495	601	404
400	233671	439	772	425
401	234270	479	689	412
402	234788	299	690	396
403	235107	279	808	435
404	235426	2014	476	378
405	237699	897	822	466
406	238616	877	709	442
407	239513	159	530	382
408	239712	339	536	918
409	240091	179	764	898
410	240310	219	833	692
411	240569	299	871	457
412	240908	179	710	311
413	241108	399	763	252
414	241546	279	753	258
415	241965	538	743	245
416	242543	159	759	248
417	242842	259	751	230
418	243141	1096	758	245
419	244278	678	759	239
420	245155	339	796	352
421	245693	498	805	300
422	246470	319	780	307
423	246810	139	734	270
424	247009	439	773	262
425	247487	219	1001	396
426	247746	299	715	664
427	248085	1515	1013	869
428	249900	279	971	397
429	250238	379	875	590
430	250637	179	871	605
431	250976	718	878	547
432	251714	160	914	701
433	251893	1336	901	730
434	253269	359	959	1020
435	253668	279	962	755
436	253967	279	910	739
437	254266	439	910	729
438	254724	100	892	676
439	254864	239	959	549
440	255143	219	1025	423
441	255382	259	1017	343
442	255761	259	543	137
443	256040	379	552	301
444	256479	379	871	683
445	257037	1615	897	736
446	259110	1077	843	492
447	260207	199	726	575
448	260426	139	802	623
449	260585	140	803	636
450	260745	179	757	599
451	260964	259	440	281
452	261263	259	796	796
453	261562	279	583	457
454	261861	259	473	353
455	262160	299	718	682
456	262499	598	660	580
457	263217	618	658	574
458	263855	678	655	563
459	264573	339	1038	689
460	264951	339	1178	708
461	265330	100	1202	370
462	265450	139	1205	377
463	265669	199	1163	288
464	265928	179	567	444
465	266148	479	633	561
466	266666	339	397	713
467	267184	379	517	602
468	267603	498	513	866
469	268141	2053	650	557
470	270354	279	653	536
471	270653	259	666	414
472	270932	239	690	301
473	271192	179	755	513
474	271391	897	652	558
475	272567	180	788	421
476	273026	419	839	428
477	273484	219	674	489
478	273723	399	748	482
479	274142	239	665	484
480	274421	299	572	344
481	274760	359	448	565
482	275159	1116	568	379
483	276415	100	801	368
484	276534	259	582	348
485	276833	299	1014	593
486	277172	379	573	371
487	277910	179	786	413
488	278109	359	751	578
489	278508	399	631	424
490	278927	459	619	360
491	279525	259	588	266
492	279804	160	483	373
493	280003	140	739	336
494	280163	319	778	345
495	280522	179	1116	554
496	280821	199	831	449
497	281040	120	774	441
498	281299	678	773	387
499	282137	997	769	461
500	283293	439	762	450
501	283751	897	766	443
502	284848	239	808	433
503	285266	379	783	385
504	285685	339	808	478
505	286044	678	772	404
506	286742	2173	874	502
507	288975	139	839	501
508	289373	977	831	483
509	290370	399	887	469
510	290789	180	929	474
511	290988	2512	827	501
512	293919	817	838	417
513	294756	817	800	453
514	295613	1156	949	613
515	296830	379	1070	328
516	297228	359	1192	283
517	297647	259	516	272
518	297946	100	872	246
519	298066	379	1098	272
520	298504	219	893	631
521	298743	140	934	655
522	298903	379	957	615
523	299501	1615	962	622
524	301176	239	515	985
525	301435	259	607	891
526	301734	199	524	596
527	301953	439	479	345
528	302432	618	448	153
529	303110	179	969	617
530	303309	1734	965	623
531	305322	379	807	472
532	305901	1435	792	534
533	307376	3469	655	626
534	311024	279	789	491
535	311503	2054	727	566
536	313716	837	654	608
537	314752	977	650	608
538	315909	777	662	584
539	316885	299	776	491
540	317404	319	809	528
541	317743	1336	693	610
542	319118	319	508	812
543	319497	179	868	518
544	319696	279	866	470
545	320035	279	1033	947
546	320334	120	964	850
547	320494	239	659	887
548	320793	100	611	539
549	320913	179	501	351
550	321172	199	497	248
551	321451	239	1060	318
552	321830	219	896	706
553	322228	479	876	780
554	322886	339	891	762
555	323245	219	875	784
556	323484	159	870	775
557	323684	1236	875	774
558	325179	159	864	526
559	325777	379	853	604
560	326176	120	783	620
561	326315	339	779	621
562	326754	359	785	593
563	327133	518	744	536
564	327791	1894	725	532
565	329924	1136	791	466
566	331080	957	696	475
567	332097	239	514	431
568	332376	319	764	877
569	332735	199	942	726
570	332974	219	975	515
571	333233	159	1011	408
572	333532	100	825	287
573	333751	100	703	278
574	333931	279	1124	308
575	334310	279	647	729
576	334768	179	509	705
577	334968	179	549	705
578	335167	140	432	865
579	335326	199	424	874
580	335546	120	536	712
581	335705	419	652	979
582	336224	399	510	1016
583	336662	478	430	902
584	337180	140	758	825
585	337360	239	922	739
586	337619	419	876	678
587	338058	140	882	615
588	338217	399	746	429
589	338676	199	1007	1004
590	338895	199	930	945
591	339413	937	922	694
592	340530	159	1046	878
593	340709	100	998	900
594	341128	299	1189	898
595	341447	199	1105	893
596	341666	319	831	959
597	342264	618	402	250
598	342902	379	533	170
599	343321	159	750	234
600	343720	219	859	308
601	344039	100	796	279
602	344178	100	790	278
603	344497	259	1232	223
604	344796	139	1082	257
605	345055	199	724	259
606	345414	299	548	260
607	345733	259	448	318
608	346052	419	475	223
609	346491	179	377	188
610	346790	159	778	355
611	346969	319	747	306
612	347328	339	731	293
613	347707	359	519	317
614	348185	339	936	396
615	348704	299	849	350
616	349142	179	881	328
617	349342	658	876	398
618	350059	479	1210	252
619	350558	139	1288	252
620	350877	439	1201	394
621	351355	239	1024	427
622	351614	239	969	487
623	351953	159	705	436
624	352153	279	581	338
625	352452	339	720	428
626	352810	259	421	449
627	353110	797	740	430
628	353927	638	802	460
629	354605	159	346	460
630	354924	120	337	404
631	355123	339	343	560
632	355482	339	370	708
633	355841	139	420	753
634	356000	518	381	655
635	356539	459	642	589
636	357017	179	641	647
637	357236	339	696	847
638	357615	120	785	653
639	357755	459	797	559
640	358253	439	1016	707
641	358732	319	1179	634
642	359091	498	1248	605
643	359709	259	1227	649
644	359988	518	1244	634
645	360546	1017	1248	620
646	361622	139	1213	660
647	361882	259	1247	629
648	362619	179	985	498
649	363098	120	1041	555
650	363237	598	902	574
651	363855	459	787	560
652	364354	2014	895	747
653	366587	259	869	458
654	366886	100	865	473
655	367005	159	787	613
656	367364	738	812	625
657	368261	140	805	622
658	368421	140	915	559
659	368580	259	927	510
660	369258	239	868	541
661	369517	1475	942	510
662	371172	1096	825	468
663	372288	219	930	477
664	372528	459	906	441
665	373026	199	813	368
666	373245	179	773	266
667	373465	199	820	507
668	373704	319	769	279
669	374043	1495	756	271
670	375578	2133	752	281
671	377910	698	827	419
672	378648	399	734	315
673	379226	459	707	303
674	379705	159	720	279
675	379884	179	715	652
676	380083	159	825	666
677	380263	957	742	706
678	381280	140	1036	718
679	381459	179	1180	383
680	381678	439	1108	282
681	382157	778	751	694
682	383054	578	550	696
683	383692	1455	750	692
684	385406	219	893	406
685	385825	399	881	486
686	386264	578	776	557
687	386862	159	735	520
688	387041	239	791	441
689	387300	359	857	410
690	387699	279	647	374
691	388018	817	859	425
692	388995	1615	862	436
693	390650	219	973	395
694	390889	140	1063	367
695	391068	199	1268	416
696	391288	239	1197	442
697	391587	219	875	929
698	391846	259	936	861
699	392145	179	702	764
700	392364	219	465	515
701	392603	259	446	402
702	392882	179	568	324
703	393102	1156	852	431
704	394477	160	867	385
705	395095	937	766	421
706	396052	239	827	388
707	396331	239	703	549
708	396591	558	654	609
709	397328	1216	650	636
710	398584	239	894	739
711	398843	239	988	743
712	399122	1196	650	636
713	400558	299	858	476
714	401076	598	861	583
715	401694	718	759	517
716	402432	159	742	689
717	402611	319	731	760
718	402950	419	787	652
719	403488	1575	729	766
720	405243	359	857	598
721	405901	758	838	543
722	406718	239	737	662
723	406977	319	807	706
724	407336	140	1085	560
725	407496	399	1175	558
726	407934	179	1174	564
727	408134	219	1040	535
728	408493	100	1183	584
729	408712	359	1171	591
730	409210	1037	1192	557
731	410267	159	1210	510
732	410526	359	1200	509
733	411204	239	972	490
734	411702	1495	812	585
735	413217	159	725	569
736	413397	359	721	569
737	414234	1396	733	588
738	415690	279	1191	454
739	416048	199	733	549
740	416308	439	1187	336
741	416826	140	704	586
742	416985	738	721	569
743	418421	499	805	582
744	418939	518	805	577
745	419577	359	780	625
746	419956	140	794	938
747	420115	459	819	976
748	420753	1555	827	983
749	422348	319	821	981
750	422926	419	834	574
751	423544	957	819	581
752	424521	359	753	545
753	424920	259	890	841
754	425239	837	1037	324
755	426176	1256	1050	325
756	427512	1774	1048	306
757	429904	778	946	473
758	430702	239	865	446
759	430981	777	991	363
760	431798	219	796	765
761	432057	538	681	765
762	432635	1435	666	759
763	434808	578	862	592
764	435406	758	727	633
765	436204	2691	845	498
766	439194	179	823	455
767	440111	139	665	502
768	440271	359	796	493
769	440650	399	794	476
770	441088	299	468	528
771	441407	2313	459	553
772	443959	339	593	421
773	444378	598	1726	688
774	445036	359	869	541
775	445414	479	714	511
776	445933	1974	497	846
777	447926	937	494	843
778	448923	359	725	517
779	449322	139	743	384
780	449481	359	545	300
781	449860	419	640	209
782	450339	518	514	879
783	451056	1017	495	841
784	452273	1196	496	850
785	453648	399	842	541
786	454246	638	809	491
787	455044	538	738	516
788	455622	339	906	425
789	456100	199	901	420
790	456419	578	894	438
791	457157	498	882	436
792	457815	817	890	418
793	458772	678	893	401
794	459609	538	891	416
795	460327	538	889	408
796	461025	1894	904	403
797	462939	259	902	399
798	463397	359	858	431
799	463796	439	810	570
800	464274	1057	854	395
801	465351	399	735	381
802	465849	498	780	418
803	466407	279	739	315
804	466866	2093	742	325
805	468999	1415	744	333
806	470674	299	807	397
807	471132	1196	785	367
808	472388	419	796	393
809	472847	658	956	732
810	473604	658	943	766
811	474382	1356	950	773
812	475917	339	877	575
813	476415	877	816	571
814	477312	219	758	610
815	477552	339	839	638
816	477911	179	834	568
817	478130	299	1096	839
818	478449	299	931	783
819	478788	319	1052	872
820	479266	159	630	802
821	479446	100	621	737
822	479585	558	655	432
823	480403	837	638	458
824	481400	100	638	457
825	481539	259	646	475
826	481818	538	642	452
827	482376	159	631	428
828	482596	179	615	438
829	482795	837	657	413
830	483812	1336	645	408
831	485407	219	770	479
832	485905	678	741	395
833	486603	897	639	410
834	487520	179	564	652
835	487739	359	1077	452
836	488138	319	753	844
837	488497	239	561	835
838	488776	259	589	409
839	489075	538	610	330
840	489773	319	591	314
841	490211	1256	599	313
842	491487	499	594	315
843	492006	339	638	248
844	492404	199	1007	281
845	492624	718	1159	272
846	493401	199	1105	678
847	493620	319	1034	813
848	493979	279	1181	968
849	494278	120	1014	977
850	494458	219	612	934
851	494856	219	579	802
852	495116	319	564	997
853	495474	299	532	765
854	495793	279	573	616
855	496112	259	609	532
856	496412	219	667	429
857	496651	2133	589	303
858	499163	100	802	388
859	499502	558	831	445
860	500219	698	759	349
861	501057	139	1035	464
862	501216	2333	1079	501
863	504187	120	1012	426
864	504346	558	830	455
865	504924	758	816	435
866	505702	100	851	433
867	505841	1455	529	433
868	507596	817	791	396
869	508433	678	665	441
870	509191	1296	701	429
871	510766	718	754	425
872	511503	718	738	455
873	512261	120	624	570
874	512400	1435	579	642
875	514135	379	720	474
876	514832	459	693	508
877	515331	139	593	766
878	515510	239	739	579
879	515770	359	643	603
880	516148	199	575	904
881	516368	1475	721	970
882	518082	478	825	540
883	518800	1256	771	579
884	520096	199	908	803
885	520315	219	893	927
886	520594	100	1021	723
887	520734	160	1116	520
888	520913	1017	1041	708
889	521970	439	1204	426
890	522448	319	1059	713
891	522887	419	673	753
892	523325	239	562	968
893	523624	399	500	175
894	524103	120	848	319
895	524442	498	942	694
896	524960	479	1054	709
897	525598	1296	1059	699
898	527253	439	1016	486
899	527911	379	923	593
900	528449	139	841	705
901	528628	219	1016	716
902	528868	419	955	686
903	529306	239	1129	440
904	529585	1017	699	390
905	530682	379	667	365
906	531838	100	869	478
907	531958	259	771	490
908	532237	758	779	444
909	533014	219	711	405
910	533254	159	634	383
911	533453	279	801	779
912	533752	219	939	747
913	534011	199	1009	441
914	534250	199	755	299
915	534510	279	734	275
916	534809	758	708	240
917	535586	1296	710	220
918	536902	100	707	220
919	537640	179	760	359
920	537859	499	833	457
921	538397	279	731	373
922	538756	259	757	296
923	539214	797	904	695
924	540052	1874	887	723
925	542384	618	924	482
926	543042	359	806	585
927	543421	578	770	548
928	544039	139	725	730
929	544199	1435	711	810
930	546132	638	853	560
931	546790	279	749	636
932	547089	199	807	621
933	547309	239	762	557
934	547747	100	575	427
935	547867	299	602	455
936	548186	937	576	444
937	549362	219	782	415
938	549621	120	778	434
939	549900	479	717	414
940	550399	778	674	468
941	551216	1395	578	274
942	553349	120	800	270
943	553489	1336	632	255
944	554864	140	928	500
945	555024	2073	986	551
946	557676	199	905	401
947	557895	658	786	500
948	558573	299	813	475
949	558892	239	931	570
950	559151	160	1068	716
951	559330	857	1040	773
952	560207	419	1065	770
953	560885	877	881	472
954	561782	239	998	577
955	562042	259	940	564
956	562321	419	896	537
957	562779	658	624	523
958	563457	1276	627	522
959	565231	498	808	388
960	565949	439	763	529
961	566408	399	696	508
962	566846	1455	693	673
963	568322	558	687	683
964	568900	379	679	668
965	569318	140	449	611
966	569478	140	462	599
967	569877	638	864	479
968	570734	558	793	474
969	571312	179	717	606
970	571511	299	793	580
971	571850	140	1042	622
972	572010	339	1119	510
973	572389	299	1067	682
974	572747	1495	1119	524
975	574282	199	1243	607
976	574502	419	1119	529
977	574960	339	1224	720
978	575339	937	1128	536
979	576555	758	961	388
980	577353	498	839	553
981	577871	499	859	465
982	578409	419	1067	467
983	578888	159	593	567
984	579087	100	565	572
985	579227	199	675	481
986	579466	658	1079	492
987	580263	3589	1075	504
988	583872	379	1068	320
989	584290	140	1059	533
990	584450	259	1049	515
991	584968	2014	845	426
992	587022	219	750	667
993	587261	399	809	725
994	587819	479	827	728
995	588338	299	1133	935
996	588676	179	1266	725
997	588876	140	1258	605
998	589075	199	1149	293
999	589294	179	1128	276
1000	589534	279	661	229
1001	589912	179	360	237
1002	590132	239	411	611
1003	590411	359	448	796
1004	590810	219	720	655
1005	591049	159	847	704
1006	591448	140	750	659
1007	591607	299	757	425
1008	591926	279	854	426
1009	592245	179	847	695
1010	592464	538	835	720
1011	593202	1595	840	722
1012	595156	1535	817	712
1013	596711	399	818	714
1014	597149	159	817	712
1015	597528	339	816	514
1016	598126	997	812	513
1017	599143	219	829	531
1018	599402	219	915	646
1019	599661	219	625	675
1020	599901	140	596	679
1021	600060	120	607	681
1022	600339	140	838	701
1023	600539	319	1214	888
1024	600897	140	878	778
1025	601077	179	528	625
1026	601276	219	557	661
1027	601695	499	568	681
1028	602253	299	581	678
1029	602572	937	572	687
1030	603649	199	577	702
1031	603868	179	590	705
1032	604067	638	577	699
1033	604745	239	577	694
1034	605024	120	703	494
1035	605184	100	907	412
1036	605303	159	937	402
1037	605483	319	1157	393
1038	605961	100	629	648
1039	606180	758	577	690
1040	606978	159	552	677
1041	607476	279	581	699
1042	607775	100	564	693
1043	607895	139	616	726
1044	608054	140	617	720
1045	608692	100	666	681
1046	608832	199	479	986
1047	609131	498	793	553
1048	609649	618	713	567
1049	610287	100	760	562
1050	610427	279	438	754
1051	610766	479	799	378
1052	611344	259	904	727
1053	611643	339	819	387
1054	612122	359	824	418
1055	612640	439	568	493
1056	613238	100	555	470
1057	613437	140	818	412
1058	613597	100	820	413
1059	613736	339	811	397
1060	614255	140	811	448
1061	614713	179	807	428
1062	614913	120	854	467
1063	615311	179	784	395
1064	615511	598	871	490
1065	616149	319	829	327
1066	616507	219	1181	593
1067	616767	239	822	756
1068	617026	758	935	797
1069	618062	239	973	752
1070	618322	498	958	782
1071	618980	598	962	775
1072	619598	219	963	780
1073	619976	678	962	771
1074	620674	359	973	762
