Data properties:
 
Recording date: 10/1/2008
Recording time : 14:06:06:470 (corresponds to time 0)
Study: SD Experiment
Subject: LM
Recording: LM18
Screen resolution: 1600 x 1200
Coordinate unit: Pixels
 
 
Filter settings:
 
Eye: Average
Validity level: Normal
Fixation radius: 30
Min duration: 100
 
Fix number	Timestamp	Duration	GazepointX	GazepointY
 
1	1531	179	751	634
2	2309	100	753	590
3	2767	100	753	616
4	3565	120	763	618
5	4023	100	762	597
6	4143	120	767	590
7	4303	139	748	586
8	4462	179	766	586
9	5200	179	761	600
10	5519	219	755	600
11	6376	140	755	595
12	7233	140	765	599
13	7492	100	756	611
14	8489	160	763	598
15	8948	319	750	602
16	9446	259	743	598
17	10025	100	744	579
18	10962	159	770	610
19	11420	140	766	616
20	12058	120	755	620
21	12377	120	757	600
22	12576	100	753	599
23	12696	140	757	620
24	13095	100	755	615
25	13454	179	769	618
26	13733	140	765	612
27	13972	140	759	615
28	15148	100	761	637
29	15687	179	757	620
30	16404	120	756	595
31	17042	139	760	598
32	17441	100	764	599
33	17820	120	766	582
34	18119	180	763	616
35	18498	100	746	612
36	18737	159	752	622
37	19096	100	769	593
38	19515	120	758	609
39	21050	100	759	614
40	21249	199	756	614
41	21628	140	753	630
42	21847	120	755	626
43	22027	100	749	611
44	22445	219	749	603
45	22764	180	754	607
46	23024	120	748	615
47	23323	100	749	622
48	24359	140	772	624
49	24559	180	759	628
50	24997	100	765	610
51	25237	100	755	618
52	25615	120	775	611
53	26134	120	764	602
54	27450	199	766	593
55	28187	259	767	602
56	28666	120	772	601
57	29104	140	768	633
58	30360	120	756	642
59	30580	140	751	594
60	30959	100	749	591
61	31297	100	746	637
62	32793	120	741	621
63	33491	120	757	597
64	33829	160	764	598
65	34288	199	761	609
66	34507	180	752	602
67	34707	100	746	612
68	35026	179	755	595
69	35225	140	760	580
70	35424	100	757	597
71	36222	100	783	603
72	36720	140	764	582
73	36880	100	762	592
74	37299	179	767	552
75	38136	160	766	613
76	38594	100	762	598
77	38894	140	748	601
78	39133	100	758	597
79	39252	159	767	602
80	39532	120	770	583
81	40269	100	774	593
82	40648	319	772	530
83	41346	379	768	592
84	43738	100	767	601
85	44177	120	765	602
86	44516	120	748	618
87	44815	140	753	609
88	45134	180	768	615
89	46031	120	784	598
90	46170	120	763	610
91	46390	120	761	603
92	46669	100	784	599
93	47048	140	756	605
94	47287	299	757	600
95	47965	120	774	560
96	48244	120	770	587
97	48483	140	777	603
98	48802	160	778	595
99	49141	100	761	588
100	49400	159	762	600
101	49739	120	774	604
102	50018	100	770	590
103	50138	239	767	588
104	50397	100	771	598
105	50796	120	771	580
106	52052	100	767	602
107	52550	219	774	593
108	53149	179	779	602
109	53348	159	780	602
110	54205	100	775	618
111	54624	120	784	617
112	55003	159	779	623
113	55182	180	767	622
114	55541	160	776	619
115	56179	259	777	618
116	56817	120	778	611
117	57475	100	781	604
118	58950	160	778	587
119	59349	140	773	598
120	59628	100	773	602
121	59847	120	770	610
122	60027	140	775	603
123	60246	139	776	590
124	60406	119	778	604
125	61044	100	778	612
126	63137	160	763	593
127	63915	180	768	608
128	64214	139	771	593
129	64373	159	774	601
130	64752	160	767	584
131	65011	119	782	590
132	66008	100	746	605
133	66546	140	758	609
134	66825	139	746	599
135	67922	159	755	605
136	68440	120	772	601
137	68779	120	763	616
138	69078	160	765	599
139	69876	100	758	601
140	70015	159	754	591
141	70314	100	769	604
142	70773	180	774	594
143	71770	140	761	588
144	71929	100	758	576
145	73245	159	761	580
146	73604	100	758	586
147	73744	239	750	588
148	74162	100	737	596
149	74681	179	741	603
150	75518	100	730	595
151	75717	100	745	582
152	76355	100	750	596
153	76515	160	754	592
154	76834	140	755	584
155	77452	160	758	601
156	77671	120	753	598
157	78010	100	755	588
158	78887	100	771	600
159	79824	319	761	586
160	80163	100	753	606
161	80582	120	770	592
162	81100	140	772	601
163	81679	259	762	612
164	82097	100	755	629
165	82476	120	759	585
166	82994	140	761	594
167	83433	159	752	619
168	83931	100	781	600
169	84051	100	775	610
170	84171	100	769	605
171	84390	160	773	608
172	84689	279	768	620
173	85247	319	775	607
174	85766	179	768	590
175	86025	100	778	596
176	86164	120	767	590
177	86503	379	780	592
178	86902	120	784	587
179	87062	379	787	604
180	87660	120	783	606
181	87799	179	787	609
182	87999	120	788	607
183	88676	100	793	582
184	88836	100	786	600
185	89314	100	779	578
186	89753	239	777	579
187	90072	299	771	584
188	90790	100	752	596
189	90929	140	757	582
190	91149	120	761	598
191	91308	100	763	581
192	92524	120	776	588
193	92744	160	772	595
194	93122	259	772	585
195	93402	100	758	598
196	93681	100	778	597
197	93800	239	762	583
198	94079	100	769	597
199	94379	100	769	575
200	94877	100	779	594
201	95415	120	783	592
202	95794	100	766	588
203	96053	100	771	577
204	96552	139	767	596
205	97249	120	760	599
206	97688	120	782	572
207	98186	160	764	579
208	98486	140	768	578
209	98665	100	769	579
210	98884	259	770	598
211	99781	100	773	601
212	99981	100	779	589
213	101775	120	799	605
214	102154	100	787	589
215	103410	139	781	577
216	103968	120	784	604
217	104267	100	770	586
218	104487	100	772	586
219	105204	120	766	590
220	106839	120	784	579
221	107278	140	791	593
222	107677	120	785	590
223	108055	100	780	593
224	108235	239	777	595
225	108813	120	789	594
226	108953	159	785	589
227	109371	100	779	585
228	109690	100	782	581
229	110129	120	784	584
230	110428	100	782	583
231	110587	100	790	575
232	111265	259	781	597
233	111584	100	785	594
234	111784	139	781	581
235	112043	100	773	583
236	112182	100	776	597
237	112701	159	779	616
238	112880	180	779	594
239	113099	120	779	589
240	113518	100	776	554
241	113857	100	777	570
242	114375	140	789	588
243	114635	139	784	566
244	114794	120	787	598
245	115332	239	785	571
246	115611	219	786	576
247	115851	299	783	577
248	116588	219	787	586
249	116868	100	769	590
250	117007	120	790	586
251	117326	120	791	592
252	117545	120	780	586
253	118004	120	784	563
254	118183	179	790	569
255	118782	319	777	581
256	119340	199	782	580
257	119719	120	777	584
258	120197	120	795	580
259	120357	100	784	584
260	121034	139	792	581
261	121254	100	794	575
262	121433	120	785	574
263	122370	100	786	594
264	123008	499	782	580
265	123527	100	782	577
266	123646	100	778	577
267	123766	179	790	584
268	124085	100	782	587
269	124284	379	788	584
270	124703	100	799	577
271	125062	100	774	588
272	125281	140	785	587
273	125540	179	789	582
274	125740	140	791	594
275	126118	179	790	576
276	126577	159	791	577
277	126876	100	782	581
278	127315	259	792	578
279	127594	140	791	577
280	128172	100	775	577
281	128391	100	772	575
282	128511	120	788	581
283	128830	100	805	588
284	129009	100	790	588
285	129229	279	798	589
286	129528	100	799	585
287	129707	139	801	583
288	129887	199	801	580
289	130106	100	792	573
290	130225	120	791	598
291	130445	259	792	577
292	130903	100	798	579
293	131402	160	792	591
294	131761	379	790	594
295	132299	100	781	571
296	132817	678	789	574
297	133635	199	785	577
298	133954	259	779	562
299	134233	139	785	570
300	134392	160	791	559
301	134771	139	786	561
302	135050	160	785	580
303	135389	199	788	582
304	135668	359	792	579
305	136207	180	792	591
306	136884	100	795	594
307	137064	199	793	598
308	137383	319	797	595
309	137782	160	804	585
310	138041	120	814	590
311	138280	140	813	590
312	138699	199	809	600
313	139117	239	813	595
314	139855	100	780	560
315	140194	100	788	583
316	140413	140	796	581
317	140912	538	799	576
318	141570	120	793	574
319	141809	199	806	582
320	142487	160	807	580
321	142666	379	805	595
322	143304	140	803	619
323	143504	140	814	610
324	143683	179	801	590
325	143982	219	808	573
326	144261	200	808	596
327	144480	199	806	590
328	144740	100	798	595
329	144919	120	798	589
330	145118	140	791	583
331	145697	100	792	579
332	146095	179	795	579
333	146315	120	784	576
334	146733	140	797	595
335	147032	159	792	586
336	147551	100	808	600
337	147670	179	802	602
338	148229	279	791	595
339	148687	100	798	585
340	148907	199	790	598
341	149126	199	798	581
342	149505	180	787	595
343	149943	100	794	581
344	150362	140	793	573
345	150601	120	801	580
346	151239	100	795	589
347	151438	100	796	580
348	151738	180	795	575
349	151937	159	786	568
350	152814	100	793	567
351	153333	100	795	590
352	153532	139	772	574
353	154230	100	782	573
354	154648	139	788	573
355	155326	120	783	573
356	155486	119	792	589
357	155785	199	792	581
358	156841	100	791	581
359	158018	100	792	591
360	158197	120	782	577
361	158496	140	785	585
362	158775	100	775	587
363	159473	160	776	598
364	160011	100	784	576
365	160151	140	767	589
366	160331	120	760	576
367	160649	179	775	589
368	160849	180	782	603
369	161048	160	782	593
370	161646	100	792	592
371	162085	100	750	573
372	162264	100	764	581
373	162504	179	768	580
374	162942	140	780	596
375	163720	160	780	587
376	164477	100	771	602
377	164757	160	785	572
378	165175	120	778	578
379	165315	100	776	584
380	165833	120	772	579
381	166292	199	771	572
382	167169	120	787	589
383	167328	159	773	590
384	167588	120	758	597
385	167927	160	770	608
386	168266	179	772	598
387	168465	120	765	608
388	169123	120	784	588
389	169442	199	783	592
390	169721	120	787	593
391	170000	100	785	578
392	170877	139	786	590
393	172093	180	785	587
394	172353	160	789	593
395	172592	279	784	592
396	172891	120	788	584
397	173090	100	777	589
398	173509	199	783	582
399	174446	100	774	581
400	175104	120	780	591
401	175323	159	789	581
402	175523	100	779	576
403	176121	100	793	580
404	176938	100	781	586
405	177078	160	779	577
406	177277	100	778	563
407	177955	140	779	583
408	178653	379	783	580
409	179051	100	789	569
410	179849	239	789	571
411	180268	199	791	579
412	181105	120	790	601
413	181464	120	787	607
414	181603	219	795	588
415	181843	140	780	583
416	182341	199	781	583
417	182680	159	779	576
418	182899	100	777	565
419	183039	219	787	588
420	183457	299	773	586
421	184175	120	771	602
422	184315	139	772	605
423	185232	179	767	576
424	185471	100	759	579
425	185970	219	764	585
426	186209	120	769	577
427	186667	100	770	567
428	187405	100	764	591
429	187824	259	773	602
430	188262	100	775	612
431	188462	199	772	603
432	188781	160	769	603
433	189000	359	775	599
434	189538	139	768	603
435	189977	259	778	609
436	190396	100	780	590
437	190774	199	786	589
438	191034	100	771	575
439	191592	120	787	571
440	192070	139	771	615
441	192569	139	772	623
442	192728	139	769	619
443	192908	120	771	619
444	193067	120	762	613
445	193366	319	767	616
446	193805	140	765	623
447	194602	139	772	608
448	194822	100	784	594
449	195200	120	770	603
450	195360	199	775	609
451	196058	120	760	607
452	196636	100	775	608
453	196855	199	774	599
454	197414	120	782	605
455	197752	159	787	600
456	198131	199	778	586
457	198351	239	792	604
458	199009	179	785	594
459	199826	179	785	600
460	200025	100	793	588
461	200165	219	781	595
462	200404	120	783	595
463	200544	199	779	581
464	200903	219	782	580
465	201222	239	779	563
466	201700	140	779	578
467	202039	140	777	586
468	202537	159	798	554
469	203455	139	788	584
470	203634	100	802	594
471	203754	160	789	586
472	204232	100	813	542
473	204611	120	779	574
474	204850	100	763	620
475	205049	100	780	601
476	205668	100	771	566
477	206126	100	767	590
478	206305	199	775	592
479	206585	100	782	577
480	206884	199	773	594
481	207243	120	771	587
482	207741	120	790	582
483	207940	140	777	588
484	209515	139	793	587
485	210014	100	788	598
486	210153	160	795	573
487	210552	159	805	586
488	210811	100	794	587
489	211290	160	781	583
490	211569	100	790	596
491	283901	100	767	581
492	284858	100	780	582
493	285336	239	785	580
494	286014	100	785	572
495	286253	100	777	564
496	286373	199	774	572
497	286632	100	768	587
498	288486	399	787	586
499	289244	120	789	594
500	289404	219	785	580
501	290101	100	774	598
502	290958	120	783	576
503	291277	120	775	597
504	291796	140	782	586
505	292334	100	791	586
506	292514	179	797	592
507	293690	100	778	599
508	294328	160	775	589
509	294527	140	778	579
510	294687	100	767	594
511	295225	179	784	597
512	296421	119	768	585
513	296601	120	775	573
514	297598	160	779	584
515	297956	140	774	583
516	298515	100	780	589
517	299173	279	776	577
518	299472	199	779	571
519	299970	159	779	569
520	300229	120	788	564
521	300429	120	781	581
522	300807	120	792	587
523	302044	100	787	578
524	302163	100	775	590
525	302402	160	780	582
526	303559	299	786	579
527	304117	439	799	576
528	306370	100	779	592
529	306769	140	782	599
530	307606	140	778	598
531	307845	279	789	593
532	308344	299	783	592
533	309580	100	777	594
534	309719	120	780	597
535	309859	120	783	602
536	310018	120	777	590
537	310298	179	779	592
538	310995	419	773	591
539	311434	160	786	595
540	311693	160	779	581
541	312590	140	775	597
542	313468	199	783	581
543	314126	120	783	608
544	314265	439	773	602
545	315720	100	765	584
546	316259	139	793	596
547	316498	100	801	588
548	316857	100	792	593
549	317276	139	786	584
550	317854	100	777	597
551	318232	219	791	589
552	318771	100	801	602
553	318910	120	811	610
554	319090	279	820	603
555	319389	120	809	616
556	319548	140	817	613
557	320406	160	788	604
558	320824	140	780	576
559	321004	140	784	571
560	321303	120	767	573
561	321562	100	789	596
562	321781	160	786	596
563	322080	199	793	599
564	322639	100	776	578
565	323177	239	770	613
566	324393	259	763	593
567	324832	139	754	597
568	325210	160	771	591
569	325629	119	770	584
570	326148	100	767	607
571	326586	199	786	602
572	327045	139	788	582
573	327563	100	782	596
574	327962	199	774	566
575	328720	259	788	586
576	329058	139	766	593
577	329357	120	762	600
578	329537	120	785	598
579	330215	120	767	607
580	330354	100	780	600
581	330474	140	777	584
582	330932	199	784	595
583	331212	120	791	591
584	331670	100	795	598
585	332149	120	789	607
586	332308	179	795	608
587	332667	179	797	587
588	333385	120	774	575
589	333684	100	795	576
590	334122	159	789	591
591	334541	120	784	596
592	334960	140	782	590
593	335358	159	784	606
594	335677	120	775	605
595	336774	100	794	610
596	337053	100	792	613
597	337233	140	792	576
598	337452	120	783	601
599	337671	100	801	601
600	339406	139	777	600
601	339804	120	772	606
602	340004	159	771	589
603	340343	160	779	598
604	340901	100	783	599
605	341479	100	789	588
606	341718	179	790	603
607	342675	100	794	602
608	342835	100	779	598
609	343333	160	777	610
610	344829	120	772	589
611	346344	140	782	587
612	346723	139	790	570
613	347500	179	801	601
614	348178	180	769	593
615	348457	180	769	598
616	348816	159	790	587
617	349075	140	782	589
618	349653	179	798	584
619	349873	120	781	595
620	350810	120	779	602
621	351448	100	780	596
622	351866	359	776	589
623	352325	120	775	591
624	352644	100	769	594
625	353182	120	785	602
626	353382	259	780	589
627	353820	100	763	603
628	354000	180	786	596
629	354239	100	768	622
630	354438	100	772	590
631	354777	139	788	608
632	354937	160	791	597
633	355196	100	787	593
634	355336	159	794	590
635	355754	140	794	585
636	356392	100	792	576
637	357289	120	775	583
638	357429	180	774	588
639	358027	100	763	614
640	359024	100	782	586
641	359762	100	767	604
642	360240	160	784	606
643	360420	100	777	610
644	360539	100	777	607
645	361217	160	767	603
646	361676	160	778	596
647	362254	140	776	585
648	362433	320	779	586
649	362772	319	774	585
650	363151	100	778	574
651	363410	120	763	588
652	363988	139	776	590
653	364367	180	776	584
654	364566	160	783	593
655	364806	120	774	596
656	365045	120	782	597
657	365543	100	785	571
658	365683	120	769	605
659	366101	120	797	590
660	366321	120	777	600
661	366999	159	795	568
662	367916	139	780	603
663	369770	120	781	599
664	370069	219	770	594
665	370926	239	779	581
666	371185	319	785	588
667	371644	219	791	584
668	371883	259	786	583
669	372162	140	783	591
670	372402	160	781	597
671	372721	199	783	584
672	373060	140	785	597
673	373478	140	787	583
674	374276	140	767	580
675	374595	100	777	594
676	374734	120	778	585
677	375432	160	775	606
678	375751	120	770	607
679	375911	120	784	595
680	376269	120	775	602
681	376409	120	799	594
682	376868	100	786	589
683	377147	159	780	595
684	377366	180	778	599
685	377645	100	781	600
686	378004	279	784	593
687	378383	120	787	592
688	379081	219	777	602
689	379360	179	786	588
690	379559	179	782	580
691	379958	159	775	596
692	380556	120	771	595
693	380735	100	774	587
694	380955	100	777	588
695	381194	160	786	580
696	381493	100	787	570
697	383985	100	767	594
698	384324	100	764	597
699	384563	100	770	600
700	384703	100	781	603
701	384882	139	779	607
702	385560	139	777	590
703	385879	100	787	613
704	386138	100	796	580
705	386696	120	779	612
706	386836	120	765	603
707	387095	199	768	602
708	387355	140	776	594
709	387594	100	772	580
710	388032	100	786	568
711	388331	120	771	580
712	388531	120	774	573
713	388690	100	767	593
714	388810	100	773	576
715	389149	120	771	580
716	389288	339	775	585
717	389986	159	792	607
718	390345	100	775	592
719	391242	120	774	588
720	391541	100	765	581
721	391820	100	768	593
722	392159	259	770	576
723	392438	100	765	566
724	392797	100	782	590
725	393814	120	778	614
726	394372	140	774	609
727	394970	159	789	596
728	395668	159	777	576
729	396266	259	782	586
730	396725	120	780	606
731	396864	259	788	612
732	397283	100	771	607
733	397622	219	778	597
734	398180	299	781	596
735	398599	299	774	596
736	399157	100	755	600
737	399935	219	772	594
738	400254	239	782	602
739	400772	159	805	594
740	401271	100	806	590
741	401410	100	811	589
742	401729	100	806	571
743	401889	100	789	581
744	402108	120	795	603
745	402567	120	809	583
746	403105	179	800	601
747	403484	199	812	601
748	404062	120	807	594
749	404321	239	803	606
750	404819	139	812	606
751	405318	140	824	609
752	407611	100	808	613
753	408209	219	796	609
754	408448	100	794	601
755	408687	199	812	600
756	409066	140	801	603
757	409485	199	791	598
758	410003	120	782	613
759	410322	159	784	595
760	411558	140	802	608
761	412096	120	807	643
762	412316	160	796	607
763	412655	180	790	616
764	413392	140	792	610
765	413971	100	781	604
766	414429	120	789	606
767	414589	160	794	600
768	415705	120	809	590
769	415865	100	813	586
770	416642	100	814	572
771	416921	100	805	594
772	417180	100	786	600
773	417360	179	789	592
774	417679	159	781	594
775	417918	139	783	595
776	418476	100	764	609
777	418736	100	785	599
778	418975	100	778	582
779	419374	100	791	605
780	419493	179	783	599
781	419693	120	792	602
782	419832	100	790	595
783	420231	100	790	588
784	420809	279	785	586
785	421965	120	776	589
786	422464	199	783	595
787	422743	100	794	606
788	423162	100	793	589
789	423461	120	791	583
790	423740	140	785	595
791	423899	439	791	599
792	424557	160	792	597
793	425135	140	790	600
794	425434	120	791	599
795	425574	100	795	608
796	425793	199	799	606
797	426352	120	796	616
798	426491	199	790	616
799	426730	180	794	624
800	427129	100	787	620
801	427907	159	791	596
802	428884	120	793	598
803	429202	100	798	606
804	429741	119	803	596
805	429880	120	806	598
806	430419	140	781	579
807	430957	199	781	597
808	431535	140	797	589
809	432552	100	786	594
810	433090	319	768	586
811	433688	339	782	581
812	434147	100	790	591
813	434326	159	783	618
814	434964	179	783	591
815	435403	100	780	604
816	435523	120	787	599
817	436021	100	783	586
818	436280	100	761	578
819	437257	120	765	611
820	437676	140	755	601
821	437835	179	758	589
822	438433	100	747	584
823	438772	140	763	577
824	439071	160	781	572
825	439630	120	765	600
826	440088	120	764	604
827	440307	120	765	603
828	440467	100	758	601
829	440587	120	761	607
830	440886	200	769	579
831	441105	259	767	612
832	441464	120	773	599
833	441623	120	769	620
834	441863	120	775	585
835	442481	259	769	600
836	442959	219	764	592
837	443398	100	760	587
838	443517	120	749	598
839	444036	239	762	597
840	444315	100	755	591
841	444753	120	743	597
842	445112	140	765	599
843	445292	160	777	606
844	445690	140	793	574
845	446009	159	785	587
846	446568	100	789	582
847	446687	160	788	573
848	447126	159	765	587
849	447545	239	763	594
850	447864	100	759	591
851	448143	139	766	597
852	448541	120	783	582
853	448681	120	780	592
854	449140	140	776	603
855	449299	100	770	612
856	449518	120	771	607
857	450595	100	772	584
858	451712	279	771	598
859	452330	219	766	594
860	452669	100	759	586
861	452828	120	773	608
862	453067	100	760	602
863	454503	160	767	598
864	454722	140	758	586
865	455061	100	762	599
866	455481	318	755	590
867	456855	100	753	578
868	457453	120	760	611
869	459088	140	764	609
870	459427	140	750	616
871	459906	140	755	592
872	460883	100	770	598
873	461202	219	771	583
874	461939	140	765	596
875	462278	140	762	596
876	462518	239	772	596
877	463315	160	766	585
878	464850	199	773	601
879	465149	199	777	608
880	466186	120	757	604
881	466585	140	755	603
882	468020	120	755	630
883	468200	199	750	622
884	471050	100	753	622
885	471529	179	756	608
886	472167	120	756	597
887	472905	140	761	611
888	473084	120	758	621
889	473523	160	758	615
890	473981	180	760	622
891	474300	159	763	603
892	477690	160	750	625
893	477869	179	752	605
894	478866	100	739	632
895	479245	100	741	614
896	480321	219	749	606
897	480720	140	752	609
898	481139	100	764	596
899	481677	100	760	620
900	482116	120	768	609
901	482375	120	755	621
902	483392	180	755	620
903	485345	199	753	606
904	486661	100	753	630
905	489572	299	769	634
906	489931	219	754	628
907	490270	239	743	633
908	492184	139	760	606
909	493520	199	748	628
910	493879	140	755	624
911	494098	119	753	625
912	494516	120	751	632
913	495175	139	759	619
914	495673	160	763	622
915	496012	100	766	627
916	497029	100	752	625
917	497148	139	755	637
918	497607	100	762	620
919	498324	120	775	613
920	498624	120	768	614
921	498863	180	778	600
922	499341	180	775	601
923	499900	100	752	587
924	500338	140	761	605
925	501176	120	766	600
926	501834	140	752	590
927	502770	180	751	621
928	504545	120	760	639
929	504764	179	766	636
930	505123	179	772	619
931	505821	100	752	610
932	507017	139	761	628
933	507974	100	767	633
934	508472	180	765	623
935	508931	120	765	630
936	509170	120	776	629
937	509330	199	769	638
938	509569	100	775	624
939	509848	140	773	633
940	510048	120	762	635
941	510386	140	746	625
942	510666	120	778	619
943	511224	159	779	644
944	511862	159	747	628
945	512061	140	757	636
946	512899	120	748	645
947	513118	120	757	621
948	514135	219	764	644
949	514773	140	756	640
950	514992	100	766	638
951	515989	100	770	630
952	516926	160	766	618
