Data properties:
 
Recording date: 9/17/2008
Recording time : 15:06:04:889 (corresponds to time 0)
Study: SD Experiment
Subject: LM
Recording: LM2
Screen resolution: 1600 x 1200
Coordinate unit: Pixels
 
 
Filter settings:
 
Eye: Average
Validity level: Normal
Fixation radius: 30
Min duration: 100
 
Fix number	Timestamp	Duration	GazepointX	GazepointY
 
1	138	100	972	815
2	616	160	799	585
3	796	219	805	590
4	2132	159	880	1204
5	2630	319	139	1333
6	3288	100	807	694
7	3468	198	802	623
8	3966	140	808	582
9	4384	140	806	601
10	4544	159	805	591
11	4803	120	809	582
12	5202	120	806	571
13	5461	498	809	571
14	5999	259	807	578
15	6438	219	814	559
16	6677	279	824	553
17	6976	139	820	566
18	7455	199	825	537
19	7814	239	820	568
20	8093	120	832	560
21	8332	100	820	568
22	8571	120	812	565
23	8711	339	817	561
24	9070	219	816	564
25	9389	100	806	581
26	9668	100	808	593
27	9907	100	816	602
28	10067	239	815	583
29	10405	120	817	581
30	10545	140	815	600
31	10724	239	818	591
32	11303	100	810	596
33	11462	459	813	596
34	11941	159	825	584
35	12559	279	822	609
36	12858	120	821	605
37	12997	160	826	572
38	13237	140	814	585
39	13954	160	822	556
40	14154	120	817	564
41	14532	439	825	565
42	15051	160	823	553
43	15350	100	818	553
44	15469	259	817	564
45	15968	120	810	560
46	16107	100	800	578
47	16227	179	813	565
48	16785	478	808	580
49	17304	259	809	575
50	18101	239	801	590
51	18520	140	726	1219
52	18739	180	1314	1291
53	19038	379	1306	1273
54	20394	199	760	606
55	21151	199	822	558
56	21610	139	793	551
57	21829	140	793	551
58	22049	199	806	553
59	22308	160	805	564
60	22507	120	790	551
61	22647	120	783	557
62	22986	160	792	585
63	23504	140	770	579
64	24082	139	800	565
65	24242	140	798	575
66	24421	179	795	557
67	24800	140	775	542
68	25677	100	822	559
69	26096	120	830	562
70	27113	120	817	576
71	27910	100	797	563
72	31878	100	822	507
73	32575	140	849	522
74	33772	100	861	588
75	35147	219	834	629
76	35406	160	817	631
77	43321	120	1428	1694
78	43800	199	854	2591
79	44677	140	817	652
80	44857	120	813	620
81	45993	199	809	588
82	46711	379	791	569
83	47209	199	809	575
84	47428	100	808	582
85	47588	160	815	574
86	47807	139	810	568
87	48126	120	802	571
88	48605	159	807	579
89	49103	100	815	558
90	49283	219	810	563
91	49761	199	818	547
92	50339	140	829	543
93	50499	179	828	538
94	50917	219	821	580
95	51157	120	818	566
96	51316	159	818	565
97	51755	239	825	560
98	52413	100	830	529
99	52592	219	822	570
100	53130	219	821	558
101	53390	219	824	543
102	53788	239	824	526
103	54486	120	819	554
104	54626	139	815	551
105	54865	100	816	545
106	55004	100	824	534
107	55124	140	824	546
108	55842	140	813	566
109	56161	219	814	588
110	56400	239	819	566
111	56679	459	821	551
112	57178	159	815	543
113	57616	199	811	577
114	57836	120	804	589
115	58155	179	819	564
116	59092	160	812	606
117	59291	279	793	600
118	59829	179	799	592
119	60029	179	798	599
120	60387	199	777	606
121	60726	100	774	610
122	60986	140	812	568
123	61165	140	813	552
124	61444	139	800	557
125	61683	100	816	558
126	61823	379	823	561
127	62401	199	820	568
128	62620	379	815	571
129	63458	159	824	562
130	63657	419	821	547
131	64116	179	819	529
132	64614	179	822	551
133	64813	279	821	554
134	65113	239	824	535
135	65431	100	814	534
136	65551	140	821	531
137	65830	199	832	542
138	66109	140	832	558
139	66389	279	827	564
140	66688	179	828	568
141	66907	239	820	565
142	67684	179	822	550
143	68083	120	803	563
144	68362	199	810	542
145	68582	339	815	552
146	69040	120	807	565
147	69200	100	811	534
148	69897	120	825	556
149	70037	120	815	560
150	70177	100	821	545
151	70655	120	826	550
152	70874	239	824	556
153	71253	100	826	534
154	71393	100	818	537
155	71512	120	812	536
156	71732	100	812	546
157	71891	279	815	552
158	72649	299	804	586
159	72968	179	813	596
160	73486	100	827	581
161	73646	239	805	558
162	73925	140	819	587
163	74244	140	814	577
164	74563	159	785	628
165	74802	279	803	618
166	75380	339	817	614
167	75898	100	822	575
168	76078	199	798	613
169	77234	140	836	552
170	77493	139	829	565
171	77812	120	822	560
172	78191	100	819	556
173	78331	219	818	555
174	78610	120	845	573
175	78789	100	837	585
176	79228	160	825	589
177	79706	120	827	552
178	79886	199	818	564
179	80165	180	829	556
180	80364	100	819	581
181	80703	379	825	565
182	81242	160	831	565
183	81441	100	815	554
184	81740	120	831	567
185	81879	160	832	557
186	82079	140	826	565
187	82298	140	848	544
188	82996	140	816	549
189	83315	100	822	551
190	83435	139	825	555
191	83594	199	821	575
192	84073	359	820	566
193	84451	339	813	575
194	85149	100	806	583
195	85289	140	802	572
196	85508	139	811	604
197	85987	120	839	583
198	86465	259	826	575
199	86744	259	820	559
200	87223	159	821	578
201	87402	120	822	569
202	87581	120	810	572
203	87721	199	821	589
204	88100	219	812	574
205	88479	100	798	575
206	88658	100	809	559
207	88778	199	813	569
208	89575	120	816	598
209	89775	100	1855	635
210	90213	100	820	583
211	96613	139	114	1318
212	96792	120	1126	1260
213	98088	120	798	636
214	98347	259	811	611
215	98646	239	826	607
216	98985	100	828	596
217	99165	159	817	624
218	99344	100	815	605
219	99584	100	798	597
220	99803	239	815	606
221	100122	279	815	574
222	100421	219	804	596
223	100660	199	811	607
224	100939	140	800	599
225	101179	259	816	592
226	101557	100	795	590
227	101677	100	794	591
228	102215	319	820	596
229	102674	100	803	594
230	103112	498	816	603
231	103631	100	804	579
232	103750	279	816	586
233	104069	120	814	581
234	104229	100	807	581
235	104687	259	823	580
236	105445	259	812	591
237	105963	100	816	575
238	106083	319	818	582
239	106621	140	818	575
240	106960	159	826	582
241	107538	279	818	580
242	108117	239	817	573
243	108416	319	819	585
244	108854	179	822	569
245	109133	120	815	567
246	109293	279	824	560
247	109592	100	825	556
248	109712	140	828	550
249	110070	219	785	564
250	110589	180	822	589
251	110788	100	843	586
252	111167	279	831	566
253	111665	259	838	580
254	112084	100	814	580
255	112263	140	816	587
256	112463	140	817	604
257	112642	100	869	599
258	112861	100	816	584
259	113161	139	798	605
260	113679	100	1916	709
261	113799	100	1920	749
262	118245	139	1930	737
263	122850	139	1073	2807
264	123448	100	222	2589
265	124285	159	781	616
266	124604	100	802	641
267	124724	100	802	652
268	124864	219	799	629
269	125422	140	808	589
270	125601	159	806	564
271	126000	100	797	594
272	126120	219	800	575
273	126578	120	816	585
274	126817	120	821	584
275	127077	100	807	596
276	127196	239	806	575
277	127735	120	801	567
278	128034	219	807	571
279	128353	199	807	580
280	128572	239	807	590
281	129090	239	809	585
282	129987	140	813	542
283	130546	179	814	562
284	130825	179	816	561
285	131064	219	822	547
286	131303	159	828	545
287	131483	100	831	583
288	131702	199	830	561
289	131981	120	824	560
290	132141	100	808	563
291	132440	359	822	543
292	132818	100	813	541
293	134074	159	806	582
294	134393	219	822	573
295	135051	339	807	601
296	135430	139	826	574
297	136606	100	825	597
298	136846	100	828	587
299	137105	160	823	573
300	137284	120	828	575
301	137563	120	825	581
302	138620	558	824	578
303	139398	179	816	583
304	162245	140	779	2411
305	162405	160	774	2414
306	162664	100	915	513
307	166053	120	1233	2727
308	166213	179	612	1890
309	166691	139	139	1318
310	167250	120	745	629
311	167728	120	746	617
312	168087	179	742	626
313	168386	100	736	620
314	168506	100	742	621
315	168725	100	744	622
316	169004	199	748	626
317	169443	120	753	585
318	170380	179	805	590
319	170699	259	797	568
320	170978	159	798	555
321	171177	159	807	571
322	171656	100	800	596
323	171775	139	792	579
324	172712	199	809	576
325	173011	100	815	590
326	173171	219	807	582
327	173729	199	814	585
328	173948	120	808	584
329	174168	179	820	574
330	174367	179	823	587
331	174566	120	812	586
332	174786	159	810	594
333	175025	140	810	580
334	175185	100	813	576
335	175344	120	817	556
336	175583	100	806	557
337	176002	120	814	545
338	176141	160	819	557
339	176540	578	823	569
340	177238	180	825	560
341	178055	100	806	588
342	178434	100	824	586
343	178733	319	822	559
344	179292	239	826	538
345	179571	100	820	549
346	180607	120	829	563
347	180847	140	841	568
348	181086	199	826	573
349	181305	140	810	558
350	181485	120	830	546
351	181744	120	817	556
352	182003	419	813	574
353	182442	139	816	584
354	182621	279	806	591
355	183239	179	812	576
356	183478	100	805	588
357	183618	100	809	568
358	183837	140	804	564
359	184156	139	807	558
360	184475	140	826	549
361	184635	120	792	540
362	185293	259	821	548
363	185711	219	814	531
364	185950	180	816	545
365	186369	159	845	540
366	186608	160	833	547
367	186808	139	823	550
368	187087	140	824	546
369	187266	159	820	544
370	187446	239	824	537
371	187725	279	830	546
372	188203	199	827	564
373	188542	100	830	585
374	188881	120	827	564
375	189100	120	836	554
376	189280	419	826	578
377	189738	180	827	576
378	190157	279	839	594
379	190516	279	842	603
380	191473	139	836	581
381	191772	140	835	582
382	192510	139	825	559
383	193188	100	837	554
384	193347	179	823	567
385	193686	219	826	566
386	193965	618	823	572
387	194663	120	821	572
388	194802	179	822	577
389	195460	120	825	556
390	195660	100	820	553
391	196138	100	776	752
392	196377	120	1708	1353
393	197115	100	802	553
394	197374	139	799	604
395	197713	120	791	602
396	198052	259	800	573
397	198909	100	829	540
398	199209	100	819	505
399	199388	179	800	517
400	199866	100	893	614
401	200006	199	817	493
402	200724	140	822	501
403	201202	100	818	501
404	201342	120	825	497
405	201501	159	825	520
406	201760	159	828	528
407	201980	179	822	493
408	202279	100	825	493
409	202478	219	831	522
410	202817	120	827	537
411	203036	219	830	543
412	203316	199	834	533
413	203914	100	828	562
414	204253	199	818	545
415	204611	100	819	540
416	204751	120	816	568
417	205190	100	832	556
418	205429	100	815	543
419	205608	140	814	563
420	205828	159	801	553
421	206326	140	811	555
422	206605	120	816	535
423	206824	339	805	606
424	207363	100	823	525
425	208380	239	820	563
426	208758	120	817	577
427	208918	120	817	527
428	209636	419	816	539
429	210832	100	803	555
430	211011	120	809	557
431	213045	160	813	588
432	213244	140	799	604
433	213424	219	784	604
434	213663	159	791	611
435	213842	199	784	602
436	214181	259	823	574
437	214979	199	826	559
438	215298	140	825	552
439	215637	199	831	577
440	215876	139	833	580
441	216075	120	817	577
442	216314	120	819	579
443	216454	339	829	572
444	216873	239	834	557
445	217411	239	841	561
446	217989	200	828	560
447	218268	199	822	561
448	218866	179	841	553
449	219066	279	835	551
450	219624	100	834	566
451	220202	140	826	570
452	220601	160	831	581
453	220780	259	826	603
454	221119	160	832	578
455	221299	100	809	590
456	221418	120	819	577
457	221857	199	818	580
458	222076	120	818	582
459	222315	140	826	581
460	222475	119	819	574
461	222615	120	820	579
462	222754	100	831	574
463	223033	139	825	581
464	223193	120	828	581
465	223332	299	826	567
466	223711	140	837	569
467	223891	120	828	550
468	224030	120	830	564
469	224369	179	836	569
470	224588	100	813	575
471	224708	100	808	575
472	224927	119	819	568
473	225087	100	823	572
474	225206	219	818	555
475	225446	339	818	585
476	225804	120	803	571
477	226004	299	808	575
478	226402	120	813	588
479	226582	319	821	558
480	227120	299	821	575
481	232364	100	808	749
482	232483	120	810	627
483	232643	100	795	655
484	232882	140	815	658
485	234477	299	824	590
486	234816	100	821	603
487	234936	100	824	591
488	235135	399	812	552
489	235613	239	813	541
490	235972	179	829	544
491	236231	100	809	561
492	236391	100	814	557
493	236530	160	828	559
494	237428	160	833	578
495	237986	100	849	570
496	238165	120	824	565
497	238365	199	832	568
498	238664	319	826	548
499	239043	239	823	554
500	239322	379	822	571
501	239760	140	828	554
502	240099	279	822	537
503	240598	100	807	542
504	240717	219	822	545
505	241016	159	811	555
506	241196	160	814	573
507	241455	439	811	555
508	241973	140	809	541
509	242153	1037	811	541
510	243209	100	815	526
511	243329	179	818	543
512	243907	100	821	533
513	244386	478	827	566
514	244924	179	828	584
515	245163	180	839	574
516	245363	159	844	548
517	245542	159	844	552
518	245721	439	845	576
519	246240	159	815	590
520	246878	179	811	572
521	247476	179	842	649
522	247755	100	956	1733
523	247934	179	682	2365
524	248174	139	1045	2314
525	249151	140	765	614
526	249310	279	775	633
527	249988	100	769	622
528	250247	219	778	645
529	250546	120	781	641
530	250706	120	781	639
531	250885	120	769	598
532	251124	219	792	581
533	251443	140	809	580
534	251603	239	816	579
535	252002	259	817	564
536	252679	219	815	572
537	253577	120	799	566
538	253856	179	817	564
539	254115	159	828	558
540	254394	160	821	537
541	254573	100	823	529
542	254693	120	818	563
543	254893	100	815	556
544	255092	120	814	570
545	255291	200	814	572
546	255511	100	816	565
547	255690	239	823	562
548	256049	199	818	550
549	256428	120	818	570
550	256587	179	820	575
551	256846	140	808	548
552	257006	120	820	544
553	257165	140	819	534
554	257325	159	811	529
555	257524	140	818	529
556	257743	179	812	541
557	258082	140	793	534
558	258342	100	803	548
559	258461	120	801	543
560	259079	120	801	547
561	259518	139	809	542
562	259757	239	812	558
563	260156	179	810	545
564	260594	100	816	556
565	260714	379	813	557
566	261173	140	848	528
567	261332	140	821	546
568	261591	140	827	551
569	262389	120	830	548
570	262728	179	827	564
571	262927	199	829	572
572	263186	120	826	570
573	263545	100	797	555
574	263665	339	804	572
575	264063	239	809	556
576	264462	239	810	566
577	265100	100	452	1172
578	265399	139	823	691
579	266077	100	1426	1316
580	271141	159	877	1899
581	271620	199	188	1287
582	271859	140	158	1266
583	273055	120	783	659
584	273195	120	794	662
585	273673	100	801	668
586	274550	100	770	605
587	275009	120	788	633
588	275168	159	785	645
589	275527	179	782	650
590	276026	139	811	594
591	276185	319	805	590
592	276743	339	812	570
593	277102	558	819	569
594	277680	179	818	560
595	278278	159	814	568
596	278538	179	804	547
597	278877	100	808	547
598	278996	199	813	519
599	279216	498	819	537
600	279754	100	814	542
601	279893	518	821	538
602	280691	179	824	559
603	280890	140	833	550
604	281050	259	835	553
605	281329	120	829	549
606	281807	199	832	545
607	282027	199	826	544
608	282585	120	823	507
609	282744	100	831	558
610	282864	120	818	568
611	283462	399	808	556
612	283881	120	823	573
613	284020	239	821	567
614	284300	100	818	553
615	284559	299	812	566
616	285057	120	821	557
617	285197	100	809	533
618	285954	120	815	577
619	286134	199	813	586
620	286353	199	825	563
621	286911	159	810	571
622	287091	419	809	558
623	287529	219	813	560
624	287768	279	807	568
625	288446	120	826	564
626	288706	399	812	603
627	289124	100	817	605
628	289264	438	818	599
629	290958	100	813	624
630	291078	319	801	621
631	292613	199	814	588
632	292932	120	807	564
633	293251	120	815	566
634	293391	498	809	574
635	294009	140	816	570
636	294168	319	817	556
637	294567	120	813	551
638	294707	279	818	567
639	295604	100	820	582
640	295723	140	826	551
641	295883	299	837	567
642	296341	578	831	583
643	296999	179	835	601
644	297239	458	839	572
645	298016	139	830	552
646	298236	100	821	550
647	298355	100	829	555
648	298475	159	825	546
649	298774	179	830	555
650	298973	279	829	535
651	299452	160	837	519
652	299631	239	841	532
653	299890	199	840	534
654	300109	140	849	528
655	300329	120	834	546
656	300508	239	829	538
657	300807	100	829	528
658	301206	140	836	534
659	301525	140	833	565
660	301824	159	839	583
661	302083	120	846	548
662	302362	419	853	549
663	302921	119	855	538
664	303060	219	860	540
665	303658	100	861	546
666	304197	179	830	547
667	304436	100	820	564
668	320345	120	1124	2516
669	349473	140	850	1777
670	350072	100	752	687
671	350311	259	783	614
672	350989	159	393	1086
673	351188	100	261	1194
674	351666	120	1156	2130
675	351946	100	776	702
676	352384	139	783	649
677	352623	100	754	662
678	353600	140	779	652
679	353939	139	779	609
680	354418	518	806	574
681	355036	279	814	568
682	355714	239	823	603
683	356073	179	826	603
684	356292	140	838	617
685	356671	100	836	594
686	356790	120	832	610
687	357309	100	804	564
688	357488	100	799	577
689	357807	100	812	554
690	358325	140	804	550
691	358824	120	816	577
692	359083	160	813	597
693	359282	199	811	588
694	359721	100	818	576
695	360439	120	828	552
696	360578	100	833	536
697	360698	120	833	557
698	361595	140	828	559
699	361755	100	832	553
700	362014	140	831	547
701	362193	259	835	564
702	362572	239	838	577
703	362831	100	838	586
704	363090	140	818	557
705	363369	120	831	548
706	363728	239	821	534
707	364506	219	808	559
708	364825	279	810	575
709	365124	120	809	571
710	365303	100	808	575
711	365503	100	819	582
712	365662	140	813	582
713	366021	120	812	589
714	366420	120	820	591
715	366559	139	819	572
716	366719	179	823	565
717	366938	100	826	578
718	367058	279	814	562
719	369151	100	845	721
720	371125	100	785	559
721	375431	140	779	602
722	471508	160	791	594
723	471846	159	1080	954
724	472086	100	1581	1174
725	472524	140	793	652
726	480459	120	686	2179
727	480659	100	723	2226
728	481536	159	1476	1479
729	482333	179	757	614
730	482533	100	761	592
731	483151	120	781	579
732	483848	100	790	542
733	483968	319	781	588
734	484447	100	785	605
735	484566	100	790	587
736	484746	100	787	603
737	485065	120	782	601
738	485204	219	785	589
739	485503	199	784	607
740	485723	100	784	607
741	486281	140	807	596
742	486440	199	787	598
743	487078	140	818	574
744	487537	199	805	545
745	487756	219	810	559
746	488075	120	809	554
747	488534	120	809	570
748	488753	160	819	554
749	488952	120	816	567
750	489092	199	811	583
751	489411	219	806	601
752	489770	100	828	574
753	490069	139	807	556
754	490926	159	804	564
755	491106	120	804	566
756	492641	199	797	578
757	493079	159	813	526
758	493259	120	791	572
759	493418	180	798	569
760	494056	159	816	545
761	494395	140	805	578
762	494894	139	817	570
763	495651	578	818	548
764	496568	140	811	554
765	496788	139	801	565
766	497765	120	808	549
767	498044	100	806	572
768	498183	100	812	560
769	498303	199	811	588
770	498602	658	804	552
771	499360	199	805	551
772	499659	578	802	565
773	500277	100	804	561
774	500396	100	810	558
775	500596	120	798	542
776	500915	120	802	557
777	501254	179	806	544
778	501453	100	808	545
779	501573	139	810	551
780	502091	259	806	536
781	502769	100	810	547
782	502928	100	824	564
783	503207	100	813	558
784	503646	139	815	540
785	503945	160	813	561
786	504164	100	817	564
787	504344	199	812	558
788	504802	119	798	582
789	505061	159	812	579
790	505400	159	829	569
791	507274	239	1314	585
792	507833	160	1628	2378
793	509647	140	233	3033
794	509926	120	114	2679
795	510763	120	724	565
796	511262	339	790	636
797	511621	159	791	651
798	511860	140	786	655
799	512020	100	775	642
800	512618	120	787	517
801	513036	100	790	601
802	513455	219	813	589
803	513694	100	817	580
804	513874	319	810	568
805	514212	140	806	556
806	514611	239	816	565
807	514990	100	815	557
808	515289	219	829	533
809	515628	120	819	558
810	515788	159	818	549
811	516266	140	820	559
812	516525	179	826	542
813	516764	140	835	540
814	517044	339	830	552
815	517462	459	825	561
816	518080	179	825	548
817	518280	558	828	539
818	519097	179	832	547
819	519655	120	832	590
820	519795	279	832	568
821	520253	319	832	550
822	520592	479	828	562
823	521111	160	832	563
824	521350	100	837	567
825	521769	419	826	554
826	522247	419	831	568
827	522686	120	836	565
828	522965	239	835	569
829	523404	239	837	577
830	523663	100	836	579
831	523782	498	830	581
832	524301	159	832	598
833	524540	140	819	600
834	524699	100	825	590
835	524819	160	831	559
836	525318	140	826	589
837	525477	199	824	586
838	527012	120	822	588
839	527172	100	813	590
840	527590	100	814	574
841	528467	100	808	529
842	528587	100	802	573
843	528966	140	817	568
844	529165	199	806	567
845	529644	160	810	585
846	530002	100	802	578
847	530700	259	815	563
848	531159	219	805	563
849	531398	140	815	577
850	531558	199	812	556
851	531777	139	817	557
852	532096	399	820	561
853	532634	120	828	593
854	532834	180	827	583
855	533033	100	827	580
856	533452	140	814	574
857	533691	119	829	565
858	533890	120	835	578
859	534030	120	829	542
860	534269	140	817	558
861	534429	160	814	552
862	534628	100	819	549
863	534827	120	819	562
864	536004	180	820	553
865	536203	160	825	547
866	536422	120	822	538
867	536642	140	831	554
868	536821	100	825	551
869	536941	100	830	567
870	537060	120	829	562
871	537619	179	825	542
872	537838	239	827	544
873	538097	100	831	559
874	538416	100	821	545
875	538954	120	827	552
876	539114	120	823	548
877	539293	438	823	556
878	539851	279	848	555
879	540150	120	855	553
880	540390	100	851	548
881	540509	120	824	561
882	540709	139	825	556
883	540948	120	820	548
884	541526	179	822	607
885	541765	259	804	611
886	542124	139	829	576
887	542344	100	830	558
888	542742	159	826	563
889	543221	319	823	559
890	543620	100	821	570
891	543978	120	833	568
892	544437	100	824	604
893	544716	498	814	581
894	545454	199	808	601
895	545673	140	813	577
896	546052	219	807	583
897	546471	119	817	583
898	546610	159	815	589
899	546789	219	825	599
900	547248	100	806	544
901	547487	180	806	603
902	547786	339	808	608
903	548185	100	806	697
904	548345	339	809	601
905	548704	279	824	593
906	549022	120	835	579
907	549162	339	824	569
908	549641	100	827	584
909	549780	140	830	574
910	549979	279	825	563
911	550398	120	842	519
912	550877	100	823	547
913	551076	339	824	469
914	551435	279	820	560
915	552093	558	827	575
916	552751	219	823	536
917	552990	140	838	536
918	553149	100	829	552
919	553349	319	831	533
920	553847	199	833	543
921	554186	478	832	560
922	554685	279	832	546
923	555004	100	843	546
924	555223	100	830	553
925	555342	399	840	538
926	555761	120	842	539
927	556040	139	836	560
928	556379	259	820	548
929	557037	100	827	573
930	557157	140	839	557
931	557396	239	825	577
932	557675	259	814	589
933	557954	259	821	557
934	558871	179	831	554
935	559071	279	828	531
936	559489	179	824	525
937	559828	120	868	568
938	559988	179	827	565
939	560267	100	827	570
940	560506	100	839	555
941	560626	139	828	546
942	560825	139	829	552
943	561204	180	820	530
944	561403	140	839	541
945	561583	179	839	527
946	561862	498	833	545
947	562380	359	838	559
948	562799	299	841	543
949	563118	259	838	534
950	563477	219	838	543
951	563736	478	834	532
952	564434	100	830	527
953	564573	239	828	543
954	564832	419	831	547
955	565431	179	834	555
956	565710	160	833	539
957	565989	339	829	551
958	566348	160	833	564
959	566527	160	833	567
960	566707	139	833	570
961	567026	199	833	549
962	567245	239	833	524
963	568222	159	828	585
964	568501	239	824	550
965	568780	140	836	551
966	568940	159	835	548
967	569179	319	829	542
968	569558	219	830	543
969	569857	179	822	535
970	570056	239	822	549
971	570395	139	816	560
972	570554	159	823	567
973	570873	100	822	540
974	571073	359	818	572
975	571471	120	822	564
976	571890	199	804	605
977	572369	159	821	586
978	572548	120	807	563
979	572688	239	824	553
980	573346	299	822	558
981	573664	160	828	569
982	573924	120	827	553
983	574063	199	821	547
984	574422	160	829	562
985	574622	120	834	583
986	574980	259	835	528
987	575260	259	831	534
988	575539	259	822	574
989	575937	259	824	540
990	576216	199	828	562
991	576456	359	825	560
992	577054	100	829	552
993	577233	219	829	569
994	577532	299	839	581
995	577851	120	836	569
996	577991	239	831	575
997	578450	199	831	548
998	578689	179	823	545
999	579087	139	839	557
1000	579307	100	831	538
1001	579446	339	819	543
1002	579805	120	832	545
1003	579965	179	832	562
1004	580244	139	839	572
1005	580563	120	821	549
1006	580742	299	823	553
1007	581061	140	815	552
1008	581221	339	819	561
1009	581599	219	827	548
1010	581878	159	826	541
1011	582158	299	823	548
1012	582636	100	819	537
1013	582975	239	829	552
1014	583254	139	835	541
1015	583533	139	833	551
1016	583693	239	835	553
1017	584032	100	831	533
1018	584251	199	827	543
1019	584470	100	831	555
1020	584849	100	823	565
1021	584989	359	835	549
1022	585547	139	820	533
1023	585726	100	825	545
1024	586225	279	825	586
1025	586903	120	837	545
1026	587381	299	827	563
1027	587740	219	827	574
1028	588099	120	824	545
1029	588238	120	826	545
1030	588378	120	828	571
1031	588538	159	828	591
1032	588817	100	822	577
1033	588956	100	822	583
1034	589076	140	824	583
1035	589255	199	825	577
1036	589734	139	818	568
1037	590013	399	832	553
1038	590611	199	828	567
1039	590850	140	835	582
1040	591109	399	838	581
1041	591708	279	850	586
1042	592006	120	847	582
1043	592206	399	816	588
1044	592645	319	835	583
1045	593282	399	835	527
1046	593861	399	843	562
1047	594279	159	835	560
1048	594658	399	824	564
1049	595117	419	829	559
1050	595595	199	829	553
1051	595954	120	821	559
1052	596273	179	827	526
1053	596652	279	830	542
1054	596971	140	838	553
1055	597170	100	832	556
1056	597310	199	835	559
1057	597629	120	844	579
1058	597768	180	848	579
1059	598366	219	838	591
1060	598745	538	830	581
1061	599403	120	846	558
1062	599762	100	831	589
1063	599882	100	824	594
1064	600041	100	827	552
1065	600579	100	837	568
1066	600878	299	830	556
1067	601377	160	834	588
1068	601556	159	838	595
1069	601736	199	838	559
1070	601995	558	839	584
1071	602573	279	845	599
1072	603092	120	848	554
1073	604048	100	845	550
1074	604228	259	832	585
1075	604507	219	842	608
1076	604786	359	840	596
1077	605245	100	847	586
1078	605364	339	851	591
1079	605903	120	847	595
1080	606122	200	833	573
1081	606341	299	839	565
1082	606660	199	841	561
1083	606880	199	838	580
1084	607099	120	845	583
1085	607238	100	837	563
1086	607358	179	835	562
1087	607557	120	840	566
1088	607717	219	841	567
1089	607976	179	850	585
1090	608176	179	840	576
1091	608474	100	842	577
1092	608594	179	840	584
1093	608794	140	828	601
1094	609073	100	834	590
1095	609192	179	836	596
1096	609571	159	824	588
1097	609870	219	836	592
1098	610687	319	807	581
1099	611146	160	821	573
1100	611585	120	830	563
1101	611744	139	827	545
1102	611904	359	833	551
1103	612282	140	830	558
1104	612861	199	818	564
1105	613220	140	825	555
1106	613957	159	1063	916
1107	638161	120	742	631
1108	638300	100	760	634
1109	653412	140	745	624
1110	666830	100	867	2551
1111	667288	120	119	1298
1112	670797	199	755	609
1113	671037	100	767	608
1114	671475	399	763	620
1115	671994	140	756	612
1116	672273	139	768	633
1117	672572	100	755	600
1118	672691	100	764	586
1119	673170	120	777	575
1120	673349	219	770	575
1121	674067	160	737	506
1122	674246	439	775	582
1123	674705	120	776	578
1124	674964	299	777	585
1125	675303	140	785	603
1126	675702	518	784	576
1127	676280	100	754	521
1128	676440	120	784	577
1129	676619	100	789	565
1130	676838	120	791	586
1131	676978	100	792	580
1132	677098	279	795	584
1133	677397	359	796	574
1134	677895	100	791	575
1135	678134	179	789	581
1136	678354	140	794	552
1137	678533	179	793	561
1138	679071	199	802	563
1139	679650	319	785	591
1140	679988	279	791	589
1141	680288	259	789	590
1142	680866	120	793	571
1143	681165	140	803	574
1144	681324	160	790	589
1145	681524	100	805	597
1146	682540	219	817	568
1147	682919	100	801	578
1148	683537	279	809	586
1149	684016	259	744	532
1150	684295	419	770	571
1151	684773	478	809	576
1152	685870	179	781	610
1153	686328	100	769	607
1154	686468	199	774	604
1155	686886	120	781	635
1156	687206	140	781	668
1157	690076	100	912	684
1158	690236	140	768	592
1159	690475	100	779	590
1160	691253	160	795	587
1161	691472	159	787	567
1162	691671	439	792	570
1163	692130	478	794	553
1164	692628	140	801	552
1165	692848	100	813	528
1166	693087	339	816	552
1167	693745	179	806	568
1168	693944	119	792	589
1169	694363	478	805	594
1170	694881	100	809	611
1171	695001	120	797	603
1172	695141	438	795	601
1173	695818	199	807	598
1174	696097	199	806	600
1175	696397	139	807	609
1176	696556	120	814	617
1177	696716	139	823	607
1178	696935	140	818	594
1179	697254	100	825	575
1180	697812	159	808	595
1181	698151	299	803	614
1182	698470	359	807	597
1183	698849	180	804	587
1184	699108	339	807	595
1185	699467	199	807	595
1186	699826	140	811	599
1187	699985	259	812	581
1188	700284	100	820	589
1189	700444	140	830	589
1190	700663	120	816	571
1191	700803	139	822	597
1192	700962	199	811	563
1193	701181	299	809	595
1194	701680	179	822	573
1195	701879	100	817	583
1196	702198	199	830	584
1197	702597	239	828	579
1198	702916	339	829	601
1199	703275	100	837	610
1200	703594	379	833	589
1201	703992	180	836	594
1202	705189	179	985	1814
1203	705428	159	1480	1443
1204	705727	140	1463	1381
1205	706066	120	1863	841
1206	706744	140	850	604
1207	706923	359	803	601
1208	707541	100	205	1089
1209	708000	139	792	600
1210	708219	120	1057	1096
1211	708438	100	1378	1200
1212	710014	100	157	-198
1213	721118	100	2156	702
1214	724807	120	1915	466
1215	725764	120	1883	5
1216	730469	279	796	600
1217	730888	120	781	600
1218	731366	279	791	590
1219	731824	120	789	589
1220	731984	219	788	587
1221	732403	100	791	582
1222	732522	100	790	571
1223	732841	179	800	569
1224	733360	259	807	568
1225	733738	100	801	546
1226	734037	259	814	553
1227	734416	140	819	552
1228	734675	140	818	540
1229	734974	159	824	534
1230	735573	100	823	566
1231	735692	239	825	524
1232	736270	179	825	552
1233	736470	140	812	541
1234	736669	538	815	552
1235	737227	100	810	526
1236	737347	120	813	557
1237	738085	120	821	515
1238	738344	100	823	543
1239	739102	139	817	549
1240	739261	159	816	558
1241	739500	279	809	568
1242	739839	159	803	566
1243	740078	100	819	595
1244	740477	219	814	551
1245	741275	259	823	542
1246	741554	160	818	539
1247	741853	100	814	556
1248	741972	140	824	540
1249	742192	100	839	568
1250	742311	100	831	556
1251	742491	339	828	565
1252	742949	120	823	569
1253	743189	159	827	578
1254	743388	119	821	581
1255	743866	239	820	548
1256	744724	120	835	600
1257	745182	100	825	613
1258	745441	140	820	596
1259	745601	120	826	562
1260	746358	179	809	540
1261	746917	120	817	548
1262	747096	140	830	567
1263	747296	100	833	556
1264	747934	399	825	565
1265	748412	219	832	546
1266	748751	139	814	546
1267	748970	339	825	550
1268	749349	498	819	572
1269	749987	120	825	548
1270	750146	100	814	534
1271	750306	120	792	528
1272	750685	179	804	549
1273	751143	219	804	546
1274	751403	179	809	564
1275	751801	199	808	562
1276	752240	219	825	560
1277	752479	100	832	546
1278	752698	120	812	538
1279	753117	159	807	531
1280	753556	199	823	544
1281	754134	139	822	552
1282	754473	119	822	562
1283	754672	120	823	555
1284	755071	140	825	551
1285	755350	100	819	520
1286	755490	299	826	535
1287	755988	100	823	569
1288	756307	100	829	554
1289	756427	100	829	567
1290	756626	120	820	576
1291	756766	139	828	582
1292	757085	399	832	546
1293	757663	239	825	555
1294	758002	179	820	561
1295	758400	140	830	570
1296	758879	279	795	634
1297	759676	100	800	606
1298	759816	140	812	591
1299	760314	279	810	592
1300	760614	140	816	584
1301	760773	120	808	593
1302	760912	299	802	594
1303	761331	100	797	596
1304	761570	100	805	612
1305	762069	199	801	590
1306	762288	199	807	587
1307	763086	100	802	596
1308	763225	100	807	591
1309	763365	120	815	567
1310	763504	239	804	574
1311	763784	159	805	581
1312	763963	180	814	587
1313	764162	219	806	605
1314	764402	279	811	593
1315	764740	140	808	575
1316	765000	339	809	575
1317	765358	279	807	570
1318	765658	139	818	581
1319	765937	120	827	602
1320	766236	100	825	595
1321	766495	120	821	585
1322	766694	119	823	575
1323	766854	419	827	559
1324	767552	159	817	565
1325	767731	120	818	573
1326	767950	139	833	552
1327	768488	120	833	595
1328	768708	139	830	607
1329	768867	439	837	572
1330	769426	119	828	583
1331	769764	279	837	586
1332	770084	100	835	607
1333	770382	259	832	617
1334	770741	239	830	616
1335	771419	199	834	607
1336	771659	159	833	627
1337	771958	160	825	618
1338	772257	100	803	619
1339	772376	100	789	618
1340	772516	219	794	624
1341	772855	100	800	631
1342	772974	100	784	630
1343	773453	339	796	599
1344	773832	199	792	615
1345	774430	279	776	631
1346	775048	279	784	607
1347	775446	219	814	586
1348	775686	100	813	583
1349	776005	239	818	517
1350	776264	279	823	520
1351	776683	259	820	532
1352	777081	339	816	551
1353	777520	199	816	567
1354	777839	100	819	555
1355	778078	100	819	545
1356	778357	159	819	545
1357	778557	199	824	550
1358	778776	140	825	562
1359	779155	199	823	554
1360	779374	100	841	562
1361	779554	399	833	535
1362	780869	299	816	548
1363	781428	139	823	537
1364	781946	100	787	553
1365	782126	100	809	562
1366	782325	120	821	535
1367	782564	140	816	544
1368	782724	299	817	538
1369	783043	339	811	521
1370	783461	199	816	530
1371	783760	180	807	544
1372	784079	120	809	559
1373	784279	180	803	534
1374	784558	100	822	540
1375	784817	199	815	532
1376	785036	120	821	551
1377	785455	199	809	538
1378	786751	140	821	564
1379	787070	239	811	556
1380	787329	160	804	543
1381	787668	100	809	520
1382	787808	259	807	537
1383	788126	160	817	537
1384	789123	100	844	602
1385	789283	239	835	576
1386	789662	120	848	559
1387	790020	199	823	587
1388	790240	100	835	598
1389	790419	159	832	610
1390	790938	179	828	560
1391	791137	100	832	570
1392	791276	120	835	572
1393	791436	239	825	593
1394	791875	120	820	557
1395	792054	140	827	577
1396	792214	279	824	570
1397	792532	140	814	556
1398	792911	100	818	573
1399	793350	160	827	560
1400	793629	179	829	571
1401	793828	140	830	563
1402	794167	120	826	559
1403	794307	219	821	580
1404	794546	100	829	600
1405	794666	120	835	602
1406	794805	498	828	606
1407	795324	140	829	613
1408	795543	100	829	632
1409	795742	159	818	620
1410	796041	160	817	615
1411	796221	140	820	623
1412	796540	100	825	616
1413	796719	139	823	632
1414	797058	159	821	588
1415	797278	199	818	596
1416	797497	219	818	615
1417	798095	100	820	641
1418	798474	419	823	616
1419	798912	100	814	603
1420	799032	120	812	612
1421	799251	120	811	616
1422	799391	199	814	617
1423	799690	120	803	611
1424	799929	140	810	616
1425	800109	199	813	605
1426	800846	100	816	624
1427	801086	140	813	604
1428	801464	159	816	610
1429	802162	120	802	597
1430	802641	159	821	581
1431	803378	140	1041	2591
1432	803538	180	846	2578
1433	803837	140	1039	2496
1434	805372	120	782	680
1435	805531	179	787	659
1436	805850	100	799	686
1437	806249	139	1822	823
1438	806468	159	1786	965
1439	807346	299	769	675
1440	808024	140	148	1381
1441	808203	120	158	1407
1442	808363	239	132	1390
1443	808682	100	1185	1272
1444	808821	140	1250	1294
1445	820006	140	938	969
1446	828778	140	556	783
1447	829715	219	740	671
1448	830034	120	1195	1070
1449	830273	100	1246	1101
1450	830752	100	1567	1148
1451	830871	160	1325	1243
1452	831130	179	1248	1227
1453	831569	100	771	653
1454	831848	120	736	625
1455	832366	160	738	638
1456	832726	139	263	951
1457	832925	140	258	869
1458	833084	160	259	794
1459	833344	100	173	1249
1460	833483	319	148	1290
1461	833922	339	159	1238
1462	834320	179	252	1015
1463	834600	179	244	885
1464	835198	219	235	609
1465	835716	100	739	623
1466	837311	100	732	617
1467	837690	100	766	617
1468	838407	100	791	603
1469	838607	139	792	576
1470	839524	239	788	658
1471	839903	120	764	596
1472	840162	100	788	517
1473	840401	100	784	533
1474	840541	160	792	506
1475	840900	219	811	591
1476	841139	120	796	595
1477	841358	219	805	605
1478	841797	100	811	586
1479	841916	120	808	574
1480	842056	219	821	557
1481	842335	100	817	541
1482	842654	120	820	587
1483	844528	100	798	585
1484	844767	140	816	590
1485	845007	100	815	577
1486	845505	120	824	554
1487	845704	100	831	556
1488	846303	100	831	571
1489	846502	100	817	568
1490	846642	199	834	555
1491	847917	160	834	542
1492	848316	140	851	543
1493	848476	120	846	544
1494	848735	319	847	544
1495	849134	120	842	566
