Data properties:
 
Recording date: 9/17/2008
Recording time : 15:45:51:044 (corresponds to time 0)
Study: SD Experiment
Subject: LM
Recording: LM3
Screen resolution: 1600 x 1200
Coordinate unit: Pixels
 
 
Filter settings:
 
Eye: Average
Validity level: Normal
Fixation radius: 30
Min duration: 100
 
Fix number	Timestamp	Duration	GazepointX	GazepointY
 
1	1084	439	808	637
2	1542	379	812	646
3	2100	120	788	550
4	2240	259	811	574
5	2619	179	817	577
6	2838	179	818	584
7	3038	159	826	562
8	3217	199	822	562
9	3436	159	822	568
10	3695	160	829	589
11	3935	100	831	589
12	4054	139	830	608
13	4234	279	830	603
14	4593	179	825	571
15	4971	439	812	561
16	5430	120	823	556
17	5629	219	812	536
18	5869	120	820	548
19	6028	179	823	548
20	6287	159	836	540
21	6546	259	829	555
22	6846	558	839	559
23	7424	199	825	567
24	7842	239	813	542
25	8141	319	813	548
26	8480	160	826	558
27	8680	498	818	538
28	9198	518	828	543
29	9776	319	839	557
30	10115	359	842	556
31	10494	100	836	561
32	10614	199	833	569
33	10893	359	823	554
34	11291	100	821	546
35	11431	199	816	551
36	11650	219	833	557
37	11890	359	828	559
38	12268	239	823	549
39	12567	179	817	552
40	12767	100	831	553
41	12886	359	823	552
42	13325	259	829	557
43	13644	120	827	569
44	13823	140	840	579
45	14182	179	828	533
46	14382	199	828	545
47	14621	100	833	557
48	14760	120	829	576
49	15339	159	1845	718
50	15558	239	1759	819
51	15837	180	1757	833
52	16196	140	1728	498
53	16435	100	1757	412
54	16814	140	1919	-39
55	18788	100	807	629
56	19187	179	1503	1373
57	19725	199	1584	1495
58	19984	139	1248	1517
59	20522	219	823	627
60	20861	199	238	470
61	21100	100	-326	685
62	21998	159	328	848
63	22197	100	790	592
64	22396	239	799	630
65	22974	239	789	620
66	23632	239	828	532
67	23912	159	823	542
68	24091	100	823	570
69	24290	140	823	542
70	24549	279	821	549
71	24849	140	820	536
72	25028	100	826	554
73	25148	299	820	550
74	25467	259	822	543
75	25826	478	824	539
76	26324	159	825	548
77	26543	120	818	530
78	26743	100	832	525
79	26862	120	820	530
80	27022	199	820	523
81	27660	518	821	527
82	28377	159	830	538
83	28557	638	836	553
84	29215	419	828	557
85	29653	439	813	543
86	30112	159	817	549
87	30391	120	814	566
88	30790	498	825	551
89	31308	299	834	546
90	31627	100	839	547
91	31747	159	837	562
92	31946	100	849	582
93	32086	160	840	577
94	32365	439	833	555
95	32843	100	817	540
96	33063	140	821	550
97	33601	120	824	524
98	33740	140	822	534
99	33900	419	826	542
100	34498	160	841	553
101	34678	319	845	570
102	35016	199	843	574
103	35236	120	842	563
104	35375	299	836	549
105	35734	100	846	559
106	35854	139	841	552
107	36073	319	830	554
108	36671	339	829	545
109	38226	199	840	596
110	39044	120	840	554
111	39343	219	809	556
112	39582	139	813	545
113	39761	239	815	542
114	40021	399	814	556
115	40439	140	818	556
116	40599	339	818	580
117	40958	140	812	580
118	41117	259	816	588
119	41396	159	817	588
120	41576	259	812	581
121	41954	120	808	563
122	42114	199	813	559
123	42353	179	816	562
124	42553	159	819	559
125	42732	259	804	554
126	43290	199	816	544
127	43510	578	807	546
128	44108	139	813	552
129	44267	498	824	552
130	44786	399	816	552
131	45204	120	819	567
132	45384	219	821	563
133	45822	259	823	555
134	46101	279	810	547
135	46400	120	807	556
136	46640	180	818	553
137	46839	100	827	556
138	46959	618	815	573
139	47597	120	814	581
140	47756	139	822	577
141	48075	219	820	567
142	48314	100	816	560
143	48494	159	817	568
144	48673	339	819	565
145	49032	100	819	564
146	49152	100	817	545
147	49271	239	822	545
148	49531	100	819	534
149	49650	339	827	548
150	50189	359	832	561
151	50567	120	840	568
152	50707	199	836	567
153	50986	199	835	573
154	51225	179	814	561
155	51424	199	825	569
156	51644	419	816	575
157	52322	100	827	614
158	52541	100	836	590
159	52760	319	814	566
160	53099	100	812	570
161	53358	100	818	562
162	53498	219	806	570
163	53757	120	810	556
164	53897	259	821	549
165	54355	120	823	543
166	54555	299	841	551
167	54874	239	849	546
168	55173	160	818	583
169	55492	558	809	558
170	56130	319	817	558
171	56469	100	816	557
172	56748	100	809	557
173	56887	299	821	557
174	57206	179	824	552
175	57406	160	831	562
176	57585	339	824	565
177	57984	159	829	582
178	58941	159	824	563
179	59260	399	823	561
180	60017	478	825	565
181	60516	199	828	574
182	60755	459	829	576
183	61333	359	836	577
184	61712	339	822	580
185	62091	139	826	567
186	62290	498	816	568
187	62809	119	813	564
188	62948	578	813	581
189	63726	458	816	564
190	64204	259	815	576
191	64483	100	816	565
192	64603	159	819	595
193	64922	140	815	571
194	65101	100	822	560
195	65660	219	817	561
196	65899	299	834	575
197	66377	139	849	615
198	66716	120	823	574
199	66856	538	813	573
200	67474	159	814	572
201	67653	399	812	558
202	68172	100	813	546
203	68291	139	812	556
204	68451	259	810	551
205	68730	279	813	567
206	69049	179	816	570
207	69248	359	811	561
208	69627	100	812	547
209	69747	518	811	559
210	70285	279	817	566
211	70584	100	817	568
212	70863	259	815	563
213	71142	678	819	579
214	71960	339	819	582
215	72418	100	830	588
216	72717	279	827	606
217	73156	279	816	593
218	73455	399	817	579
219	73874	419	817	582
220	74492	100	822	562
221	74711	817	835	583
222	75648	279	833	590
223	76206	458	838	586
224	76705	199	833	589
225	76924	100	834	592
226	77442	159	843	571
227	77622	618	842	594
228	78359	498	836	579
229	78878	120	834	595
230	79017	159	845	607
231	79197	339	847	588
232	79635	159	841	581
233	79934	120	840	605
234	80214	120	852	602
235	80453	160	862	617
236	81151	199	858	605
237	81430	160	842	603
238	81609	100	849	619
239	81749	100	843	620
240	81868	100	848	601
241	82187	100	854	588
242	82566	259	856	604
243	82925	120	852	610
244	83064	259	854	599
245	83344	159	864	629
246	83842	299	851	606
247	84201	120	842	604
248	84400	100	847	608
249	84699	100	838	597
250	84899	139	825	567
251	85098	219	808	559
252	85856	239	830	554
253	86115	100	842	547
254	86294	120	837	571
255	86514	159	828	566
256	86733	199	817	569
257	86992	140	817	576
258	87371	120	812	586
259	87650	219	807	578
260	87889	160	824	577
261	88069	1017	812	554
262	89165	120	819	551
263	89404	239	815	565
264	89704	159	814	567
265	89963	219	821	559
266	90282	159	813	558
267	90720	179	820	557
268	91139	100	817	555
269	91318	299	811	565
270	91657	100	815	576
271	91777	279	815	556
272	92096	100	815	557
273	92275	179	825	560
274	92495	279	818	570
275	93113	219	817	560
276	93372	100	814	549
277	93611	120	823	557
278	93751	219	812	548
279	94090	239	829	573
280	94349	160	830	572
281	94528	219	827	588
282	94767	180	827	571
283	94967	299	809	554
284	95445	259	811	565
285	95724	120	814	559
286	95864	259	809	563
287	96143	379	813	573
288	96542	299	819	570
289	96941	120	818	570
290	97100	160	815	564
291	97280	239	824	578
292	97599	219	813	579
293	98037	219	819	560
294	98276	120	822	576
295	98595	120	824	573
296	98835	219	840	592
297	99213	279	809	555
298	99513	100	801	547
299	99672	120	816	548
300	99812	120	806	547
301	99951	120	812	547
302	100091	140	813	563
303	100250	100	815	545
304	100430	100	817	567
305	100549	179	820	573
306	100828	299	816	553
307	101267	199	818	577
308	101586	180	815	575
309	101785	199	818	579
310	102005	219	822	581
311	102244	159	818	586
312	102463	120	817	603
313	102623	259	817	596
314	103001	339	821	571
315	103520	299	819	587
316	103958	299	816	583
317	104277	239	818	586
318	104636	299	819	591
319	104995	279	812	583
320	105334	259	817	577
321	105673	319	812	593
322	106012	120	817	579
323	106151	219	820	588
324	106470	140	831	598
325	106849	100	835	604
326	107228	319	827	588
327	107567	359	824	586
328	107966	159	828	582
329	108225	140	828	583
330	108484	299	830	603
331	108803	379	834	607
332	109780	100	830	606
333	110119	100	823	558
334	110259	120	817	564
335	110538	259	820	589
336	110916	299	820	589
337	111255	159	816	569
338	111594	140	820	587
339	111814	219	806	561
340	112053	379	817	569
341	112452	239	819	563
342	112810	578	819	564
343	113409	179	808	562
344	113608	179	810	557
345	113807	120	807	564
346	113947	379	818	567
347	114684	180	810	569
348	114904	139	795	566
349	115283	120	798	577
350	115681	219	824	589
351	116000	100	820	592
352	116718	120	828	593
353	116858	120	823	582
354	116997	120	816	586
355	117137	140	840	586
356	117416	140	814	591
357	117575	139	819	564
358	117735	180	831	567
359	118512	160	823	553
360	118911	159	821	571
361	119250	100	827	582
362	119370	419	820	574
363	119888	439	832	588
364	120347	120	830	576
365	120825	159	847	564
366	121104	159	850	569
367	121284	120	841	576
368	121643	279	831	585
369	121962	100	832	575
370	122101	100	830	565
371	122340	459	836	590
372	122819	319	825	593
373	123437	120	804	593
374	123576	100	808	610
375	123716	299	832	596
376	124155	140	826	574
377	124334	159	825	586
378	124513	160	804	590
379	124932	140	1984	616
380	125131	120	2319	565
381	126746	140	1761	482
382	127006	120	1792	395
383	150870	139	886	704
384	151109	199	1014	2301
385	151468	120	814	619
386	151847	199	598	2009
387	152345	100	788	625
388	152525	339	790	616
389	152944	179	800	629
390	153143	219	801	637
391	153382	100	800	615
392	153502	100	808	531
393	153721	100	798	585
394	153841	479	799	602
395	154379	160	799	614
396	154578	219	797	608
397	155097	259	812	570
398	155416	239	817	583
399	156094	120	801	552
400	156253	379	802	546
401	157051	159	807	550
402	157509	259	804	582
403	157788	259	809	565
404	158247	119	805	545
405	158506	219	805	548
406	158765	100	802	544
407	158885	140	810	560
408	159044	160	810	544
409	159224	459	809	540
410	159902	319	808	562
411	160320	299	809	554
412	160859	518	817	552
413	161397	219	820	564
414	161676	219	818	565
415	161935	498	812	551
416	162693	120	801	534
417	162832	319	800	547
418	163171	399	801	543
419	163590	718	817	557
420	164387	120	816	563
421	164627	239	811	570
422	164886	479	808	554
423	165424	159	808	535
424	165603	159	810	543
425	165783	179	822	561
426	166042	140	814	560
427	166720	120	816	592
428	167039	279	812	611
429	167338	159	811	621
430	167517	140	805	630
431	167797	199	808	627
432	168016	180	812	620
433	168813	179	817	579
434	169013	139	823	586
435	169312	159	838	598
436	169750	518	824	559
437	170488	120	823	575
438	170628	259	823	573
439	170907	458	824	566
440	171445	279	818	566
441	171744	379	815	562
442	172243	279	809	549
443	172542	159	813	551
444	172741	279	813	541
445	173200	199	807	546
446	173479	199	811	551
447	173738	219	816	549
448	173977	100	810	548
449	174276	259	815	555
450	174735	179	817	548
451	174934	339	813	553
452	175293	379	812	550
453	175931	259	807	542
454	176310	319	805	540
455	176649	159	802	537
456	176848	100	798	534
457	177007	199	808	548
458	177227	120	805	552
459	177625	379	809	572
460	178423	439	809	589
461	178882	100	810	576
462	179041	199	801	571
463	179260	339	809	581
464	179719	119	820	584
465	179898	160	808	583
466	180138	598	808	577
467	180815	120	821	561
468	180955	159	822	571
469	181214	478	817	566
470	181713	120	826	555
471	181852	120	806	568
472	181992	100	813	563
473	182410	359	809	572
474	182829	199	816	582
475	183048	159	806	593
476	183328	379	808	605
477	183746	100	804	603
478	183985	259	807	613
479	184384	160	823	603
480	184604	279	811	571
481	184903	100	815	566
482	185102	279	809	576
483	185401	219	815	563
484	185780	100	805	562
485	185959	100	802	553
486	186178	259	814	570
487	186517	100	811	571
488	186637	299	821	562
489	187056	179	821	563
490	187415	199	817	559
491	187694	219	814	577
492	188551	160	807	571
493	189029	299	812	559
494	189348	139	815	546
495	189508	120	819	566
496	189647	239	813	575
497	190086	100	821	563
498	190206	179	825	560
499	190505	120	814	550
500	190744	100	815	555
501	190884	199	814	571
502	191103	100	809	576
503	191223	439	816	576
504	191721	179	815	583
505	192060	159	820	579
506	192259	100	811	579
507	192379	219	812	580
508	192618	120	813	578
509	192818	239	820	575
510	193336	199	821	559
511	193834	359	804	549
512	194313	120	806	569
513	194672	140	817	557
514	194851	159	807	565
515	195230	120	800	551
516	195369	239	803	574
517	195648	140	803	573
518	195908	658	804	567
519	196585	279	801	560
520	196924	159	812	543
521	197104	100	799	546
522	197303	159	803	565
523	197503	219	816	563
524	198200	319	817	581
525	199217	399	816	568
526	199676	199	825	566
527	199895	219	822	573
528	200134	339	815	562
529	200493	120	821	555
530	200633	598	822	568
531	201331	140	830	581
532	201849	100	825	556
533	201969	219	816	565
534	202208	498	824	558
535	202806	199	813	561
536	203185	219	811	545
537	203524	100	820	561
538	203743	140	816	550
539	204022	180	819	549
540	204241	179	828	552
541	204521	239	819	561
542	204780	239	818	538
543	205138	439	816	544
544	205876	119	808	548
545	206016	160	825	548
546	206335	239	816	535
547	206594	120	816	546
548	206733	139	820	556
549	207052	120	828	555
550	207192	140	824	556
551	207531	219	814	544
552	207850	239	816	562
553	208109	120	821	578
554	208348	120	822	573
555	208508	100	811	571
556	208627	140	801	571
557	208787	100	819	555
558	209006	219	816	535
559	209305	139	808	546
560	209584	139	807	587
561	209784	279	814	547
562	210083	199	812	587
563	210302	179	823	581
564	210541	160	811	568
565	210721	239	826	570
566	210980	439	814	579
567	211459	120	806	558
568	211638	159	812	552
569	211897	359	818	566
570	212376	120	811	566
571	212635	140	819	567
572	212954	518	811	560
573	213552	140	814	556
574	214050	120	821	559
575	214210	120	821	549
576	214389	459	824	562
577	214868	299	834	581
578	215326	299	828	583
579	215725	159	818	579
580	216164	299	810	561
581	216562	319	809	558
582	217001	120	830	575
583	217200	239	824	586
584	217479	139	808	566
585	217679	219	812	568
586	217978	100	817	552
587	218098	239	816	547
588	218357	140	817	553
589	218516	379	824	550
590	218915	140	827	564
591	219174	140	829	572
592	219433	478	816	566
593	220171	478	824	590
594	220669	139	832	579
595	220849	100	828	582
596	220968	140	839	593
597	221268	419	831	559
598	221766	179	811	560
599	221965	100	811	580
600	222165	139	805	576
601	222324	120	800	567
602	222504	179	811	566
603	222703	140	804	556
604	222862	279	808	551
605	223221	957	818	568
606	224198	538	826	570
607	224757	100	819	568
608	224896	319	818	558
609	225235	399	819	585
610	225674	140	815	579
611	225833	159	811	555
612	226052	239	815	558
613	226411	239	815	587
614	226670	140	816	577
615	226850	120	824	597
616	227049	359	818	618
617	227627	100	804	631
618	227747	399	801	628
619	228385	120	803	571
620	228525	339	805	569
621	228903	120	804	562
622	229163	120	804	583
623	229302	120	804	559
624	229482	199	807	560
625	229781	120	809	548
626	230000	159	807	546
627	230179	179	811	568
628	230379	160	802	581
629	230578	219	817	581
630	231017	219	801	570
631	231894	100	801	557
632	232273	379	810	570
633	232671	140	806	568
634	232831	459	818	558
635	233309	199	827	570
636	233648	379	820	562
637	234067	100	808	548
638	234227	199	800	564
639	234446	160	814	574
640	234705	299	810	574
641	235024	439	814	557
642	235582	199	820	562
643	235801	419	823	577
644	236439	319	828	577
645	236798	538	825	571
646	237357	180	816	561
647	237556	419	818	561
648	238154	140	818	572
649	238334	139	815	587
650	238493	219	816	566
651	238792	159	809	567
652	239051	199	818	570
653	239271	139	816	561
654	239430	259	819	555
655	239709	179	823	564
656	239928	698	825	565
657	240686	419	818	580
658	241125	100	811	579
659	241583	239	817	591
660	242261	120	822	570
661	242441	179	820	594
662	242760	139	818	592
663	242959	538	816	570
664	243517	199	827	598
665	243736	439	820	582
666	244215	319	812	581
667	244554	139	825	575
668	244813	339	818	587
669	245192	159	824	571
670	245471	120	836	585
671	245610	160	837	582
672	245890	159	842	575
673	246069	279	828	580
674	246687	219	835	592
675	247166	319	836	599
676	247505	359	835	599
677	247923	100	829	573
678	248043	140	826	571
679	248302	259	830	588
680	248601	120	833	603
681	248880	319	823	572
682	249399	259	828	572
683	249678	120	828	574
684	250076	160	826	567
685	250256	299	822	566
686	250575	339	824	561
687	250954	219	816	539
688	251313	159	824	552
689	251512	279	819	559
690	251871	239	819	575
691	252130	279	811	580
692	252429	100	807	542
693	252708	160	818	558
694	252888	179	812	568
695	253187	259	818	576
696	253565	120	815	579
697	253705	359	823	570
698	254084	419	833	591
699	254542	140	833	591
700	254702	239	835	568
701	255240	279	821	554
702	255539	219	815	552
703	255918	299	819	572
704	256237	100	824	575
705	256416	100	839	600
706	256695	140	814	602
707	256875	538	814	581
708	257533	159	817	584
709	257892	140	823	588
710	258051	478	821	591
711	258589	199	816	579
712	259068	159	820	609
713	259367	159	820	589
714	259546	179	825	583
715	259905	219	821	576
716	260145	159	823	587
717	260324	339	836	601
718	260822	279	834	595
719	261181	478	844	592
720	261859	299	844	583
721	262278	538	844	593
722	262836	159	854	608
723	263016	120	856	609
724	263235	279	852	605
725	263534	259	836	590
726	264092	100	818	577
727	264311	140	812	590
728	264471	159	817	581
729	264650	160	817	574
730	264890	140	820	566
731	265049	199	819	565
732	265268	120	823	577
733	265408	100	829	586
734	265528	179	821	577
735	265727	239	825	593
736	265986	239	815	580
737	266365	299	813	567
738	266824	140	826	574
739	266983	159	818	586
740	267162	798	826	584
741	267980	219	818	555
742	268219	160	803	554
743	268518	100	803	540
744	268638	538	799	559
745	269216	139	810	551
746	269395	678	800	565
747	270193	658	797	572
748	270950	120	805	554
749	271090	199	808	546
750	271349	179	805	558
751	271549	160	813	581
752	271728	319	817	581
753	272067	778	815	573
754	273443	299	817	571
755	273762	140	825	565
756	273921	100	829	581
757	274041	159	829	583
758	274240	199	834	575
759	274459	199	831	580
760	274699	279	821	550
761	275137	179	826	554
762	275416	339	815	577
763	275775	797	820	577
764	276652	299	818	554
765	277191	100	809	572
766	277310	100	809	578
767	277589	180	816	565
768	277849	199	813	559
769	278108	120	798	567
770	278267	120	821	562
771	278407	399	806	558
772	278945	199	812	554
773	279244	100	812	555
774	279404	219	811	546
775	279663	120	817	543
776	279802	219	825	559
777	280161	160	814	555
778	280401	100	798	560
779	280640	179	808	556
780	280959	498	818	552
781	281876	100	820	566
782	281995	279	805	561
783	282334	100	813	564
784	282454	618	813	567
785	283112	179	816	565
786	283351	199	820	557
787	283571	279	820	564
788	283870	219	817	574
789	284248	279	821	557
790	284926	179	1983	583
791	286202	239	430	2176
792	286780	279	812	612
793	287099	199	814	628
794	287339	160	587	594
795	287558	180	337	535
796	287937	120	792	652
797	288076	319	808	620
798	288415	140	808	593
799	288634	160	804	561
800	289073	159	812	585
801	289552	239	809	585
802	289811	299	811	567
803	290130	160	811	573
804	290329	140	816	584
805	290628	120	812	581
806	290867	259	803	574
807	291166	179	805	583
808	291406	558	805	568
809	292004	140	818	571
810	292243	179	816	577
811	292442	179	815	573
812	292642	279	816	567
813	292941	458	814	559
814	293419	160	820	575
815	293699	100	809	557
816	293838	299	816	571
817	294317	458	817	554
818	294875	159	804	562
819	295054	199	817	553
820	295433	379	804	555
821	295832	100	807	555
822	295951	359	810	562
823	296430	100	807	555
824	296550	718	804	559
825	297367	598	807	558
826	298025	100	822	573
827	298244	279	803	560
828	298543	100	809	549
829	298703	120	803	554
830	298862	399	802	562
831	299440	100	804	586
832	299580	219	802	575
833	299939	219	815	592
834	300278	199	815	564
835	300497	180	815	560
836	300896	100	821	566
837	301095	120	815	575
838	301354	139	815	572
839	301514	458	820	573
840	302291	100	809	599
841	302511	120	807	610
842	302850	199	806	594
843	303069	100	815	587
844	303308	279	808	582
845	303787	359	815	574
846	304165	120	821	578
847	304305	518	826	580
848	304883	239	819	569
849	305382	239	819	570
850	305700	100	812	556
851	305820	120	830	561
852	306059	179	816	573
853	306538	339	828	588
854	306937	179	825	585
855	307176	100	827	565
856	307455	140	822	593
857	307614	100	826	576
858	307914	518	840	579
859	308671	279	845	589
860	309010	439	843	590
861	309469	140	849	583
862	309708	140	845	586
863	310067	100	858	574
864	310246	139	852	588
865	310406	100	854	590
866	310625	100	851	605
867	310804	299	848	612
868	311183	120	845	636
869	311323	119	842	607
870	311462	120	840	594
871	311602	120	843	594
872	311761	239	844	609
873	312021	159	840	592
874	312220	159	845	593
875	312419	160	846	586
876	312659	299	842	606
877	312997	120	841	596
878	313217	159	838	609
879	313536	139	845	629
880	313695	139	840	603
881	313855	100	839	624
882	313994	180	833	612
883	314194	180	839	623
884	314393	120	832	592
885	314632	239	831	592
886	314971	140	831	597
887	315131	319	839	604
888	315470	159	830	610
889	315769	159	834	615
890	316247	120	843	600
891	316845	159	821	611
892	317164	120	811	596
893	317344	159	802	594
894	317882	120	809	568
895	318400	199	809	567
896	318719	159	818	572
897	319018	399	814	570
898	319457	239	798	576
899	319716	100	808	587
900	319876	100	801	572
901	319995	120	810	550
902	320294	139	817	579
903	320633	100	810	557
904	320833	100	806	564
905	321032	139	781	556
906	321251	140	823	557
907	321511	159	813	545
908	321849	159	811	586
909	322029	479	816	583
910	322607	160	810	570
911	322866	120	804	578
912	323006	100	798	559
913	323205	319	816	576
914	323544	120	813	576
915	323704	299	808	577
916	324082	259	813	554
917	324421	159	781	564
918	324621	219	798	588
919	324880	100	804	559
920	325059	100	799	558
921	325358	100	803	581
922	325538	180	802	563
923	325737	259	798	560
924	326295	140	798	575
925	326515	279	818	575
926	326874	179	818	570
927	327492	140	820	554
928	327850	239	816	576
929	328170	140	807	579
930	328329	179	798	593
931	328528	319	796	577
932	328967	199	795	585
933	329186	120	788	566
934	329485	120	797	572
935	329625	160	810	556
936	329844	100	801	548
937	329984	180	814	548
938	330363	119	810	557
939	330821	120	824	558
940	331180	100	817	558
941	331319	160	798	572
942	331539	120	792	578
943	331858	159	806	568
944	332037	379	807	576
945	332615	179	812	578
946	332954	160	794	574
947	333333	159	792	578
948	333533	738	797	562
949	334430	239	794	561
950	335407	100	808	591
951	335606	239	803	579
952	335925	179	810	564
953	336284	160	802	545
954	336483	219	808	559
955	336723	339	817	572
956	337081	239	817	562
957	337340	159	814	571
958	337520	239	807	569
959	337859	120	804	574
960	338537	239	802	575
961	338816	179	809	572
962	339155	140	813	569
963	339314	180	807	552
964	339534	100	815	549
965	339653	219	818	563
966	340052	100	814	580
967	340172	219	813	565
968	340451	139	814	570
969	340630	319	822	555
970	340989	259	802	553
971	341507	120	807	557
972	341766	239	814	578
973	342046	259	810	577
974	342325	120	809	583
975	342544	120	799	569
976	343202	239	825	552
977	343601	199	825	556
978	343920	219	818	555
979	344478	120	816	566
980	344618	120	820	568
981	344837	179	827	571
982	345275	120	851	601
983	345415	139	846	599
984	345634	439	840	587
985	346153	139	811	567
986	346512	159	817	581
987	346711	179	815	565
988	346910	219	823	567
989	347150	179	828	567
990	347409	319	822	560
991	347768	339	829	573
992	348206	179	823	607
993	348485	139	816	591
994	348645	239	818	567
995	349103	120	804	574
996	349243	100	796	570
997	349562	439	813	555
998	350220	120	810	555
999	350379	279	816	555
1000	350758	379	815	546
1001	351296	100	830	555
1002	351496	219	827	556
1003	351815	120	816	551
1004	352034	140	814	556
1005	352194	120	818	539
1006	352572	199	818	542
1007	352812	100	814	553
1008	352951	199	813	545
1009	353170	259	811	561
1010	353729	199	803	550
1011	354307	140	800	562
1012	354486	100	807	566
1013	354606	120	825	583
1014	354885	120	824	582
1015	355563	339	825	586
1016	355922	139	838	587
1017	356181	339	827	596
1018	356640	120	826	592
1019	356779	359	822	592
1020	357158	100	810	573
1021	357297	219	812	572
1022	357696	339	813	566
1023	358055	219	809	571
1024	358394	319	803	566
1025	358733	239	816	568
1026	359072	199	818	584
1027	359670	159	818	588
1028	359929	139	842	617
1029	360089	199	854	623
1030	360487	219	855	615
1031	360946	658	812	584
1032	361624	120	829	590
1033	361903	100	810	581
1034	362202	219	801	590
1035	362541	159	810	566
1036	362860	259	810	573
1037	363438	279	809	568
1038	363737	140	810	555
1039	363897	100	816	559
1040	364096	120	802	568
1041	364435	179	808	572
1042	364634	139	815	558
1043	364834	439	803	567
1044	365531	119	792	558
1045	365751	279	789	572
1046	366050	159	785	569
1047	366409	259	795	572
1048	367106	100	841	587
1049	367226	139	806	586
1050	367605	339	823	598
1051	368023	259	824	586
1052	368303	259	818	583
1053	368602	219	839	585
1054	369060	120	846	604
1055	369220	159	856	621
1056	369419	219	849	599
1057	369658	140	850	595
1058	369818	319	843	587
1059	370256	120	830	580
1060	370456	140	826	597
1061	371433	279	812	574
1062	371831	239	826	583
1063	372091	120	819	548
1064	372230	179	795	549
1065	372430	219	799	553
1066	372669	319	801	575
1067	373087	160	804	581
1068	373466	239	826	570
1069	373805	160	845	572
1070	374363	459	832	571
1071	374862	159	827	582
1072	375041	179	848	594
1073	375241	598	839	577
1074	375879	439	847	577
1075	376357	100	848	570
1076	376716	199	837	568
1077	377035	100	851	566
1078	377175	140	862	547
1079	377593	100	821	567
1080	377713	279	844	572
1081	378092	100	831	585
1082	378351	379	838	579
1083	378770	199	829	566
1084	378989	179	825	564
1085	379188	120	837	577
1086	379627	100	833	575
1087	379786	219	832	564
1088	380026	120	839	554
1089	380225	140	835	566
1090	380384	160	834	559
1091	380584	219	836	568
1092	380823	160	842	563
1093	381162	219	839	571
1094	381401	159	835	579
1095	381780	140	825	567
1096	381940	159	832	568
1097	382119	139	825	577
1098	382298	199	824	564
1099	382657	100	822	553
1100	382797	259	826	569
1101	383136	299	826	562
1102	383554	100	868	588
1103	383674	160	805	557
1104	383853	558	823	563
1105	384432	100	825	570
1106	384551	140	830	577
1107	384711	140	825	578
1108	384990	139	837	567
1109	385169	339	831	585
1110	385847	180	832	573
1111	386605	279	832	565
1112	386924	299	836	575
1113	387721	319	839	570
1114	388180	319	821	567
1115	388718	100	829	563
1116	388838	179	825	580
1117	389037	100	818	586
1118	389157	100	828	565
1119	389416	120	835	587
1120	389555	219	832	594
1121	389795	259	827	590
1122	390173	239	830	571
1123	390652	279	823	575
1124	391031	120	828	577
1125	391230	179	825	570
1126	391449	179	828	565
1127	391848	100	830	572
1128	392068	100	831	585
1129	392327	459	829	555
1130	392885	159	831	570
1131	393084	179	833	552
1132	393284	937	828	562
1133	394500	100	827	571
1134	394619	100	833	568
1135	394819	319	830	577
1136	395357	160	833	573
1137	395556	219	833	574
1138	395836	160	827	561
1139	396075	339	825	551
1140	396553	160	832	556
1141	396733	359	826	565
1142	397131	120	829	562
1143	397391	140	824	572
1144	397550	419	826	568
1145	398108	139	817	567
1146	398268	100	821	563
1147	398467	120	825	556
1148	398707	160	831	576
1149	398926	339	827	569
1150	399524	179	833	559
1151	399962	399	825	580
1152	400461	299	817	556
1153	400780	120	815	569
1154	400939	140	823	574
1155	401119	100	842	574
1156	401238	179	832	553
1157	401557	199	829	560
1158	401777	100	821	567
1159	402096	339	825	560
1160	402455	359	828	574
1161	402993	199	821	583
1162	403272	259	821	561
1163	403551	100	820	572
1164	403691	159	819	566
1165	404050	139	818	572
1166	404369	120	843	582
1167	404508	160	840	594
1168	404747	299	839	578
1169	405066	120	844	573
1170	405206	279	841	593
1171	405505	199	840	587
1172	406502	100	837	569
1173	406741	259	827	569
1174	407020	140	836	568
1175	407180	120	837	572
1176	407499	140	840	582
1177	407758	458	843	584
1178	408476	399	835	566
1179	408894	299	837	571
1180	409313	359	832	561
1181	409692	239	827	567
1182	410051	100	831	569
1183	410170	120	831	565
1184	410310	319	843	563
1185	410708	279	845	575
1186	411008	100	861	582
1187	411626	758	834	574
1188	412423	100	828	566
1189	412543	120	831	559
1190	412702	259	834	572
1191	412981	239	818	573
1192	413300	120	827	581
1193	413520	319	835	563
1194	414098	259	839	570
1195	414377	100	837	589
1196	414596	179	835	593
1197	414796	100	830	591
1198	414955	339	833	574
1199	415354	140	831	577
1200	415832	140	841	572
1201	415992	498	844	571
1202	416570	458	825	569
1203	417387	359	826	579
1204	417866	219	833	572
1205	418125	100	833	576
1206	418245	399	831	561
1207	418663	458	833	577
1208	419142	179	830	571
1209	419361	139	852	587
1210	419800	120	847	567
1211	420039	239	827	563
1212	420318	120	822	568
1213	420458	239	823	582
1214	420757	479	824	583
1215	421494	139	825	587
1216	421654	179	832	573
1217	421873	419	834	583
1218	422591	139	828	560
1219	422990	100	833	586
1220	423149	100	828	577
1221	423448	100	822	559
1222	423747	200	828	573
1223	423986	598	839	578
1224	424704	419	845	573
1225	425143	100	844	599
1226	425262	160	839	590
1227	425542	299	833	555
1228	425861	120	823	569
1229	426000	100	825	570
1230	426120	199	840	554
1231	426339	120	834	559
1232	426618	279	836	569
1233	427017	100	833	579
1234	427137	359	835	574
1235	427595	160	832	573
1236	428074	100	830	581
1237	428433	179	838	587
1238	428632	219	828	567
1239	429011	100	836	580
1240	429290	359	834	571
1241	429668	259	830	570
1242	429948	179	824	564
1243	430147	140	827	572
1244	430307	399	819	582
1245	430745	219	827	575
1246	431264	558	832	575
1247	431862	259	823	573
1248	432280	219	829	576
1249	432520	119	828	574
1250	432759	179	834	579
1251	432958	120	840	598
1252	433217	100	826	578
1253	433437	100	829	582
1254	433616	159	833	576
1255	433816	100	829	584
1256	434114	498	829	567
1257	434873	179	826	587
1258	435071	100	824	562
1259	435211	179	829	575
1260	435450	399	832	579
1261	436168	159	825	586
1262	436507	140	824	578
1263	436686	100	817	586
1264	436806	100	828	592
1265	437005	399	832	596
1266	437424	319	831	577
1267	437823	239	827	582
1268	438241	359	825	587
1269	438720	199	827	575
1270	439019	299	823	587
1271	439458	538	824	585
1272	440036	120	820	557
1273	440255	100	822	574
1274	440375	199	832	566
1275	440614	279	823	582
1276	440913	159	830	576
1277	441292	179	825	567
1278	441611	419	841	570
1279	442049	100	834	575
1280	442269	179	833	559
1281	442508	100	838	561
1282	442628	279	831	579
1283	443066	100	837	597
1284	443305	120	835	580
1285	443525	140	827	581
1286	443684	199	831	576
1287	444003	379	830	572
1288	444482	160	832	572
1289	444661	100	833	579
1290	445140	140	823	567
1291	445299	140	827	582
1292	445459	279	824	581
1293	445758	160	817	585
1294	446077	100	840	594
1295	446216	239	838	581
1296	446475	199	833	583
1297	446695	239	829	578
1298	447054	140	826	586
1299	447532	140	829	581
1300	447751	140	834	579
1301	447931	399	828	577
1302	448668	159	832	576
1303	448848	359	835	578
1304	449346	159	822	586
1305	449526	139	831	579
1306	449705	159	823	590
1307	449885	159	829	586
1308	450204	618	822	578
1309	450941	100	821	585
1310	451180	159	824	588
1311	451380	199	833	591
1312	451599	179	829	595
1313	451898	120	830	582
1314	452058	179	835	575
1315	452297	140	832	602
1316	452476	259	824	584
1317	452796	120	821	561
1318	453074	100	823	571
1319	453194	100	816	575
1320	453334	159	821	577
1321	453533	180	824	584
1322	453892	538	821	579
1323	454450	399	825	589
1324	455128	199	835	590
1325	455347	239	829	583
1326	455626	120	838	590
1327	455886	199	831	581
1328	456105	379	826	586
1329	456663	100	827	581
1330	456863	100	827	571
1331	457002	100	817	572
1332	457122	160	824	574
1333	457501	120	814	576
1334	457660	139	811	577
1335	457820	159	832	571
1336	458158	100	828	580
1337	458757	120	832	584
1338	458896	259	843	585
1339	459175	239	838	587
1340	459494	120	832	590
1341	459634	139	831	584
1342	460032	100	839	600
1343	460372	120	828	585
1344	460651	119	824	594
1345	460890	100	815	595
1346	461069	100	807	577
1347	461388	159	816	563
1348	461588	279	837	572
1349	461946	140	819	584
1350	462106	160	824	574
1351	462405	100	823	565
1352	462704	179	828	553
1353	462923	439	826	563
1354	463382	179	827	579
1355	463581	279	840	573
1356	463880	179	847	586
1357	464080	140	848	567
1358	464239	120	838	584
1359	464439	199	830	586
1360	464678	319	840	596
1361	465057	299	834	587
1362	465376	239	827	572
1363	465655	100	834	576
1364	465934	140	836	576
1365	466113	658	828	572
1366	467011	140	834	558
1367	467290	160	845	573
1368	468087	219	836	577
1369	468326	100	835	569
1370	468605	359	839	595
1371	469363	159	834	575
1372	469602	419	834	574
1373	470041	299	836	577
1374	470918	120	840	566
1375	471058	100	830	564
1376	471177	199	832	567
1377	471556	159	857	577
1378	471935	100	830	589
1379	472054	160	824	588
1380	472314	160	829	597
1381	472553	120	837	597
1382	472752	120	821	567
1383	472892	179	819	589
1384	473370	239	814	557
1385	473849	259	813	585
1386	474128	199	825	597
1387	474786	219	806	581
1388	475264	439	810	600
1389	475902	119	806	589
1390	476042	179	807	584
1391	476241	100	812	592
1392	476441	219	812	589
1393	476720	139	824	566
1394	476879	139	821	575
1395	477039	199	818	580
1396	477258	578	818	581
1397	478594	140	842	542
1398	479192	140	851	549
1399	479730	199	838	557
1400	480129	259	818	565
1401	480627	180	802	580
1402	480887	160	805	593
1403	481425	100	817	622
1404	481624	100	818	622
1405	481864	120	822	611
1406	482003	179	819	619
1407	482202	100	814	621
1408	482482	159	820	623
1409	483179	319	816	613
1410	483518	478	820	624
1411	484017	379	816	612
1412	484615	139	822	616
1413	484894	219	837	611
1414	485173	120	844	624
1415	485671	120	827	626
1416	485931	658	819	611
1417	486768	100	825	622
1418	486888	279	822	597
1419	487187	100	823	588
1420	487426	140	805	574
1421	487805	299	832	611
1422	488164	100	869	587
1423	488582	239	835	600
1424	489180	100	659	2144
1425	490736	239	819	601
1426	491094	140	816	602
1427	491274	339	813	602
1428	491752	100	819	612
1429	491932	339	820	600
1430	492450	359	820	621
1431	492889	498	821	609
1432	493427	120	801	616
1433	493686	199	816	606
1434	493985	139	821	615
1435	494185	100	818	616
1436	494304	319	808	599
1437	494643	100	817	615
1438	495102	160	821	634
1439	495680	100	806	616
1440	495799	299	809	636
1441	496138	259	806	633
1442	496657	279	803	612
1443	497055	439	813	614
1444	497514	120	810	618
1445	497654	180	809	616
1446	497873	100	796	604
1447	498451	578	809	605
1448	499129	638	819	633
1449	499787	239	813	622
1450	500166	100	806	613
1451	500305	239	809	615
1452	500564	140	817	633
1453	500744	578	814	621
1454	501382	518	810	627
1455	501920	199	807	620
1456	502139	239	808	600
1457	502478	299	803	621
1458	502797	140	806	628
1459	502977	359	811	627
1460	503356	359	811	642
1461	503754	259	810	636
1462	504033	339	809	625
1463	504392	498	808	629
1464	505230	159	822	637
1465	505409	199	813	649
1466	505708	100	811	651
1467	505828	558	804	616
1468	506625	199	815	605
1469	506845	159	817	585
1470	507183	259	820	615
1471	507483	239	825	615
1472	507762	120	829	617
1473	507921	319	820	618
1474	508320	379	822	625
1475	508918	100	823	622
1476	509038	160	819	609
1477	509576	179	814	555
1478	509815	239	809	561
1479	510174	120	826	560
1480	510613	100	807	588
1481	510772	279	810	579
1482	511111	100	815	592
1483	511231	120	815	596
1484	511649	179	819	588
1485	511888	179	808	579
1486	512108	100	811	569
1487	512327	299	808	585
1488	512766	179	810	579
1489	513025	100	818	558
1490	513264	120	823	568
1491	513802	299	809	596
1492	514121	160	822	581
1493	514700	120	810	582
1494	514919	439	803	568
1495	515378	100	798	572
1496	515936	120	809	579
1497	516095	120	808	584
1498	516334	359	816	586
1499	516753	538	811	571
1500	517351	160	804	581
1501	517531	100	808	572
1502	517650	239	821	586
1503	518109	139	828	574
1504	518368	180	814	580
1505	518747	100	819	587
1506	518867	120	817	576
