Data properties:
 
Recording date: 9/17/2008
Recording time : 16:02:04:416 (corresponds to time 0)
Study: SD Experiment
Subject: LM
Recording: LM4
Screen resolution: 1600 x 1200
Coordinate unit: Pixels
 
 
Filter settings:
 
Eye: Average
Validity level: Normal
Fixation radius: 30
Min duration: 100
 
Fix number	Timestamp	Duration	GazepointX	GazepointY
 
1	410	120	786	561
2	709	100	780	574
3	908	160	801	603
4	1228	159	789	620
5	1407	120	783	640
6	1547	239	786	635
7	2005	120	781	649
8	2444	120	782	663
9	2663	239	776	662
10	3161	259	782	683
11	3520	120	784	676
12	3660	159	781	679
13	3839	120	756	668
14	3979	140	790	681
15	4138	518	793	675
16	15024	100	938	428
17	15622	419	1443	1417
18	16978	100	3684	1987
19	17297	100	3757	2025
20	17735	399	803	587
21	18433	120	807	620
22	18573	100	812	625
23	18712	120	801	580
24	18951	239	798	592
25	19290	319	815	580
26	19629	140	810	571
27	19809	618	799	575
28	20606	179	803	572
29	20806	259	808	587
30	21184	100	806	598
31	21304	199	804	582
32	21663	219	801	582
33	21902	399	805	581
34	22440	139	811	573
35	22759	120	812	563
36	22919	140	812	574
37	23158	120	819	566
38	23377	339	816	565
39	23976	658	815	572
40	24693	319	818	582
41	25232	179	809	573
42	25471	319	809	581
43	25929	578	815	589
44	26667	140	817	573
45	26966	100	821	578
46	27126	259	795	561
47	27464	219	802	566
48	27704	200	813	582
49	27943	219	834	571
50	28242	159	818	582
51	28421	259	824	575
52	29020	100	813	599
53	29139	100	807	572
54	29418	120	815	579
55	29578	159	815	589
56	29797	179	813	589
57	30595	179	824	595
58	30814	179	811	582
59	31013	120	822	592
60	31153	299	811	582
61	31631	100	798	567
62	31970	120	826	621
63	32489	100	3555	1692
64	35120	100	3792	2024
65	37951	120	3802	2011
66	49335	100	3013	1710
67	49654	120	953	679
68	49814	100	793	539
69	50811	140	798	634
70	50990	159	800	638
71	51209	160	794	646
72	51648	100	789	658
73	51768	120	790	654
74	52286	299	797	645
75	52625	159	792	645
76	52884	120	795	661
77	53024	100	803	656
78	53283	319	792	621
79	53821	140	803	586
80	54120	179	801	583
81	54419	239	804	574
82	54778	140	807	562
83	54938	140	809	578
84	55177	299	810	586
85	55516	199	820	582
86	56034	279	813	567
87	56533	259	813	572
88	56871	120	836	565
89	57011	219	824	560
90	57250	179	820	570
91	57490	199	832	564
92	57789	120	819	581
93	57928	239	805	561
94	58307	160	806	567
95	58486	100	801	575
96	58825	199	803	569
97	59104	120	808	576
98	59423	100	811	575
99	59543	100	803	588
100	59683	179	810	566
101	60161	119	829	571
102	60759	179	820	573
103	61058	319	813	574
104	61896	259	817	571
105	62374	159	806	577
106	62554	140	818	575
107	62893	120	807	565
108	63032	120	812	570
109	63271	339	810	580
110	63710	179	815	584
111	64029	439	819	590
112	64587	299	807	572
113	64906	159	809	569
114	65126	259	822	576
115	65484	239	821	596
116	65803	100	822	555
117	66023	239	823	560
118	66581	219	828	573
119	66860	139	836	584
120	67179	219	816	577
121	67518	279	826	585
122	67837	160	819	590
123	68016	139	821	597
124	69492	119	803	573
125	69631	160	817	605
126	69811	219	809	640
127	70050	159	817	629
128	70389	179	818	518
129	70688	120	826	552
130	71266	678	821	601
131	71984	120	821	590
132	72143	199	826	580
133	72363	219	822	579
134	72721	100	811	596
135	72841	339	808	570
136	73200	140	812	571
137	73359	139	811	569
138	73519	459	816	581
139	73997	100	817	592
140	74177	100	822	583
141	74296	279	824	588
142	74596	179	820	570
143	74795	937	822	563
144	75752	279	828	571
145	76131	718	824	562
146	76868	319	822	555
147	77227	120	819	546
148	77387	160	817	553
149	77686	1136	819	555
150	78842	140	822	555
151	79061	438	831	567
152	79679	100	825	556
153	79799	179	819	573
154	80018	100	823	568
155	80138	439	820	565
156	80597	199	819	563
157	80836	758	819	553
158	81613	179	835	558
159	81813	179	823	556
160	82371	359	820	554
161	82750	179	827	563
162	83009	179	824	580
163	83607	319	822	566
164	84923	140	807	603
165	85082	239	801	614
166	85561	259	812	575
167	85860	100	797	549
168	86039	179	802	573
169	86259	120	793	566
170	86617	239	802	559
171	86877	279	803	557
172	87355	100	819	571
173	87495	120	820	589
174	87774	140	827	595
175	88073	159	835	594
176	88252	160	818	581
177	88511	159	826	576
178	88691	179	826	563
179	89030	100	836	588
180	89229	379	829	570
181	89628	419	828	566
182	90106	239	829	576
183	90366	279	832	570
184	90665	120	834	570
185	90804	479	834	562
186	91402	180	831	576
187	91622	140	828	563
188	91781	179	828	555
189	91981	159	823	550
190	92359	199	835	599
191	92678	419	835	579
192	93117	299	836	582
193	93456	179	843	577
194	93675	120	841	568
195	93815	199	840	585
196	94034	259	835	577
197	94313	100	833	577
198	94632	120	834	579
199	94832	120	823	573
200	95131	379	826	565
201	95549	140	821	552
202	95709	239	823	567
203	95968	279	818	566
204	96446	140	825	581
205	96606	140	825	565
206	96765	339	821	565
207	97124	299	830	583
208	97443	100	839	563
209	97822	219	835	570
210	98380	339	842	583
211	98859	100	811	597
212	99058	159	829	582
213	99257	120	824	576
214	99656	239	815	571
215	100115	419	821	581
216	100553	458	826	582
217	101032	299	832	573
218	101391	120	818	569
219	101530	140	822	567
220	101770	678	817	580
221	102467	478	821	577
222	103026	199	833	587
223	103365	199	827	573
224	103584	379	832	571
225	104501	758	834	582
226	105298	219	834	571
227	105617	100	827	570
228	105757	538	833	583
229	106335	478	836	607
230	106854	239	833	586
231	107113	239	832	581
232	107511	239	826	588
233	107771	100	834	593
234	107890	100	840	588
235	108010	120	832	570
236	108149	219	837	592
237	108488	139	828	570
238	108708	618	826	579
239	109346	180	837	578
240	109545	179	834	594
241	109744	299	824	574
242	110083	478	828	576
243	110622	279	826	574
244	110921	558	830	573
245	111519	159	833	570
246	112097	140	830	584
247	112436	259	831	585
248	112735	498	829	578
249	113273	100	822	574
250	114011	160	2106	670
251	125554	219	781	661
252	125794	100	786	647
253	125973	458	787	654
254	126491	199	803	654
255	126930	160	807	630
256	127329	359	813	610
257	127807	120	829	624
258	127947	140	813	600
259	128106	100	823	611
260	128345	179	828	601
261	128704	199	827	613
262	128983	100	835	614
263	129602	498	822	579
264	130120	279	822	596
265	130519	140	831	575
266	130758	239	823	570
267	131037	120	827	576
268	131177	199	814	604
269	131416	279	821	573
270	131715	140	815	579
271	131874	100	825	563
272	131995	278	821	564
273	132313	498	829	572
274	132931	319	817	571
275	133430	100	823	576
276	133569	219	817	575
277	133888	179	814	569
278	134127	100	823	572
279	134267	199	826	587
280	134606	359	819	574
281	134985	339	819	568
282	135363	259	820	569
283	135722	100	822	582
284	135882	179	832	578
285	136081	120	828	557
286	136221	279	833	567
287	136520	299	838	582
288	136899	140	836	576
289	137257	219	842	571
290	137497	120	851	578
291	137636	259	848	572
292	138035	100	849	595
293	138154	100	851	593
294	138414	399	854	600
295	138972	219	829	573
296	139211	100	821	582
297	139331	319	821	571
298	139670	159	815	563
299	139849	359	826	567
300	140228	259	837	578
301	140726	239	841	606
302	141404	259	816	580
303	141683	120	824	573
304	141823	139	816	587
305	142162	160	836	543
306	142421	399	828	562
307	142860	100	820	563
308	142979	279	827	576
309	143338	259	829	579
310	143617	120	836	575
311	143956	140	824	593
312	144136	100	816	586
313	144255	100	806	558
314	144375	179	827	587
315	144574	239	828	602
316	144953	120	820	580
317	145093	159	822	570
318	145272	1336	815	576
319	146628	100	813	577
320	146907	160	818	578
321	147086	159	814	572
322	147764	120	814	575
323	147964	100	821	568
324	148083	219	821	566
325	148342	578	812	578
326	148960	199	825	583
327	149379	139	831	585
328	149538	179	824	571
329	149818	199	819	572
330	150117	159	829	583
331	150316	139	808	573
332	150476	100	819	583
333	150775	279	811	583
334	151074	239	821	588
335	151373	179	812	580
336	151712	179	817	590
337	151991	199	816	576
338	152250	140	811	573
339	152449	160	809	566
340	152709	159	797	562
341	152888	139	819	563
342	153227	219	814	569
343	153725	718	807	570
344	154623	100	820	595
345	154742	100	814	579
346	154941	279	808	586
347	155400	239	816	581
348	155659	199	810	580
349	155879	120	815	582
350	156118	139	812	570
351	156517	139	812	579
352	156776	160	822	535
353	156955	100	828	568
354	157174	140	805	567
355	157334	239	821	573
356	157593	478	820	581
357	158171	419	823	579
358	158610	638	821	577
359	159507	120	815	570
360	159726	100	808	576
361	159906	120	829	575
362	160105	279	809	576
363	160404	199	806	567
364	160623	718	817	570
365	161361	139	804	576
366	161521	100	821	590
367	161800	120	821	568
368	161939	199	814	576
369	162358	120	798	566
370	162517	100	802	567
371	162896	259	812	572
372	163215	478	809	579
373	163714	100	815	564
374	163933	299	825	578
375	164252	219	823	570
376	164491	139	833	577
377	164651	100	826	581
378	164770	140	834	577
379	165010	100	832	583
380	165149	140	837	596
381	165309	658	818	572
382	165987	279	819	562
383	166286	100	818	576
384	166525	159	812	572
385	166864	199	815	573
386	167302	319	814	560
387	167641	100	817	556
388	167761	100	817	546
389	167881	598	827	567
390	168519	299	822	561
391	169097	478	828	575
392	169635	399	827	594
393	170054	139	826	600
394	170233	100	837	594
395	170353	279	830	611
396	171050	140	825	655
397	171210	239	822	659
398	171569	100	836	573
399	171908	120	826	577
400	172147	139	816	569
401	172446	339	855	569
402	172805	140	806	583
403	173064	179	840	579
404	173283	120	810	577
405	173423	219	813	582
406	173662	419	813	595
407	174121	140	810	575
408	174280	100	805	571
409	174400	159	814	568
410	174599	100	814	565
411	174739	498	812	577
412	175536	439	816	570
413	175995	498	825	569
414	176832	160	822	571
415	177311	100	811	571
416	177430	140	814	571
417	177729	199	818	575
418	177949	100	820	570
419	178168	219	819	566
420	178467	120	818	571
421	178627	120	818	585
422	178886	538	819	577
423	179504	299	824	575
424	179982	219	800	569
425	180261	120	797	576
426	180501	120	803	571
427	180640	359	819	577
428	181019	199	829	583
429	181238	100	826	574
430	181418	100	825	569
431	181537	160	825	588
432	181717	718	816	586
433	182654	159	822	592
434	183192	100	829	577
435	183372	120	823	579
436	183571	120	833	595
437	184049	239	830	584
438	184309	319	825	593
439	184648	199	823	583
440	185086	598	823	604
441	185724	159	828	582
442	185904	100	811	574
443	186203	259	814	580
444	186482	120	807	617
445	186621	100	813	601
446	186821	159	812	604
447	187060	100	837	586
448	187499	738	808	581
449	188336	140	819	572
450	188495	179	823	595
451	188695	100	822	595
452	189413	179	806	583
453	189632	399	821	592
454	190050	1037	826	593
455	191167	120	822	593
456	191306	120	817	596
457	191446	179	812	595
458	191645	100	815	574
459	191845	219	823	579
460	192224	120	815	574
461	192383	239	815	590
462	192682	219	821	589
463	192981	299	820	588
464	193400	139	817	564
465	193559	339	828	577
466	193958	339	828	575
467	194317	120	831	579
468	194496	139	833	575
469	194656	279	824	577
470	195095	199	817	568
471	195453	159	807	585
472	195832	199	818	579
473	196071	359	808	573
474	196610	100	808	572
475	196749	279	812	557
476	197088	299	808	571
477	197607	339	815	589
478	197985	100	815	586
479	198504	120	792	569
480	198643	199	810	575
481	198883	180	816	584
482	199899	100	817	633
483	200059	120	813	631
484	200836	160	815	580
485	201155	159	792	572
486	201434	100	816	577
487	201574	180	816	572
488	201773	140	814	581
489	201933	120	819	583
490	202072	359	821	591
491	202451	100	823	585
492	202571	140	820	583
493	202730	299	810	591
494	203049	159	814	577
495	203249	100	810	585
496	203368	159	813	579
497	203667	219	818	587
498	204026	239	800	576
499	204764	458	809	582
500	205242	120	812	568
501	205382	618	818	573
502	206020	100	825	585
503	206140	219	819	585
504	206379	279	815	578
505	206718	339	809	571
506	207316	140	804	558
507	207595	199	806	559
508	207814	120	799	561
509	207954	319	812	566
510	208412	140	805	552
511	208572	160	808	572
512	208751	299	824	580
513	209110	140	807	579
514	209389	179	812	576
515	209589	140	814	573
516	209768	179	806	565
517	210067	199	809	568
518	210326	140	806	570
519	210605	399	805	568
520	211024	159	801	573
521	211323	419	805	567
522	211822	219	805	565
523	212141	100	789	562
524	212260	139	786	557
525	212619	140	791	563
526	212779	100	798	549
527	212898	180	803	575
528	213098	180	807	565
529	213317	119	806	575
530	213576	219	802	573
531	214134	199	825	631
532	214513	100	1850	829
533	214772	160	811	642
534	215709	100	804	667
535	215949	219	1108	1253
536	216427	140	1318	1246
537	216607	438	1395	1247
538	217065	120	1389	1261
539	217723	120	1589	1090
540	217902	319	1250	1249
541	218620	339	793	652
542	219139	179	809	610
543	220076	179	805	659
544	220713	100	795	635
545	220833	100	807	666
546	220953	100	795	675
547	221232	120	783	660
548	221371	120	781	656
549	221650	279	773	657
550	221950	140	774	654
551	229645	219	2364	835
552	243362	140	795	650
553	244478	219	794	676
554	244817	139	805	675
555	245017	299	820	636
556	245395	239	809	618
557	245774	140	811	621
558	246273	120	812	600
559	246552	199	811	611
560	246990	379	815	613
561	247489	160	810	615
562	247668	159	810	600
563	247928	219	806	588
564	248167	140	812	594
565	248406	120	804	604
566	248546	179	804	590
567	248745	100	807	607
568	248904	140	816	599
569	249203	120	824	599
570	249522	140	814	588
571	249941	199	812	591
572	250180	100	813	607
573	250340	259	818	605
574	250639	399	818	588
575	251117	120	809	568
576	251396	199	809	571
577	251715	120	812	564
578	251875	259	815	563
579	252254	100	807	590
580	252373	180	813	570
581	252633	120	818	589
582	252932	439	816	596
583	254088	159	827	583
584	254267	239	833	575
585	254566	359	823	575
586	254945	498	828	564
587	255563	299	831	567
588	255882	319	836	568
589	256441	140	836	567
590	256640	319	832	575
591	257138	159	836	562
592	257657	120	816	564
593	257796	219	823	578
594	258095	100	825	583
595	258235	140	827	590
596	258494	140	821	571
597	258773	100	823	604
598	258953	199	818	623
599	259172	159	816	635
600	259351	877	811	619
601	260249	498	821	648
602	260926	259	811	643
603	261206	199	825	650
604	262083	120	423	2644
605	263060	359	821	660
606	263757	159	803	581
607	264216	100	836	605
608	264336	140	821	609
609	264595	140	821	598
610	264854	259	821	585
611	265133	279	818	584
612	265512	199	820	598
613	265791	199	820	590
614	266010	120	821	584
615	266230	140	816	581
616	266549	239	821	578
617	266987	120	831	576
618	267127	279	834	584
619	267665	159	801	565
620	267864	120	823	571
621	268064	399	831	571
622	268522	159	837	580
623	268782	120	832	579
624	268921	160	841	602
625	269101	199	841	574
626	269320	239	837	569
627	269599	339	843	593
628	269958	100	842	591
629	270117	638	839	579
630	270775	299	838	574
631	271194	977	838	573
632	272191	139	842	570
633	272530	618	844	585
634	273188	339	845	587
635	273666	140	833	581
636	273826	458	836	561
637	274304	100	835	580
638	274503	159	837	572
639	274683	319	840	565
640	275022	299	844	562
641	275401	598	834	564
642	276218	299	818	585
643	276537	120	827	604
644	276677	100	821	604
645	277255	160	834	615
646	277434	100	823	586
647	277594	239	811	568
648	277873	100	819	581
649	278012	339	819	586
650	278371	239	823	585
651	278690	219	824	582
652	278929	159	831	581
653	279229	259	825	574
654	279607	259	828	577
655	279966	219	819	576
656	280365	160	810	553
657	280544	179	822	569
658	280843	698	825	572
659	281561	179	827	566
660	281760	120	827	571
661	281960	239	819	578
662	282219	179	824	587
663	282418	219	826	582
664	282678	100	831	585
665	282837	359	827	580
666	283216	120	828	583
667	283356	100	825	572
668	283495	100	825	585
669	283734	578	823	581
670	284492	139	838	555
671	284731	259	822	582
672	285090	160	820	578
673	285269	120	834	579
674	285489	159	820	566
675	285768	100	815	553
676	286067	199	819	569
677	286346	199	823	569
678	286565	100	825	566
679	286705	319	822	582
680	287562	140	800	579
681	288260	319	830	588
682	288599	140	825	573
683	288778	339	827	583
684	289197	479	821	585
685	289715	120	800	572
686	289875	239	795	569
687	290134	100	799	562
688	290373	100	818	575
689	290493	140	817	572
690	290692	100	800	580
691	290912	120	816	589
692	291051	160	816	577
693	291231	199	819	571
694	291530	200	828	583
695	297451	120	1902	483
696	297630	120	1889	508
697	298288	140	798	627
698	298627	120	794	648
699	299165	159	1789	390
700	299744	159	1898	230
701	302256	120	3029	1625
702	303631	100	3037	1719
703	307280	179	2999	1719
704	307978	219	2167	988
705	308356	139	2223	979
706	311048	139	1027	1456
707	314038	199	810	634
708	314337	120	815	646
709	314696	140	834	658
710	314856	140	830	647
711	315135	478	816	683
712	315653	139	811	668
713	315853	199	798	626
714	316072	179	800	613
715	316271	199	807	594
716	316491	199	818	576
717	316909	160	815	586
718	317268	160	818	578
719	317547	279	823	568
720	317846	179	821	578
721	318066	100	815	567
722	318245	120	827	566
723	318504	139	818	572
724	318684	119	817	561
725	319501	100	811	558
726	319621	558	815	565
727	320418	359	817	563
728	320937	199	811	563
729	321196	339	820	564
730	321634	239	819	560
731	321914	279	817	559
732	322312	199	818	545
733	322532	239	810	550
734	322791	139	806	551
735	322970	100	807	536
736	323110	140	796	551
737	323269	279	812	568
738	323568	1057	817	554
739	324904	399	822	544
740	325343	299	821	559
741	325881	160	822	546
742	326060	140	826	549
743	326240	518	828	555
744	326997	359	821	564
745	327476	179	828	549
746	327715	160	830	547
747	327895	140	825	551
748	328074	100	826	555
749	328194	379	828	542
750	328592	100	834	556
751	329071	120	824	580
752	329310	100	811	611
753	330028	339	780	615
754	330606	219	812	596
755	330945	259	801	579
756	331364	179	799	577
757	331563	159	815	586
758	332380	239	815	603
759	332680	100	820	582
760	333258	100	812	588
761	333377	179	803	588
762	333916	299	809	579
763	334254	179	803	570
764	334613	160	797	575
765	335271	419	810	586
766	335909	199	816	583
767	336288	179	815	596
768	336587	199	803	598
769	336906	120	804	595
770	337066	120	819	593
771	337365	219	815	575
772	337604	219	822	565
773	337843	120	827	583
774	337983	160	826	585
775	338182	319	824	579
776	338521	758	826	582
777	339299	518	820	580
778	339837	419	819	584
779	340375	339	822	588
780	340894	478	826	573
781	341472	558	818	577
782	342050	379	812	572
783	342488	199	819	577
784	342808	279	810	576
785	343106	160	819	565
786	343366	239	818	582
787	343645	120	812	565
788	344761	199	808	587
789	345000	179	812	606
790	345638	120	818	603
791	345778	100	822	589
792	345898	259	808	570
793	346217	120	814	576
794	346396	299	814	584
795	346795	259	818	579
796	347074	100	825	593
797	347194	419	825	575
798	347692	120	839	572
799	347852	319	834	563
800	348330	120	823	566
801	348489	319	823	565
802	348828	259	814	553
803	349167	100	821	543
804	349486	279	826	567
805	349785	179	824	575
806	350005	160	825	580
807	350184	339	825	581
808	350663	219	830	572
809	350922	498	830	582
810	351540	219	831	572
811	351779	319	829	582
812	352417	718	840	588
813	353175	399	844	596
814	353852	120	847	604
815	353992	160	849	621
816	354192	458	851	632
817	354989	259	853	594
818	355448	479	853	601
819	355946	359	856	609
820	356404	100	831	577
821	356624	179	832	591
822	356823	399	831	571
823	357302	279	824	572
824	357680	199	832	576
825	358079	159	827	576
826	358318	319	829	578
827	358697	100	836	572
828	358917	239	839	600
829	359176	199	838	606
830	359395	538	832	581
831	359953	498	830	582
832	360472	120	830	587
833	360711	120	825	573
834	360870	498	823	576
835	361389	259	835	588
836	361748	140	841	583
837	361907	199	833	579
838	362326	159	817	618
839	362625	120	812	595
840	362864	100	814	596
841	362984	140	817	583
842	363143	140	816	586
843	363602	698	816	568
844	364319	140	825	586
845	364479	179	823	583
846	364678	339	825	588
847	365197	239	832	597
848	365516	259	820	615
849	365795	279	814	581
850	366114	179	825	573
851	366313	498	819	580
852	366831	658	831	581
853	367509	100	841	592
854	367629	259	835	584
855	367908	100	841	580
856	368048	100	839	587
857	368686	120	842	607
858	368845	100	839	593
859	368965	100	836	600
860	369084	279	829	593
861	369463	319	824	596
862	370161	180	841	605
863	370639	339	837	605
864	371198	299	831	615
865	371577	159	824	628
866	371776	140	825	630
867	371995	498	833	626
868	372533	219	827	602
869	372892	439	835	609
870	373351	239	828	644
871	373670	299	828	639
872	373989	140	832	609
873	374308	120	825	608
874	374487	379	835	597
875	374886	219	836	607
876	375165	279	835	598
877	375464	239	842	607
878	375823	119	845	621
879	375983	618	830	622
880	376760	100	840	597
881	377079	120	846	616
882	377258	199	845	603
883	377478	120	838	615
884	377617	120	838	617
885	377757	139	840	611
886	377916	259	837	605
887	378395	140	814	596
888	378594	239	818	598
889	378853	120	815	589
890	378993	120	821	586
891	379212	100	818	598
892	379511	140	827	609
893	379671	159	823	607
894	379910	179	816	578
895	380349	179	815	586
896	380548	120	812	591
897	380708	120	830	582
898	380987	439	834	597
899	381724	219	848	606
900	382183	100	837	610
901	382323	678	832	602
902	383080	140	824	608
903	383240	100	807	595
904	383399	179	813	573
905	383598	219	816	572
906	383838	100	817	575
907	384037	319	816	571
908	385034	119	819	569
909	385313	319	820	564
910	385672	259	822	554
911	386290	239	795	556
912	386549	120	804	563
913	386788	319	821	562
914	387127	139	816	562
915	387446	179	830	575
916	387646	199	822	570
917	387865	199	832	590
918	388084	199	823	605
919	388503	120	825	623
920	388942	239	820	621
921	389221	140	812	627
922	389879	140	814	604
923	390257	159	830	578
924	390895	120	813	524
925	391035	239	826	550
926	391294	120	825	570
927	391434	797	820	561
928	392271	100	814	564
929	392391	239	811	557
930	392670	658	815	578
931	393348	179	818	574
932	393706	399	817	577
933	394404	259	815	565
934	394703	299	816	568
935	395022	259	813	571
936	395381	558	818	562
937	396238	159	812	552
938	396498	339	820	583
939	396876	339	822	571
940	397235	439	823	568
941	397774	638	813	582
942	398770	120	812	558
943	399608	159	814	569
944	399987	319	820	574
945	400326	339	819	579
946	400744	100	825	580
947	401023	160	815	567
948	401283	219	815	582
949	401522	259	815	584
950	401801	160	820	577
951	401980	120	798	563
952	402180	140	816	572
953	402339	179	796	561
954	403177	419	798	600
955	403874	179	806	587
956	404173	140	810	601
957	404572	179	809	576
958	404772	219	811	577
959	405110	279	812	578
960	405449	199	816	580
961	405689	100	815	579
962	405928	179	825	568
963	406147	219	821	576
964	406566	459	803	577
965	407184	120	807	561
966	407324	179	810	563
967	407523	239	808	573
968	407782	219	804	578
969	408260	538	803	573
970	409018	100	792	585
971	409158	319	803	576
972	409536	259	802	574
973	409816	219	806	582
974	410174	279	811	573
975	410733	179	824	577
976	410992	119	816	573
977	411131	379	808	566
978	411530	120	808	561
979	411690	100	820	553
980	411809	199	815	573
981	412088	359	812	588
982	412507	339	813	579
983	412866	179	815	587
984	413125	219	818	593
985	413524	339	818	570
986	413883	199	812	575
987	414102	159	820	575
988	414401	239	821	567
989	414740	139	830	570
990	414900	279	830	578
991	415198	359	832	573
992	415577	120	833	573
993	415717	459	835	570
994	416215	279	835	571
995	416534	379	817	568
996	416933	179	820	565
997	417152	299	825	571
998	417531	120	830	614
999	418269	160	841	630
1000	418468	100	833	606
1001	418588	140	821	621
1002	419066	179	826	592
1003	419266	259	819	579
1004	419585	279	802	578
1005	419944	538	822	586
1006	420502	458	818	595
1007	420980	419	823	599
1008	421459	259	818	586
1009	421738	140	818	589
1010	422117	478	814	586
1011	422715	100	818	575
1012	422834	140	807	577
1013	423014	219	810	585
1014	423353	179	807	576
1015	423552	239	812	585
1016	423831	239	812	585
1017	424110	100	809	578
1018	424250	419	810	584
1019	424768	259	815	578
1020	425087	120	823	589
1021	425247	199	808	580
1022	425646	120	806	587
1023	425885	279	821	581
1024	426184	239	825	587
1025	426463	139	813	583
1026	426622	199	822	591
1027	426862	159	822	573
1028	427141	159	824	595
1029	427580	458	825	592
1030	428158	140	815	583
1031	428317	458	813	578
1032	428815	180	819	577
1033	429035	279	821	599
1034	429354	419	806	581
1035	429812	319	816	600
1036	430211	160	822	594
1037	430391	120	828	603
1038	430590	179	819	599
1039	430829	478	811	604
1040	431447	419	814	585
1041	432643	120	801	586
1042	432863	100	825	583
1043	433202	139	830	590
1044	433361	199	814	575
1045	433620	120	811	579
1046	434159	299	812	593
1047	434498	140	804	592
1048	434657	140	815	604
1049	434836	319	813	611
1050	435195	638	812	613
1051	435873	179	827	596
1052	436072	419	822	583
1053	436691	239	811	587
1054	437010	140	815	595
1055	437249	179	812	583
1056	437568	159	819	576
1057	437747	120	815	588
1058	437887	458	821	587
1059	438684	379	831	591
1060	439083	299	822	577
1061	439402	120	826	584
1062	439581	359	830	583
1063	440040	100	829	599
1064	440259	120	817	585
1065	440439	160	808	581
1066	440638	139	808	577
1067	440917	199	808	564
1068	441137	339	811	574
1069	441814	120	812	557
1070	441954	618	819	569
1071	442612	279	818	573
1072	442971	179	818	579
1073	443190	598	822	584
1074	443868	219	814	575
1075	444147	100	816	574
1076	444267	199	819	570
1077	444646	279	816	579
1078	444944	479	811	580
1079	445443	518	816	587
1080	446220	120	809	561
1081	446360	299	819	574
1082	447915	160	824	579
1083	448095	259	816	573
1084	448493	239	818	568
1085	448752	518	822	574
1086	449430	279	821	561
1087	449729	199	830	584
1088	449969	179	838	589
1089	450367	180	828	579
1090	450646	239	811	585
1091	450906	179	818	574
1092	451105	239	819	577
1093	451524	120	820	605
1094	451683	179	829	610
1095	451883	100	828	596
1096	452002	399	822	592
1097	452441	160	826	579
1098	452640	339	835	570
1099	453019	259	844	574
1100	453298	359	842	583
1101	453996	139	835	586
1102	454175	160	828	587
1103	454594	359	810	589
1104	455212	199	815	595
1105	455551	339	823	605
1106	456109	100	819	602
1107	456289	100	905	487
1108	456548	139	817	574
1109	456707	140	812	576
1110	456986	240	809	607
1111	457266	199	819	587
1112	457684	159	814	613
1113	457884	159	824	601
1114	458262	179	817	591
1115	458462	140	809	592
1116	458621	299	813	575
1117	458940	319	820	580
1118	459279	199	828	577
1119	459518	179	821	573
1120	459937	399	821	581
1121	460356	239	813	578
1122	460615	439	810	587
1123	461093	259	816	614
1124	461373	159	808	615
1125	461572	140	809	619
1126	462250	120	787	664
1127	462389	120	794	656
1128	462708	259	814	611
1129	463067	419	810	592
1130	463506	279	819	583
1131	463984	359	807	581
1132	464423	279	807	582
1133	464722	140	810	573
1134	464882	458	811	587
1135	465898	100	805	575
1136	466098	100	818	585
1137	466217	279	814	584
1138	466596	120	818	577
1139	466736	199	815	585
1140	466955	518	810	582
1141	467613	199	821	580
1142	467892	199	822	591
1143	468510	100	828	577
1144	468649	160	823	578
1145	468829	159	825	584
1146	469008	100	839	600
1147	469128	199	824	593
1148	469347	100	827	589
1149	469467	339	827	599
1150	469826	359	824	590
1151	470205	279	826	593
1152	470504	160	832	591
1153	470683	120	830	592
1154	470883	219	838	593
1155	471122	538	830	594
1156	471939	259	824	578
1157	472218	299	808	579
1158	472577	319	818	583
1159	473155	120	828	569
1160	473295	120	827	565
1161	473474	179	816	576
1162	473773	100	816	569
1163	473893	179	822	580
1164	474092	339	828	586
1165	474451	100	819	579
1166	474730	439	827	585
1167	475348	160	827	564
1168	475628	199	818	575
1169	475947	139	816	579
1170	476106	419	816	587
1171	476545	159	832	585
1172	476824	139	826	619
1173	477163	598	822	645
1174	477781	199	821	595
1175	478040	100	832	583
1176	478239	120	827	577
1177	478558	239	824	567
1178	478857	239	814	574
1179	479475	279	816	565
1180	479894	399	825	577
1181	480313	100	824	580
1182	480552	159	811	572
1183	480731	100	813	567
1184	481130	120	805	612
1185	481270	299	809	586
1186	481828	139	812	584
1187	482207	219	802	561
1188	482446	120	813	577
1189	482785	259	813	581
1190	483064	100	805	580
1191	483204	120	811	582
1192	483343	239	820	582
1193	483602	299	812	585
1194	483941	518	818	594
1195	484978	120	811	570
1196	485217	439	823	588
1197	485855	419	820	584
1198	486294	120	820	579
1199	486473	199	816	573
1200	486932	140	806	580
1201	487151	100	819	579
1202	487650	120	802	593
1203	487789	299	818	588
1204	488367	239	826	581
1205	488826	718	827	579
1206	489743	159	828	570
1207	490181	279	821	573
1208	490919	259	827	604
1209	491378	140	825	620
1210	491657	120	822	603
1211	491876	399	814	594
1212	492295	199	815	596
1213	493152	159	820	597
1214	493332	179	817	585
1215	493810	160	817	594
1216	493989	160	821	587
1217	494169	120	821	586
1218	494388	100	819	607
1219	494508	219	823	595
1220	494807	159	820	595
1221	495046	299	823	592
1222	495385	498	812	577
1223	496023	140	826	588
1224	496183	120	820	581
1225	496322	120	823	581
1226	496581	239	830	589
1227	496880	140	829	589
1228	497080	100	819	584
1229	497199	140	822	573
1230	497419	279	828	575
1231	497738	438	819	576
1232	498336	179	818	573
1233	498635	179	831	579
1234	498834	439	819	572
1235	499392	100	826	571
1236	499532	120	832	589
1237	499711	219	834	589
1238	499951	100	836	594
1239	500070	478	831	584
1240	500589	239	826	569
1241	500888	160	807	579
1242	501087	179	816	567
1243	501526	239	811	562
1244	501865	159	827	568
1245	502064	199	826	565
1246	502283	618	821	569
1247	502981	239	827	577
1248	503260	160	826	574
1249	503699	379	824	571
1250	504237	738	820	571
1251	505134	279	843	582
1252	505473	319	823	575
1253	506011	518	814	567
1254	506570	159	825	581
1255	506769	100	823	566
1256	506889	140	826	557
1257	507048	299	829	564
1258	507387	140	836	579
1259	507547	359	837	578
1260	507925	379	838	574
1261	508524	199	835	559
1262	508743	140	830	563
1263	508942	638	820	564
1264	509720	120	826	573
1265	509939	159	828	569
1266	510118	179	833	564
1267	510318	239	836	571
1268	510577	618	831	568
1269	511215	140	836	571
1270	511454	100	825	574
1271	511614	379	826	569
1272	512072	817	823	568
1273	512910	299	823	574
1274	513408	678	829	583
1275	514285	299	809	568
1276	514943	339	812	561
1277	515302	239	820	572
1278	515581	319	826	580
1279	515920	159	822	581
1280	516478	199	825	568
1281	516917	359	831	581
1282	517296	339	833	583
1283	517674	279	831	583
1284	517974	259	830	574
1285	518312	199	829	571
1286	518532	219	811	575
1287	518831	239	815	562
1288	519090	239	816	550
1289	519369	239	817	568
1290	519628	319	825	565
1291	519987	199	827	593
1292	520207	100	821	593
1293	520326	120	811	592
1294	520486	419	817	578
1295	520944	140	828	567
1296	521164	279	828	571
1297	521463	199	827	561
1298	521901	379	814	557
1299	522320	140	816	569
1300	522479	259	823	559
1301	522878	279	818	561
1302	523177	219	824	551
1303	523616	159	816	566
1304	523995	279	823	575
1305	524393	120	824	562
1306	524692	219	830	568
1307	524932	319	820	556
1308	525271	399	822	566
1309	525749	199	827	565
1310	526028	159	820	565
1311	526208	219	816	574
1312	526546	219	818	570
1313	526866	259	828	566
1314	527204	100	825	564
1315	527324	219	820	560
1316	527643	179	804	560
1317	527862	239	814	556
1318	528122	319	817	543
1319	528540	160	825	554
1320	528720	259	824	553
1321	528999	439	823	564
1322	529457	219	824	560
1323	529876	139	828	552
1324	530195	259	830	551
1325	530773	658	821	554
1326	531471	199	821	566
1327	532129	120	822	556
1328	532268	458	826	553
1329	532767	141	831	557
1330	532926	100	829	568
1331	533166	140	816	564
1332	533325	239	819	564
1333	533624	279	822	558
1334	534142	219	825	565
1335	534780	339	826	547
1336	535139	119	830	556
1337	535299	159	818	554
1338	535638	259	822	553
1339	535917	319	821	544
1340	536256	120	824	547
1341	536515	140	822	547
1342	536774	199	839	535
1343	537133	159	824	551
1344	537312	279	824	553
1345	537671	159	819	565
1346	537990	219	830	559
1347	538309	179	831	562
1348	538548	259	809	538
1349	539147	199	834	541
1350	539386	100	828	541
1351	539765	239	818	542
1352	540064	558	817	553
1353	540642	139	814	555
1354	540801	239	813	570
1355	541140	379	820	576
1356	541539	100	813	562
1357	541679	279	816	559
1358	542037	319	824	563
1359	542376	120	820	569
1360	542516	219	813	559
1361	542795	499	821	565
1362	543333	239	823	543
1363	543593	478	809	545
1364	544091	339	812	545
1365	544450	399	810	553
1366	544869	100	820	554
1367	545008	140	819	563
1368	545168	478	818	560
1369	545666	120	820	556
1370	647424	120	799	675
1371	647763	180	812	686
1372	648062	139	803	683
1373	648381	140	806	632
1374	648600	159	803	637
1375	649119	160	808	616
1376	649956	159	796	624
1377	650196	159	807	617
1378	650594	179	806	616
1379	650993	100	802	624
1380	651212	179	811	591
1381	651432	120	801	597
1382	651631	100	805	598
1383	651751	140	800	593
1384	652369	100	812	606
1385	652528	239	810	596
1386	652867	199	811	595
1387	653106	299	809	600
1388	653445	160	812	599
1389	654582	100	807	578
1390	654701	159	800	594
1391	654921	259	816	585
1392	655240	100	806	594
1393	655439	199	812	594
1394	655678	199	822	586
1395	656057	100	815	582
1396	656197	159	810	605
1397	656575	219	817	595
1398	656934	199	810	591
1399	657154	100	804	571
1400	657512	239	804	584
1401	658031	120	810	579
1402	659008	180	817	591
1403	659546	100	822	609
1404	659985	120	804	606
1405	660264	100	813	587
1406	660503	140	815	589
1407	660762	100	810	608
1408	660962	159	817	617
1409	661141	159	824	620
1410	661320	100	823	608
1411	661480	100	795	613
1412	661779	120	809	577
1413	662377	339	814	571
1414	663174	179	804	557
1415	663474	179	815	578
1416	663693	120	825	601
1417	663832	120	816	608
1418	664470	180	808	572
1419	664670	120	817	556
1420	664809	140	811	561
1421	665348	299	814	579
1422	665826	598	809	580
1423	666604	239	824	587
1424	666863	100	822	611
1425	666982	159	827	612
1426	667162	179	832	599
1427	667561	319	804	588
1428	668039	279	819	569
1429	668418	140	819	567
1430	668597	100	796	579
1431	668856	140	804	572
1432	669016	239	804	567
1433	669435	100	806	565
1434	669554	100	802	591
1435	669674	140	811	583
1436	669953	239	809	580
1437	670432	219	813	572
1438	670691	139	819	562
1439	670850	259	820	575
1440	671209	159	809	565
1441	671389	598	810	569
1442	672226	279	815	576
1443	672545	199	815	588
1444	672764	259	804	584
1445	673063	339	809	594
1446	673562	259	810	586
1447	674160	199	826	580
1448	674399	180	821	594
1449	674598	239	820	587
1450	675137	120	829	590
1451	675296	119	818	592
1452	675615	120	830	580
1453	675914	498	819	586
1454	676453	139	815	582
1455	676712	239	808	583
1456	677130	120	799	576
1457	677270	199	800	588
1458	677589	319	817	587
1459	678167	359	820	585
1460	678745	120	800	581
1461	679164	179	807	592
1462	679383	279	801	584
1463	679682	120	805	578
1464	679862	379	801	586
1465	680360	199	797	581
1466	680659	299	801	591
1467	680998	120	808	572
1468	681237	100	809	580
1469	681736	100	818	563
1470	681855	100	807	552
1471	682095	319	807	562
1472	682633	160	802	570
1473	682812	239	805	591
1474	683151	199	805	590
1475	683371	279	809	592
1476	683670	139	809	593
1477	683829	119	816	599
1478	683969	359	829	590
1479	684667	119	806	595
1480	685025	160	815	586
1481	685205	120	807	580
1482	685484	199	814	571
1483	686461	140	810	566
1484	686660	179	817	577
1485	686959	100	804	570
1486	687119	139	819	581
1487	687278	160	816	574
1488	687737	239	808	589
