Data properties:
 
Recording date: 9/22/2008
Recording time : 14:32:54:059 (corresponds to time 0)
Study: SD Experiment
Subject: LM
Recording: LM5
Screen resolution: 1600 x 1200
Coordinate unit: Pixels
 
 
Filter settings:
 
Eye: Average
Validity level: Normal
Fixation radius: 30
Min duration: 100
 
Fix number	Timestamp	Duration	GazepointX	GazepointY
 
1	2562	100	1122	861
2	2781	100	753	511
3	2920	159	784	599
4	3100	100	778	600
5	3259	140	781	615
6	4615	100	794	581
7	4894	100	688	499
8	5014	179	781	567
9	5273	139	788	573
10	5432	239	781	591
11	5692	359	788	614
12	6270	179	1020	750
13	9161	259	772	564
14	9440	100	781	584
15	9679	100	799	590
16	10377	100	787	637
17	10636	120	782	648
18	10776	319	790	644
19	11194	279	787	616
20	11693	279	790	595
21	12012	159	793	613
22	12231	199	792	612
23	12450	140	778	626
24	12669	239	776	627
25	13248	120	770	616
26	13447	478	785	617
27	13985	100	782	621
28	14304	120	792	611
29	14643	100	773	624
30	14843	199	775	603
31	15062	180	780	594
32	15341	100	792	556
33	15481	279	784	563
34	16059	120	794	553
35	16298	459	800	549
36	16876	160	806	551
37	17076	100	806	557
38	17255	120	802	553
39	17594	299	802	586
40	18252	259	799	577
41	18950	120	792	542
42	19189	219	808	571
43	19468	159	795	553
44	19667	140	792	548
45	19947	159	799	548
46	20126	339	802	563
47	20584	199	792	548
48	20804	199	799	562
49	21222	159	809	576
50	21442	359	814	571
51	21880	219	798	570
52	22179	120	804	557
53	22339	139	796	552
54	22498	139	795	552
55	22937	199	805	565
56	23595	120	785	555
57	23754	120	793	549
58	23954	180	790	556
59	24153	160	793	555
60	24392	558	794	558
61	25250	139	799	574
62	25409	160	794	567
63	25589	239	796	569
64	26087	179	784	554
65	26286	120	787	539
66	26426	339	791	542
67	26785	140	792	546
68	27084	319	802	553
69	27821	100	804	551
70	28001	120	805	551
71	28140	299	808	558
72	28579	100	810	550
73	28699	199	800	536
74	28918	339	800	536
75	29277	100	795	556
76	29696	140	526	2173
77	29875	199	848	2499
78	31071	199	812	595
79	31330	140	816	597
80	31649	259	806	607
81	32606	279	803	551
82	32985	239	792	551
83	33623	100	798	554
84	33783	618	803	563
85	34421	140	798	567
86	34720	319	793	558
87	35059	199	795	575
88	35278	139	792	567
89	35577	159	794	555
90	35776	219	788	561
91	36275	100	787	567
92	36394	179	788	554
93	36753	219	801	561
94	36993	279	794	562
95	37292	139	795	570
96	37451	239	799	571
97	37730	239	796	556
98	38587	120	793	571
99	39026	160	792	536
100	39285	120	787	541
101	39644	100	794	536
102	39923	219	791	541
103	40322	100	785	548
104	40442	120	797	554
105	40741	140	789	552
106	41060	120	790	564
107	41299	219	799	557
108	41817	199	790	542
109	42555	180	797	559
110	42754	120	800	552
111	42914	239	790	557
112	43193	120	794	548
113	43352	120	799	545
114	43492	199	801	557
115	43791	219	793	566
116	44110	259	800	563
117	44409	199	798	556
118	44628	100	791	569
119	45127	120	816	555
120	45266	159	797	559
121	45446	120	809	562
122	45645	140	804	534
123	46383	279	809	579
124	46762	140	807	567
125	46961	180	780	554
126	47180	179	810	542
127	47439	159	784	547
128	47619	179	792	545
129	47998	179	790	545
130	48197	179	791	565
131	48715	100	820	537
132	48835	259	826	535
133	49134	159	819	553
134	49314	139	803	565
135	49593	199	796	550
136	49852	140	798	554
137	50330	120	802	547
138	50490	100	792	552
139	50629	179	794	545
140	50829	279	792	550
141	51128	179	785	554
142	51507	179	786	563
143	51706	139	791	544
144	51925	279	791	552
145	52224	479	798	567
146	52802	100	802	567
147	53042	100	830	567
148	53261	359	808	568
149	53819	100	795	539
150	53979	279	795	547
151	54278	319	800	540
152	54696	239	798	542
153	54956	179	799	538
154	55155	159	793	546
155	55354	100	801	552
156	55614	179	812	563
157	55813	199	811	576
158	56032	239	804	584
159	56291	120	815	588
160	56431	638	806	588
161	57089	140	805	578
162	57388	159	2050	593
163	57747	119	2279	896
164	58245	120	2418	588
165	58584	239	812	552
166	59262	159	808	542
167	59621	100	825	565
168	59860	140	779	547
169	60020	120	806	554
170	60159	100	806	565
171	60478	179	811	541
172	60677	199	812	547
173	60957	279	816	560
174	61256	179	811	562
175	61515	479	816	558
176	62292	359	814	570
177	62910	180	803	566
178	63229	239	811	561
179	63489	140	811	554
180	63648	179	807	567
181	63867	199	805	550
182	64625	120	1967	1187
183	65861	100	2665	2332
184	66200	119	2664	2337
185	67137	199	2847	1168
186	68234	159	1797	679
187	68413	100	1785	530
188	68533	139	1790	536
189	69549	239	1790	319
190	70427	199	1918	-246
191	70646	140	2016	-426
192	72002	199	1284	-249
193	72221	259	1260	-224
194	72580	120	1133	-321
195	72759	140	1080	-314
196	73118	159	1611	-77
197	73417	120	2104	-364
198	73856	100	2141	-321
199	74294	120	1864	145
200	74613	100	1823	43
201	74892	100	1862	24
202	75251	159	2007	56
203	75511	139	2078	249
204	75790	100	2162	-29
205	76627	120	815	563
206	76767	139	810	558
207	77424	120	179	1272
208	77584	179	206	1300
209	77783	119	209	1306
210	77923	179	209	1250
211	78541	100	832	650
212	78980	120	415	975
213	79159	179	328	1014
214	79378	140	297	932
215	79558	120	322	838
216	79976	339	814	616
217	80554	100	814	579
218	80694	299	813	623
219	81013	299	800	609
220	81850	179	778	600
221	82050	219	777	609
222	82289	160	777	606
223	82488	100	783	614
224	82967	239	794	598
225	83226	140	805	606
226	83425	219	806	608
227	83744	120	811	611
228	83884	120	815	633
229	84043	618	797	632
230	84682	160	794	617
231	84881	100	797	602
232	85100	100	787	574
233	85339	299	791	562
234	85658	199	788	553
235	85878	100	804	546
236	86117	199	800	550
237	86336	100	801	550
238	86496	259	800	547
239	86875	359	803	543
240	87253	100	809	537
241	87373	179	803	537
242	87572	179	805	544
243	87851	139	802	542
244	88031	120	838	553
245	88210	159	806	543
246	88549	139	809	535
247	88709	319	808	554
248	89068	120	809	546
249	89307	219	802	556
250	89546	478	809	559
251	90104	120	814	552
252	90244	279	818	548
253	90682	120	806	538
254	90942	160	816	544
255	91181	837	801	558
256	92038	159	807	561
257	92437	120	805	561
258	92616	359	803	569
259	92995	319	809	562
260	93334	140	812	567
261	93514	379	804	567
262	94152	139	811	577
263	94450	140	803	564
264	94610	219	803	557
265	94849	140	806	546
266	95088	219	800	544
267	95328	120	801	532
268	95467	139	799	551
269	95627	259	808	544
270	95906	100	802	555
271	96165	439	798	561
272	96624	458	800	559
273	97162	478	799	559
274	97700	120	803	559
275	97840	100	808	584
276	98039	120	801	543
277	98338	159	799	543
278	98538	179	809	553
279	98777	239	798	551
280	99056	199	801	545
281	99335	299	799	551
282	99654	100	813	571
283	99794	558	815	568
284	100372	120	811	560
285	100531	159	808	547
286	100810	219	799	557
287	101050	120	806	554
288	101189	299	803	545
289	101528	319	809	533
290	102286	179	809	559
291	102485	219	807	569
292	102944	219	798	560
293	103183	140	794	539
294	103362	159	788	539
295	103861	120	798	541
296	104000	140	793	535
297	104259	219	799	524
298	104499	339	800	532
299	105037	299	802	545
300	105515	100	784	547
301	105815	179	798	553
302	106014	219	791	552
303	106413	120	803	544
304	106552	279	797	548
305	107110	359	801	550
306	107509	299	799	552
307	107828	199	800	551
308	108267	120	801	553
309	108426	100	804	546
310	108566	100	794	557
311	108745	120	803	556
312	108885	199	797	575
313	109324	100	798	557
314	109463	140	794	560
315	109642	179	798	554
316	110081	100	796	544
317	110201	159	797	557
318	110380	159	795	563
319	110559	199	800	558
320	110779	359	804	562
321	111158	299	807	570
322	111516	259	806	568
323	111796	160	807	555
324	112015	159	807	549
325	112214	120	806	552
326	112354	219	803	551
327	112912	100	804	561
328	113291	160	793	548
329	113490	219	801	566
330	113849	159	801	565
331	114029	219	792	549
332	114407	179	794	551
333	114647	120	794	557
334	114886	199	793	552
335	115185	399	792	549
336	115604	140	793	551
337	115903	179	793	565
338	116341	259	805	539
339	116620	140	791	552
340	116820	159	801	545
341	116999	199	797	547
342	117617	120	309	1742
343	117817	159	341	2025
344	118096	119	849	690
345	118275	120	829	613
346	118674	219	803	582
347	119033	120	791	559
348	119192	199	790	593
349	119411	199	795	593
350	119870	279	804	604
351	120349	100	784	562
352	120468	179	786	571
353	120927	458	794	548
354	121405	239	790	538
355	121664	199	793	545
356	121904	439	798	549
357	122362	120	797	564
358	122641	179	801	559
359	123020	100	800	564
360	123718	1595	806	567
361	125412	319	805	567
362	125751	100	815	565
363	125951	259	813	564
364	126230	179	808	567
365	126429	159	809	571
366	126609	399	809	577
367	127027	140	816	560
368	127267	439	810	562
369	127984	299	811	564
370	128523	140	812	567
371	128842	299	786	567
372	129201	139	825	539
373	129500	120	797	537
374	129819	219	799	547
375	130058	219	800	549
376	130317	120	798	547
377	130457	498	800	545
378	131075	120	805	546
379	131453	598	803	558
380	132071	120	811	558
381	132231	219	815	555
382	132550	120	804	571
383	132709	339	814	562
384	133068	399	814	577
385	133507	100	804	561
386	133626	419	809	566
387	134264	179	816	566
388	134464	359	811	562
389	134882	199	814	568
390	135221	120	822	580
391	135361	259	829	585
392	135640	120	834	604
393	135800	100	834	603
394	135919	399	827	596
395	136457	199	832	581
396	136697	419	802	563
397	137135	100	802	578
398	137335	458	803	566
399	137873	199	811	561
400	138092	379	809	570
401	138491	399	813	570
402	139009	299	810	572
403	139428	259	811	578
404	139707	179	815	564
405	139907	199	821	582
406	140186	120	823	587
407	140525	339	816	590
408	140883	120	822	592
409	141222	100	815	600
410	141382	159	813	592
411	141561	160	813	605
412	141741	120	815	597
413	141880	159	802	599
414	142120	160	791	598
415	142299	179	792	585
416	142498	299	794	572
417	142857	239	784	582
418	143196	279	799	603
419	143495	159	798	620
420	143675	140	800	610
421	143954	299	794	593
422	144532	239	798	572
423	145050	458	796	577
424	145688	319	796	573
425	146027	120	798	575
426	146167	319	798	583
427	146506	299	798	579
428	146825	179	803	596
429	147223	439	802	611
430	147682	379	806	593
431	148081	139	803	589
432	148539	199	808	589
433	149078	100	805	584
434	149197	100	810	564
435	149317	259	808	565
436	149636	299	795	566
437	150154	199	812	563
438	150533	219	799	607
439	150772	139	803	598
440	150991	100	793	569
441	151530	120	786	621
442	151769	279	793	577
443	152088	259	797	570
444	152367	339	793	577
445	152746	339	796	572
446	153165	159	798	569
447	153344	120	796	574
448	153504	120	800	568
449	153643	140	798	575
450	153862	319	796	566
451	154201	120	795	568
452	154341	538	798	558
453	154899	518	802	560
454	155597	140	804	535
455	155796	219	809	566
456	156235	199	799	557
457	156494	279	802	549
458	156793	100	946	547
459	156913	100	932	561
460	157092	199	806	556
461	157311	299	801	559
462	157710	120	806	559
463	157850	159	798	557
464	158368	120	823	567
465	158528	199	809	551
466	158747	159	799	570
467	158946	120	804	556
468	159086	259	800	566
469	159385	219	822	549
470	159624	179	810	566
471	159824	139	790	585
472	159983	578	794	563
473	160601	140	792	571
474	160800	199	801	564
475	161020	100	798	540
476	161139	140	794	552
477	161399	100	795	550
478	161518	299	798	548
479	161857	199	801	553
480	162375	100	795	535
481	162595	459	798	554
482	163193	139	797	558
483	163751	139	764	535
484	164130	159	800	554
485	164309	100	796	552
486	164429	120	800	552
487	164568	140	804	562
488	164967	140	804	569
489	165426	119	804	588
490	166183	139	792	567
491	166343	180	809	563
492	166662	299	799	563
493	166981	159	811	568
494	167300	499	781	576
495	167838	199	772	578
496	168057	359	791	594
497	168915	279	791	585
498	169433	100	811	555
499	169752	259	801	579
500	170031	239	803	556
501	170530	478	791	555
502	171068	259	782	563
503	171347	459	789	559
504	172125	219	796	567
505	172364	120	795	564
506	172503	199	794	568
507	172802	219	802	566
508	173062	179	792	566
509	173500	139	818	582
510	173879	259	800	552
511	174238	140	800	548
512	174397	120	808	554
513	174637	359	798	563
514	175015	339	794	553
515	175374	140	791	541
516	175534	179	798	558
517	175733	399	791	563
518	176152	140	800	565
519	176411	100	796	550
520	176690	100	810	572
521	176810	219	810	572
522	177188	399	800	566
523	177727	100	804	555
524	177906	100	812	562
525	178106	199	799	566
526	178385	199	799	559
527	178724	120	799	563
528	179003	259	801	566
529	179322	100	802	560
530	179501	159	814	555
531	179860	120	813	569
532	180000	279	805	569
533	180299	140	808	550
534	180458	159	808	569
535	181016	139	811	592
536	181176	120	811	577
537	181375	100	802	576
538	181575	199	814	606
539	182252	140	801	588
540	182452	140	791	571
541	182611	179	806	571
542	182831	199	792	582
543	183070	120	822	573
544	183369	399	805	555
545	183788	658	810	558
546	184485	419	803	568
547	184924	100	797	549
548	185044	120	801	566
549	185283	179	797	571
550	185482	239	805	566
551	185881	140	802	577
552	186040	140	807	568
553	186200	159	803	578
554	186419	279	804	569
555	186838	379	801	566
556	187336	279	788	579
557	187775	239	823	575
558	188154	339	797	565
559	188572	100	797	584
560	188692	638	800	564
561	189350	100	809	571
562	189490	359	804	546
563	190108	419	817	559
564	190546	399	817	558
565	191085	139	811	573
566	191264	498	802	568
567	192002	159	813	572
568	192181	100	793	557
569	192500	199	793	577
570	192739	439	792	576
571	193218	319	793	578
572	193596	199	793	581
573	193816	120	785	564
574	194434	120	804	569
575	194713	239	794	565
576	195012	120	797	557
577	195172	259	799	568
578	195451	179	802	565
579	195650	140	801	577
580	195849	120	807	596
581	196029	279	792	574
582	196467	259	787	558
583	196926	199	792	583
584	197145	120	794	559
585	197285	339	805	576
586	197883	399	797	572
587	198322	100	805	585
588	198740	359	800	562
589	199458	239	803	565
590	199956	259	798	569
591	200255	239	798	551
592	200515	319	797	563
593	200853	160	801	557
594	201113	159	790	560
595	201312	259	797	554
596	201631	179	798	556
597	201850	100	800	555
598	202249	140	801	569
599	202568	498	802	569
600	203126	179	811	557
601	203525	120	815	570
602	203665	179	819	576
603	204043	399	806	565
604	204542	219	804	560
605	204861	100	795	577
606	205339	199	794	574
607	205559	419	794	567
608	206037	140	788	560
609	206296	140	799	580
610	206456	160	792	566
611	206695	219	797	557
612	206974	100	799	556
613	207273	120	798	560
614	207413	100	804	550
615	207732	120	801	565
616	207891	199	797	552
617	208110	100	803	572
618	208250	139	799	556
619	208469	618	801	556
620	209406	299	801	567
621	209745	299	800	556
622	210284	359	796	568
623	210722	100	808	590
624	210902	459	797	571
625	211400	259	795	577
626	211859	100	804	563
627	212058	199	797	558
628	212317	199	796	568
629	212537	120	795	587
630	212716	419	794	571
631	213294	120	794	573
632	213434	120	789	585
633	213573	379	795	586
634	214052	100	792	589
635	214311	279	782	588
636	214610	139	794	571
637	214769	140	783	567
638	214929	159	783	575
639	215108	120	790	551
640	215547	140	788	575
641	215706	219	792	574
642	215966	100	788	587
643	216265	100	696	567
644	216384	439	697	571
645	216843	139	704	556
646	217062	100	782	571
647	217222	199	795	562
648	218418	219	797	574
649	218976	219	788	571
650	219275	199	805	568
651	219714	299	826	574
652	220033	259	793	565
653	220452	159	783	543
654	220631	100	789	555
655	221070	100	778	564
656	221289	140	780	578
657	221448	120	775	568
658	221608	120	808	567
659	221827	120	789	578
660	222226	179	788	563
661	222505	140	788	567
662	222744	538	784	569
663	223382	259	789	567
664	223661	120	793	564
665	223801	339	786	567
666	225795	159	796	567
667	225974	120	799	587
668	232254	100	2971	1592
669	233410	140	3004	1812
670	233849	100	3012	1826
671	235085	120	822	620
672	235285	179	792	618
673	235484	160	792	649
674	235723	120	801	608
675	235863	199	800	615
676	236301	219	809	550
677	236979	359	813	557
678	237597	180	800	539
679	237856	479	802	555
680	238355	219	802	555
681	238714	399	799	557
682	239132	119	796	565
683	239272	518	804	561
684	239890	219	810	555
685	240149	120	815	567
686	240548	100	817	580
687	240747	458	813	572
688	241325	319	819	562
689	241704	259	818	562
690	242123	199	817	577
691	242342	120	811	573
692	242522	100	815	572
693	242741	219	828	575
694	243160	159	825	576
695	243359	219	836	576
696	243598	259	833	569
697	243897	120	795	536
698	244037	857	798	537
699	244914	100	801	530
700	245034	419	803	546
701	245472	179	811	548
702	245711	399	815	562
703	246130	518	805	568
704	246668	239	806	560
705	247346	199	812	570
706	247745	159	804	566
707	247924	120	812	579
708	248084	339	815	566
709	248702	120	804	578
710	248842	139	814	572
711	249061	199	803	585
712	249420	120	803	576
713	249559	120	803	567
714	249719	100	806	576
715	249998	120	800	561
716	250277	120	800	584
717	250417	100	801	585
718	250536	140	799	602
719	250736	100	800	599
720	250915	120	791	625
721	251533	239	785	639
722	251872	120	783	658
723	252191	159	789	597
724	252410	399	781	576
725	252849	139	775	589
726	253088	159	785	585
727	253268	159	789	598
728	253447	179	796	619
729	254045	259	807	601
730	254484	199	804	623
731	254922	199	805	603
732	255142	159	797	597
733	255421	140	799	601
734	255580	140	799	601
735	255800	159	806	608
736	256019	100	803	615
737	256318	139	811	601
738	256477	100	814	619
739	256677	179	811	642
740	256976	179	804	640
741	257335	160	804	640
742	257554	219	805	647
743	257813	239	802	635
744	258132	179	804	613
745	258411	179	794	611
746	258770	120	800	624
747	258989	140	810	643
748	259229	419	809	620
749	259887	159	818	630
750	260146	199	821	623
751	260485	199	817	611
752	260724	319	797	570
753	261083	100	791	573
754	261322	180	786	563
755	261521	239	797	555
756	261820	239	796	565
757	262299	139	810	558
758	262458	140	804	577
759	262618	139	798	554
760	262777	179	799	541
761	262977	159	805	547
762	263196	239	804	566
763	263495	100	809	560
764	263794	100	807	568
765	263914	120	802	584
766	264193	139	805	578
767	264352	140	822	580
768	264572	159	814	575
769	264771	179	799	579
770	265090	140	810	565
771	265250	120	810	560
772	265389	120	810	567
773	265589	100	814	581
774	265848	439	819	572
775	266346	179	824	574
776	266725	140	821	569
777	266944	139	817	610
778	267104	160	809	592
779	267283	279	819	581
780	267582	239	822	585
781	267901	100	822	584
782	268081	120	787	551
783	268320	259	789	558
784	268659	219	780	567
785	269197	100	824	562
786	269456	279	797	568
787	270034	179	793	563
788	270274	159	786	563
789	270513	139	789	557
790	270752	179	798	572
791	271111	100	792	553
792	271769	160	821	562
793	272008	100	793	557
794	272247	120	806	529
795	272387	259	795	497
796	272666	120	798	480
797	272846	219	780	538
798	273105	100	753	540
799	273304	100	748	531
800	273484	140	783	533
801	273763	498	796	558
802	274301	379	801	564
803	274740	159	787	557
804	274939	159	785	553
805	275378	219	799	562
806	275657	120	780	541
807	275896	100	782	534
808	276175	160	778	545
809	276374	299	778	563
810	276733	160	781	545
811	276913	140	784	564
812	277371	120	785	554
813	277511	478	793	555
814	278049	120	788	546
815	278189	159	799	562
816	278368	638	794	558
817	279126	179	790	552
818	279345	219	800	567
819	279584	359	799	564
820	279963	718	797	553
821	280800	120	803	567
822	280940	1296	800	570
823	282256	159	802	575
824	282455	339	795	565
825	283193	778	805	575
826	284130	141	810	573
827	284409	179	805	578
828	284608	140	797	566
829	284768	199	801	569
830	284987	399	809	576
831	285605	159	806	557
832	286642	199	780	607
833	286881	100	773	591
834	287100	299	780	572
835	287539	339	791	541
836	288077	100	790	558
837	288217	120	799	547
838	288356	299	790	568
839	288755	259	804	548
840	289034	100	805	566
841	289154	419	797	552
842	289612	139	797	555
843	289832	179	794	556
844	290031	458	797	560
845	290629	139	790	556
846	290789	359	791	565
847	291168	100	785	553
848	291287	100	788	559
849	291965	120	793	565
850	292105	120	795	549
851	292344	160	790	567
852	292543	179	796	578
853	292743	179	793	566
854	292942	100	801	579
855	293161	159	792	585
856	293341	159	790	580
857	293520	199	778	540
858	293739	199	784	536
859	294298	120	787	558
860	294497	159	790	561
861	294756	120	768	563
862	295075	100	790	554
863	295195	179	779	553
864	295494	120	783	564
865	295653	319	782	550
866	295992	219	784	549
867	296590	239	793	550
868	297009	159	807	573
869	297288	259	794	567
870	297986	160	821	535
871	298365	100	804	554
872	298604	140	790	548
873	298883	199	785	546
874	299102	140	796	529
875	299262	219	796	543
876	299581	319	793	554
877	300000	199	799	551
878	300618	100	776	560
879	300737	140	800	565
880	300917	419	793	572
881	301395	219	786	545
882	301734	199	787	543
883	302771	100	802	568
884	302950	219	794	557
885	303309	239	789	570
886	303588	100	793	586
887	303867	159	795	565
888	304047	100	784	558
889	304186	259	798	550
890	304665	180	793	554
891	305143	140	788	557
892	305323	179	791	544
893	305622	120	792	564
894	305801	100	800	567
895	306040	120	793	553
896	306240	179	793	562
897	306439	140	781	552
898	306798	120	777	523
899	306997	120	776	528
900	307137	100	785	557
901	307396	200	791	555
902	307715	199	785	547
903	308154	120	785	561
904	308293	160	797	568
905	308572	120	795	563
906	308712	279	787	548
907	309051	140	793	552
908	309390	219	788	548
909	309749	120	791	558
910	309988	179	799	552
911	310486	100	791	560
912	310606	219	790	539
913	311025	139	796	558
914	311184	139	790	537
915	311423	119	786	558
916	311643	180	786	552
917	311962	239	793	556
918	312261	119	815	546
919	312400	100	801	554
920	312520	140	812	550
921	312819	199	797	552
922	313178	279	807	551
923	314095	239	792	554
924	314354	478	797	571
925	314852	180	793	573
926	315052	219	796	569
927	315490	120	795	551
928	315630	419	779	564
929	316109	179	780	559
930	316328	159	776	566
931	316507	259	786	561
932	317006	159	793	554
933	317265	239	793	563
934	317524	180	788	574
935	317723	159	791	565
936	317903	159	778	554
937	318322	100	807	554
938	318441	100	795	541
939	318720	139	788	550
940	318900	100	783	561
941	319239	379	784	557
942	319637	100	793	570
943	319777	120	785	551
944	320275	120	793	562
945	320694	100	762	547
946	320814	120	767	567
947	320953	139	793	561
948	321172	339	783	577
949	321810	199	766	553
950	322149	359	778	560
951	322927	120	814	578
952	323385	140	778	594
953	323545	718	783	556
954	324283	219	784	557
955	324661	140	783	574
956	324821	478	786	564
957	325319	259	779	559
958	325838	100	777	560
959	325957	160	778	556
960	326137	120	773	548
961	326376	120	824	574
962	326536	139	777	560
963	326835	140	767	554
964	327293	100	788	550
965	327413	339	783	570
966	327772	120	784	574
967	328071	219	781	575
968	328310	100	782	583
969	328430	100	789	559
970	328649	459	783	565
971	329127	100	789	565
972	329247	239	787	574
973	329586	139	786	574
974	330084	120	784	573
975	330284	319	803	589
976	330822	239	2032	665
977	331699	160	2450	983
978	331998	279	2451	983
979	332796	219	2435	974
980	333155	259	1852	457
981	334351	159	2280	-354
982	335168	120	2082	-214
983	338079	120	802	591
984	338318	100	806	610
985	338876	179	807	609
986	339395	120	795	632
987	339793	259	794	617
988	340093	120	774	604
989	340272	199	793	596
990	340531	199	777	574
991	340750	219	792	594
992	340990	100	772	581
993	341129	239	788	578
994	341389	399	793	580
995	341887	120	821	587
996	342126	239	814	581
997	342605	159	808	562
998	342784	120	791	583
999	342983	120	790	575
1000	343123	259	794	579
1001	343402	160	792	583
1002	343602	139	790	582
1003	343761	239	796	566
1004	344040	159	789	556
1005	344439	100	777	587
1006	344818	199	805	567
1007	345037	140	788	588
1008	345296	100	789	555
1009	345496	179	784	570
1010	345794	100	773	568
1011	345914	100	790	574
1012	346034	319	791	565
1013	346413	139	801	577
1014	346572	319	790	564
1015	346991	100	788	557
1016	347270	299	787	561
1017	347788	279	788	560
1018	348147	419	792	566
1019	348586	219	791	576
1020	349084	100	785	561
1021	349303	179	829	539
1022	349563	299	776	583
1023	350141	120	793	570
1024	350300	159	786	574
1025	350739	100	786	562
1026	351098	120	772	557
1027	351237	140	789	565
1028	351417	558	784	576
1029	351995	100	780	579
1030	352414	100	777	562
1031	352573	458	790	582
1032	353211	159	790	570
1033	353390	100	790	573
1034	354128	439	793	564
1035	354587	179	792	560
1036	354806	219	791	565
1037	355145	179	794	575
1038	355424	140	771	550
1039	355823	140	782	559
1040	355982	100	774	572
1041	356281	219	791	562
1042	356580	199	780	561
1043	356800	120	784	547
1044	356939	160	781	568
1045	357139	239	781	562
1046	357398	120	787	561
1047	357637	199	792	560
1048	357916	120	783	564
1049	358235	179	793	580
1050	358554	100	794	560
1051	358694	159	791	573
1052	358873	159	784	551
1053	359112	160	790	559
1054	359451	100	784	552
1055	359611	100	786	558
1056	359770	140	785	556
1057	360169	279	800	559
1058	360508	199	790	559
1059	360727	219	794	564
1060	360966	359	790	562
1061	361525	199	801	573
1062	361744	120	803	554
1063	361884	179	807	558
1064	362163	100	811	561
1065	362402	100	811	573
1066	362561	458	812	567
1067	363339	100	794	567
1068	363459	120	787	565
1069	363598	179	801	566
1070	363857	100	794	573
1071	364156	159	794	585
1072	364356	180	798	567
1073	364575	100	793	560
1074	364695	100	801	556
1075	364934	140	785	578
1076	365153	100	783	564
1077	365273	140	790	581
1078	365512	199	794	578
1079	366110	219	787	583
1080	366589	100	788	582
1081	366788	379	790	574
1082	367247	100	798	584
1083	367705	100	797	594
1084	367845	159	788	580
1085	368024	100	792	563
1086	368682	359	795	574
1087	369061	279	804	585
1088	369420	160	798	570
1089	370177	120	775	587
1090	370576	120	778	555
1091	370835	538	786	563
1092	371493	399	790	560
1093	372111	100	794	555
1094	372271	279	797	564
1095	372610	359	796	566
1096	373088	120	795	559
1097	373726	279	791	569
1098	374364	100	807	567
1099	374484	100	797	571
1100	374603	179	782	569
1101	374803	160	802	572
1102	375241	100	798	586
1103	375441	120	795	562
1104	375600	179	802	558
1105	375899	100	794	569
1106	376019	120	794	553
1107	376178	100	794	558
1108	376318	100	795	573
1109	377095	100	799	575
1110	377215	219	802	569
1111	377733	199	808	551
1112	377993	179	787	551
1113	378192	159	812	559
1114	378371	120	808	540
1115	378511	100	797	556
1116	378670	120	804	560
1117	378950	120	818	535
1118	379288	199	820	534
1119	379568	120	821	540
1120	379707	199	825	557
1121	379946	140	806	574
1122	380305	199	803	557
1123	380963	279	795	569
1124	381262	140	811	560
1125	381721	100	787	562
1126	382120	219	793	563
1127	382538	120	780	568
1128	382837	179	796	556
1129	383156	698	789	555
1130	383874	239	798	569
1131	384133	100	767	565
1132	384253	140	794	573
1133	384412	100	790	551
1134	384532	100	785	556
1135	391570	140	788	586
1136	391948	159	1816	619
1137	392128	219	1790	641
1138	401040	259	1229	1714
1139	401458	139	816	686
1140	402176	219	808	612
1141	402415	179	790	612
1142	402615	159	797	601
1143	402814	180	798	608
1144	403013	199	802	594
1145	403771	120	789	542
1146	404150	299	790	566
1147	404568	120	782	560
1148	404728	598	781	542
1149	405346	279	770	540
1150	405665	100	774	534
1151	405784	359	792	550
1152	407200	279	786	575
1153	407539	458	791	561
1154	408257	140	788	580
1155	408476	199	722	551
1156	408735	179	819	559
1157	409214	139	798	554
1158	409373	279	787	568
1159	410091	179	805	546
1160	410530	219	786	566
1161	410948	219	805	543
1162	411187	120	792	545
1163	411327	159	791	551
1164	411526	259	795	565
1165	411985	459	796	563
1166	412802	478	789	556
1167	413341	100	799	552
1168	413560	100	784	537
1169	414238	179	791	544
1170	414517	239	799	555
1171	414796	100	800	554
1172	414936	239	802	551
1173	415195	100	799	563
1174	415394	100	798	558
1175	415514	120	799	545
1176	415733	119	798	553
1177	415873	179	802	548
1178	416291	239	799	537
1179	416550	259	795	559
1180	416849	299	795	558
1181	417587	159	803	559
1182	418125	299	795	546
1183	418763	120	785	556
1184	418923	100	785	550
1185	419063	239	789	541
1186	419382	199	795	561
1187	419601	219	788	564
1188	419860	100	794	555
1189	420000	100	898	579
1190	420179	140	774	537
1191	420598	120	780	551
1192	421016	100	782	552
1193	421136	140	788	563
1194	421335	140	789	551
1195	421634	120	793	549
1196	422472	100	817	564
1197	422631	239	801	559
1198	422910	199	798	563
1199	423149	140	800	569
1200	423309	179	797	563
1201	423628	179	800	552
1202	423847	180	795	559
1203	424047	100	805	548
1204	424186	219	788	560
1205	424804	100	794	552
1206	424924	179	794	557
1207	425203	199	794	542
1208	425482	100	803	576
1209	425781	100	799	557
1210	425901	139	800	563
1211	426439	199	786	554
1212	426658	100	776	566
1213	426798	458	786	544
1214	427336	120	789	557
1215	427675	179	788	558
1216	427895	100	779	559
1217	428074	299	790	565
1218	428512	100	777	571
1219	428632	159	782	558
1220	429051	239	788	569
1221	429450	199	794	543
1222	429669	279	790	555
1223	430287	120	787	555
1224	430905	140	795	558
1225	431144	219	794	563
1226	431483	279	796	564
1227	432181	179	784	567
1228	432380	120	794	558
1229	432779	100	786	566
1230	432998	379	804	560
1231	433417	120	791	579
1232	433557	319	786	561
1233	433896	199	798	570
1234	434115	140	792	550
1235	434354	120	789	562
1236	434514	100	787	555
1237	434633	219	789	558
1238	434872	219	793	551
1239	435132	199	798	564
1240	435371	359	797	567
1241	435790	120	798	575
1242	435949	120	808	558
1243	436088	219	808	568
1244	436388	140	814	566
1245	436647	120	814	557
1246	436786	120	819	556
1247	436926	179	822	558
1248	437125	180	819	580
1249	437384	219	818	567
1250	437624	179	815	564
1251	437843	140	814	569
1252	438022	159	825	562
1253	438202	159	823	571
1254	438381	100	820	554
1255	438581	159	821	560
1256	438760	159	830	564
1257	439019	299	823	572
1258	439358	120	815	551
1259	439498	120	805	556
1260	439897	159	801	555
1261	440076	199	793	565
1262	440295	179	808	559
1263	440495	259	799	551
1264	441013	219	808	559
1265	441252	100	813	563
1266	441372	259	803	563
1267	441810	478	804	566
1268	442349	120	797	569
1269	442488	120	805	554
1270	442747	379	794	548
1271	443266	179	794	544
1272	443525	179	807	547
1273	443744	219	799	554
1274	444482	160	789	564
1275	444721	140	790	566
1276	444980	159	790	555
1277	445539	159	784	566
1278	445738	159	798	571
1279	445918	159	798	567
1280	446097	379	797	558
1281	446815	219	750	570
1282	447353	119	774	565
1283	447492	299	798	578
1284	447811	120	804	588
1285	447951	100	795	566
1286	448270	120	800	573
1287	448509	140	797	573
1288	448669	140	802	575
1289	448848	199	796	572
1290	449167	159	763	562
1291	449347	160	767	563
1292	449526	419	781	562
1293	450204	738	789	568
1294	450961	100	786	563
1295	451081	239	790	575
1296	451599	140	810	561
1297	452058	100	806	579
1298	452198	219	798	566
1299	452497	179	803	556
1300	452696	100	809	568
1301	453055	100	807	563
1302	453334	239	804	578
1303	453753	100	804	579
1304	453892	698	810	572
1305	454610	139	818	584
1306	454809	239	787	577
1307	455068	100	782	575
1308	455188	199	781	579
1309	455407	199	781	562
1310	455627	100	787	580
1311	456025	259	793	578
1312	456404	279	800	578
1313	456703	199	803	561
1314	456943	219	801	567
1315	457182	299	810	572
1316	457501	159	816	572
1317	457820	100	812	572
1318	457939	299	812	566
1319	458258	179	811	569
1320	458458	219	810	571
1321	458737	120	810	563
1322	458896	100	815	575
1323	459195	299	812	570
1324	459714	120	823	567
1325	459853	120	806	579
1326	460112	120	811	570
1327	460451	199	807	560
1328	460910	538	805	575
1329	461628	299	806	578
1330	462525	239	796	577
1331	462864	319	792	570
1332	463801	259	795	551
1333	464080	199	791	563
1334	464299	159	824	558
1335	464598	219	801	559
1336	464857	159	795	572
1337	465097	100	777	565
1338	465376	459	792	565
1339	465874	159	795	542
1340	466094	179	806	576
1341	466313	259	800	575
1342	466652	100	788	558
1343	466851	140	794	565
1344	467090	120	801	557
1345	467250	120	794	560
1346	467668	199	800	558
1347	467888	199	793	571
1348	468306	180	806	582
1349	468506	100	809	591
1350	468625	339	800	570
1351	469104	120	798	587
1352	469543	299	803	554
1353	469862	339	802	544
1354	470240	199	799	528
1355	470460	100	800	536
1356	470619	159	794	531
1357	471098	100	807	554
1358	471217	120	803	525
1359	471716	179	796	569
1360	472214	120	794	559
1361	472433	179	793	550
1362	472972	199	808	567
1363	473331	140	797	565
1364	473510	120	796	559
1365	473650	120	800	550
1366	473949	160	803	557
1367	474128	219	797	573
1368	474447	120	874	562
1369	474607	159	805	569
1370	474906	179	811	568
1371	475105	199	797	565
1372	475404	498	798	561
1373	476241	319	808	568
1374	476740	100	802	555
1375	477398	279	795	573
1376	477796	140	785	591
1377	478036	199	811	562
1378	478335	199	807	583
1379	478614	299	806	580
1380	478973	120	797	568
1381	479112	259	790	568
1382	479391	100	792	581
1383	479691	119	782	543
1384	479950	439	789	556
1385	480468	219	789	551
1386	480907	339	786	565
1387	481285	319	791	561
1388	481624	199	796	574
1389	481903	179	793	582
1390	482282	299	800	569
1391	482621	379	796	571
1392	483020	259	798	566
1393	483299	179	803	567
1394	483618	119	794	577
1395	483778	120	794	585
1396	484116	120	805	576
1397	484276	558	806	581
1398	484854	439	797	585
1399	485313	120	793	577
1400	485771	299	794	562
1401	486130	139	796	562
1402	486290	199	798	575
1403	486509	100	802	566
1404	486628	120	797	573
1405	486768	159	802	586
1406	486947	160	811	566
1407	487286	100	794	581
1408	487406	120	801	585
1409	487745	179	806	576
1410	487964	140	811	557
1411	488343	119	802	563
1412	488483	160	812	589
1413	488842	598	809	579
1414	489480	159	817	593
1415	489838	159	823	585
1416	490118	379	815	580
1417	490516	100	815	589
1418	490676	100	824	590
1419	490795	100	816	606
1420	490915	100	817	583
1421	491154	259	797	583
1422	491453	100	795	590
1423	491792	199	819	574
1424	492071	140	798	581
1425	492410	179	785	573
1426	492689	120	818	568
1427	492829	160	812	562
1428	493168	159	818	573
1429	493407	219	797	569
1430	493666	179	803	556
1431	494603	100	787	568
1432	494803	299	796	549
1433	495381	100	796	542
1434	495500	459	802	550
1435	495979	120	805	573
1436	496477	319	800	564
1437	496856	120	804	552
1438	497674	120	795	550
1439	497813	259	793	552
1440	498132	239	798	554
1441	498411	159	793	556
1442	498710	120	803	551
1443	498850	279	802	545
1444	499169	100	802	546
1445	499288	140	806	568
1446	499468	199	801	566
1447	499827	199	799	568
1448	500046	199	793	548
1449	500265	279	791	562
1450	500744	120	799	570
1451	500983	259	802	574
1452	501282	120	797	577
1453	501422	219	803	563
1454	501661	339	804	565
1455	502020	139	812	571
1456	502698	239	799	555
1457	502957	120	799	556
1458	503236	120	800	560
1459	503395	100	797	553
1460	503535	140	806	541
1461	503734	239	804	550
1462	504013	239	788	537
1463	504392	100	797	557
1464	504512	120	789	552
1465	504651	199	800	557
1466	505230	120	799	573
1467	505848	219	794	576
1468	506087	179	793	583
1469	506346	120	778	564
1470	507164	159	805	563
1471	507462	140	794	563
1472	507662	219	803	571
1473	508021	140	800	571
1474	508200	100	790	550
1475	508619	120	790	565
1476	508778	179	793	558
1477	508978	578	796	566
1478	509576	140	789	557
1479	509815	219	798	566
1480	510214	538	806	568
1481	510872	159	809	581
1482	511051	179	810	580
1483	511251	139	792	575
1484	511590	239	798	567
1485	511908	179	772	561
1486	512387	179	795	574
1487	512586	259	788	577
1488	512985	140	786	567
1489	513204	279	788	579
1490	513503	100	790	584
1491	513623	339	792	589
1492	513982	239	796	583
1493	514321	159	789	573
1494	514500	219	806	556
1495	514740	239	797	560
1496	515019	100	800	559
1497	515437	140	794	599
1498	516055	100	794	568
1499	516256	218	796	557
1500	516952	100	795	563
1501	517291	100	797	539
1502	517511	339	799	563
1503	517949	319	801	559
1504	518428	159	809	567
1505	518747	100	800	568
1506	518866	159	789	568
1507	519086	219	793	562
1508	519365	120	791	566
1509	519624	159	787	566
1510	519804	199	794	578
1511	520103	159	792	572
1512	520322	100	786	575
1513	520940	100	786	564
1514	521159	259	790	580
1515	521598	199	786	564
1516	521976	140	781	567
1517	522136	140	780	558
1518	522316	100	786	582
1519	522435	140	784	574
1520	522595	259	788	579
1521	522874	120	791	564
1522	523073	120	784	568
1523	523272	160	796	561
1524	523631	279	781	569
1525	524110	140	796	562
1526	524289	140	795	565
1527	524608	120	784	574
1528	524748	239	782	572
1529	525147	120	791	565
1530	525466	179	795	566
1531	525665	239	797	566
1532	526024	100	806	564
1533	526143	139	798	575
1534	526323	179	798	553
1535	526622	419	800	555
1536	527160	259	805	556
1537	527559	419	803	580
1538	527998	120	801	567
1539	528137	359	807	565
1540	528695	119	797	574
1541	528895	239	801	567
1542	529154	439	805	570
1543	530051	219	814	575
1544	530290	498	818	577
1545	531148	119	817	588
1546	531287	219	815	574
1547	531526	359	822	582
1548	531905	100	824	577
1549	532085	100	820	568
1550	532204	139	831	577
1551	532503	239	831	577
1552	532822	100	831	568
1553	533101	219	830	584
1554	533380	179	822	598
1555	533759	100	818	583
1556	533939	160	806	595
1557	534178	140	804	605
1558	534337	160	814	595
1559	534517	179	816	594
1560	534975	140	820	594
1561	535633	299	818	586
1562	536610	160	823	614
1563	536790	140	816	622
1564	536949	160	819	620
1565	537129	140	830	623
1566	537328	219	824	621
1567	537866	179	821	592
1568	538106	120	818	618
1569	538464	159	789	571
1570	538644	100	799	571
1571	538763	100	784	572
1572	539003	339	784	565
1573	539362	319	783	567
1574	539800	100	789	572
1575	540239	100	797	565
1576	540398	100	793	588
1577	540598	100	794	562
1578	540717	120	790	576
1579	540897	100	788	554
1580	541016	160	790	568
1581	541495	259	788	572
1582	541774	100	804	540
1583	542033	179	797	554
1584	542272	239	797	545
1585	542631	159	796	560
1586	542930	179	789	567
1587	543369	140	788	574
1588	543608	299	789	570
1589	544067	120	790	555
1590	544206	140	788	547
1591	544465	100	791	559
1592	544585	179	787	550
1593	545143	100	786	542
1594	545682	199	792	562
1595	545901	179	796	571
1596	546320	299	796	553
1597	546858	199	791	573
1598	547077	140	787	564
1599	547396	140	801	571
1600	547715	160	801	572
1601	548074	159	795	579
1602	548433	159	797	570
1603	548772	219	795	576
1604	549390	139	770	549
1605	549589	219	787	564
1606	549848	140	789	569
1607	550147	199	788	573
1608	550526	538	790	563
1609	551124	518	792	552
1610	551683	100	790	567
1611	552998	140	790	552
1612	553437	100	793	592
1613	553616	219	805	562
1614	554035	179	801	573
1615	554354	120	793	568
1616	554494	100	794	560
1617	554773	120	791	569
1618	554912	159	806	572
1619	555092	100	790	559
1620	555231	120	799	567
1621	555630	100	785	564
1622	555750	239	785	571
1623	556368	100	796	566
1624	557046	120	784	573
1625	557225	120	813	574
1626	557384	120	797	568
1627	557564	100	806	564
1628	558282	139	785	563
1629	558461	139	780	568
1630	558720	239	780	564
1631	559318	120	786	543
1632	559458	239	779	561
1633	559717	100	787	560
1634	559857	498	793	549
1635	560375	100	797	556
1636	560574	139	788	560
1637	560774	299	796	570
1638	561252	120	794	558
1639	561651	259	789	549
1640	562149	179	791	548
1641	562608	100	788	532
1642	562728	419	791	570
1643	563246	299	787	561
1644	563605	259	797	569
1645	564402	140	810	563
1646	564622	299	789	584
1647	565040	140	783	577
1648	565200	379	790	569
1649	565598	139	787	576
1650	565758	140	794	574
1651	566037	179	789	569
1652	566236	180	799	577
1653	566496	100	802	578
1654	566675	160	793	584
1655	566954	279	797	567
1656	567253	100	797	585
1657	567572	399	797	569
1658	568051	279	800	566
1659	568390	139	817	569
1660	568609	199	820	569
1661	568868	100	822	556
1662	569087	379	816	568
1663	569506	319	817	556
1664	569845	160	819	551
1665	570164	319	804	553
1666	570523	259	801	567
1667	570802	159	799	560
1668	570981	139	804	560
1669	571241	100	818	549
1670	571440	239	805	556
1671	571719	100	813	569
1672	572317	219	810	557
1673	572656	120	814	556
1674	572875	179	817	550
1675	573115	100	818	562
1676	573334	678	825	552
1677	574052	299	830	557
1678	574590	140	835	564
1679	575068	259	832	561
1680	575487	120	819	556
1681	575686	140	799	557
1682	575886	219	800	550
1683	576125	100	807	558
1684	576265	179	803	558
1685	576723	359	810	552
1686	577102	279	819	563
1687	577541	139	814	570
1688	577700	299	819	558
