Data properties:
 
Recording date: 9/22/2008
Recording time : 15:28:49:735 (corresponds to time 0)
Study: SD Experiment
Subject: LM
Recording: LM8
Screen resolution: 1600 x 1200
Coordinate unit: Pixels
 
 
Filter settings:
 
Eye: Average
Validity level: Normal
Fixation radius: 30
Min duration: 100
 
Fix number	Timestamp	Duration	GazepointX	GazepointY
 
1	227	120	1004	853
2	526	139	1807	2332
3	1384	179	798	623
4	1663	219	780	628
5	1902	159	791	638
6	2081	160	799	647
7	2301	179	795	661
8	2620	179	779	667
9	3656	159	815	660
10	3836	140	808	648
11	3995	379	789	659
12	4872	159	792	617
13	5112	179	795	583
14	5889	259	805	611
15	6288	100	800	629
16	6507	199	794	615
17	6786	259	795	613
18	7105	100	807	607
19	7225	379	804	588
20	7883	259	808	589
21	8182	159	804	581
22	8361	538	806	576
23	9019	478	806	574
24	9857	139	819	591
25	10016	100	813	584
26	10136	120	821	589
27	10395	259	814	575
28	10714	219	813	578
29	10953	199	805	572
30	11173	159	802	566
31	11352	120	805	574
32	11491	379	806	577
33	11890	618	807	571
34	12528	199	803	573
35	12767	199	803	574
36	13226	299	810	579
37	13545	179	808	571
38	13744	120	807	588
39	13884	219	799	582
40	14123	419	808	583
41	14642	279	817	582
42	15000	598	809	579
43	15638	100	805	577
44	15878	439	812	580
45	16456	100	808	578
46	16575	159	807	575
47	16974	279	807	574
48	17273	199	805	581
49	17552	239	799	584
50	18170	319	796	605
51	18509	160	806	623
52	18768	379	807	616
53	19167	339	797	622
54	19526	179	794	627
55	19825	319	795	632
56	20184	299	802	607
57	20503	219	796	582
58	21101	159	799	607
59	21281	159	811	589
60	21520	399	813	590
61	21958	259	802	586
62	22337	179	800	593
63	22556	199	804	587
64	22816	239	804	584
65	23095	159	794	593
66	23274	120	804	587
67	23414	718	802	578
68	24470	399	808	588
69	24889	458	817	590
70	25368	140	812	590
71	25527	100	810	601
72	25647	299	815	596
73	25966	538	808	586
74	26524	259	806	585
75	26823	100	795	583
76	27002	100	784	579
77	27361	319	799	591
78	27939	120	810	578
79	28179	160	798	585
80	28378	279	791	583
81	28717	259	800	580
82	29016	438	794	591
83	29714	239	805	577
84	29973	339	807	588
85	30571	100	811	584
86	30751	299	811	585
87	31349	100	795	582
88	31468	120	800	578
89	31728	219	805	588
90	31987	419	804	583
91	32425	159	801	593
92	32844	279	809	589
93	33243	199	789	582
94	33462	199	807	573
95	33821	179	806	591
96	34080	199	818	583
97	34319	339	808	583
98	34758	259	793	573
99	35077	139	794	586
100	35535	259	803	583
101	35814	100	806	602
102	35954	379	797	578
103	36413	120	798	600
104	36552	140	797	601
105	36871	199	802	577
106	37150	120	800	567
107	37290	159	798	574
108	37489	498	793	578
109	38008	638	798	573
110	38685	179	807	579
111	38885	100	806	581
112	39084	199	805	569
113	39303	120	808	592
114	39443	100	807	588
115	39822	239	810	578
116	40081	120	808	572
117	40280	299	808	599
118	40599	160	815	586
119	40819	738	806	590
120	41796	558	808	587
121	42414	359	807	584
122	42812	159	806	584
123	42992	160	803	585
124	43171	140	804	582
125	43331	120	798	577
126	43490	140	808	593
127	43650	179	802	597
128	43849	160	809	594
129	44029	299	807	587
130	44367	239	807	605
131	44627	199	803	598
132	44985	319	798	591
133	45324	159	805	577
134	45604	239	809	587
135	45863	120	815	593
136	46002	299	810	594
137	46341	758	810	597
138	47119	339	815	600
139	47478	558	814	599
140	48056	319	802	586
141	48395	259	811	588
142	48853	538	803	593
143	49591	140	802	602
144	49930	199	807	592
145	50289	100	799	590
146	50428	459	799	588
147	50907	179	806	575
148	51106	319	808	598
149	51465	419	813	589
150	51923	399	820	593
151	52342	160	807	576
152	52581	478	808	585
153	53239	140	809	594
154	53399	259	805	591
155	53977	359	808	585
156	54416	498	811	590
157	54974	259	811	600
158	55293	698	807	600
159	56030	359	802	599
160	56609	458	810	607
161	57087	219	810	609
162	57326	160	807	606
163	57605	259	812	603
164	57924	219	803	602
165	58164	259	806	598
166	58443	120	806	603
167	58582	698	806	601
168	59300	239	807	582
169	59559	159	811	583
170	59918	140	803	592
171	60157	738	812	598
172	60935	219	810	581
173	61274	598	805	591
174	61892	199	809	583
175	62111	120	808	594
176	62251	140	807	592
177	62430	598	815	598
178	63128	299	809	601
179	63766	160	807	617
180	64045	259	804	637
181	64424	179	803	647
182	64623	100	806	650
183	65042	379	790	612
184	65481	159	790	595
185	65680	259	797	598
186	65959	439	796	597
187	66418	438	802	594
188	66876	279	806	607
189	67195	359	806	602
190	67654	299	817	607
191	67973	279	816	603
192	68292	538	813	601
193	68850	319	819	611
194	69189	159	815	611
195	69368	140	815	600
196	69647	140	809	606
197	69807	120	819	600
198	69946	100	815	602
199	70066	219	833	607
200	70325	319	839	606
201	70664	459	841	612
202	71203	259	837	617
203	71502	239	844	616
204	71801	199	804	591
205	72020	219	812	594
206	72259	299	807	596
207	72678	179	810	591
208	72897	219	802	593
209	73156	100	812	587
210	73376	478	806	590
211	73874	120	812	577
212	74053	279	809	599
213	74352	179	810	600
214	74572	279	804	596
215	74871	140	808	600
216	75030	279	811	597
217	75489	1196	808	586
218	76984	159	806	582
219	77263	239	803	593
220	77522	399	798	595
221	78121	219	795	597
222	78360	279	798	595
223	78798	518	791	592
224	79337	538	792	599
225	79915	339	803	577
226	80393	299	800	573
227	80712	658	803	575
228	81490	359	807	580
229	81869	159	807	570
230	82048	159	808	580
231	82287	239	805	583
232	82566	219	808	578
233	82905	100	810	591
234	83025	179	799	590
235	83224	120	805	589
236	83424	578	804	589
237	84022	339	806	602
238	84461	100	805	599
239	84580	319	809	588
240	84919	239	810	588
241	85477	139	793	606
242	85976	937	809	597
243	86933	319	814	589
244	87272	658	808	596
245	88089	159	804	587
246	88368	419	806	595
247	88827	239	803	595
248	89086	219	805	598
249	89325	159	808	594
250	89504	159	804	576
251	89684	120	804	587
252	89863	339	809	588
253	90222	379	813	605
254	90741	299	809	597
255	91379	179	810	603
256	91698	239	808	602
257	91977	498	807	606
258	92515	139	800	588
259	92694	159	810	592
260	92934	140	807	583
261	93432	199	815	584
262	93651	219	806	567
263	93931	478	805	584
264	94449	359	813	598
265	94828	279	816	597
266	95147	399	816	604
267	95565	219	810	608
268	96123	140	828	562
269	96363	339	808	589
270	96841	100	801	588
271	96981	439	798	580
272	97439	379	804	577
273	97858	419	803	581
274	98297	100	816	581
275	98416	598	802	593
276	99333	199	804	572
277	99553	140	820	592
278	99772	279	816	591
279	100071	259	798	581
280	100350	259	798	586
281	100669	100	798	583
282	100849	379	798	583
283	101247	279	801	585
284	101646	459	807	584
285	102145	399	813	602
286	102563	100	817	605
287	102743	299	816	623
288	103181	339	811	624
289	103640	259	812	611
290	103919	937	810	602
291	104876	299	813	592
292	105235	140	806	607
293	106212	140	1164	1813
294	134083	140	882	719
295	134502	139	822	1886
296	134801	120	712	2135
297	134980	179	401	2063
298	135299	359	776	632
299	135678	159	777	647
300	136077	478	800	648
301	136635	179	804	643
302	137034	100	811	604
303	137174	140	806	593
304	137333	100	800	584
305	137532	618	797	603
306	138250	259	789	586
307	138589	140	785	596
308	138749	159	791	596
309	138928	199	785	590
310	139227	319	788	589
311	139745	100	783	584
312	139905	159	778	566
313	140164	139	792	564
314	140962	439	797	579
315	141420	179	795	580
316	141759	299	791	575
317	142357	199	799	584
318	142576	159	788	585
319	143055	179	791	548
320	143334	758	794	578
321	144112	160	794	558
322	144291	159	802	558
323	144470	279	798	570
324	144770	319	798	583
325	145248	100	799	590
326	145368	100	805	571
327	145547	458	798	582
328	146045	239	788	566
329	146384	259	796	582
330	146684	179	801	566
331	146903	199	793	565
332	147282	160	807	572
333	147461	159	802	577
334	147780	160	800	584
335	147959	459	801	576
336	148458	219	802	571
337	148757	159	805	550
338	149076	259	808	571
339	151189	160	2404	1540
340	173538	100	790	611
341	175313	100	1288	1356
342	175492	100	167	1568
343	175672	179	849	2341
344	176011	120	120	1395
345	176230	180	772	651
346	176549	140	761	637
347	176908	140	-201	1360
348	177107	120	344	1335
349	177326	159	721	659
350	177546	957	773	653
351	178802	140	784	587
352	179161	359	782	598
353	179579	219	787	606
354	179819	219	786	587
355	180078	179	788	581
356	180277	259	788	578
357	180576	159	791	572
358	180756	159	795	575
359	180935	179	795	581
360	181553	219	791	572
361	182091	140	790	559
362	182271	139	799	580
363	182430	518	792	583
364	182969	159	798	571
365	183188	219	797	581
366	183427	159	796	582
367	183607	797	797	586
368	184424	359	790	569
369	185182	299	801	585
370	185501	299	804	594
371	185840	199	801	590
372	186059	718	801	593
373	186797	179	803	592
374	186996	179	808	601
375	187195	140	809	573
376	187355	199	804	580
377	187574	478	807	574
378	188152	179	799	577
379	188372	100	802	578
380	188511	259	807	573
381	188790	857	806	581
382	189867	259	812	560
383	190146	339	802	581
384	190505	179	805	583
385	203583	100	800	686
386	204002	120	801	657
387	205597	239	778	588
388	205916	120	760	593
389	206295	120	777	576
390	206634	279	787	579
391	206933	120	789	577
392	207172	180	796	572
393	207371	179	796	569
394	208528	140	797	568
395	208687	120	786	575
396	208827	100	782	565
397	208946	120	783	589
398	209186	379	784	602
399	209724	100	722	596
400	209844	359	723	617
401	210302	179	801	600
402	211418	120	795	578
403	211857	100	818	581
404	211977	618	811	579
405	212894	120	812	579
406	213133	578	806	586
407	213731	319	806	581
408	214070	339	809	584
409	214429	698	798	578
410	215147	758	802	579
411	216104	120	815	570
412	216263	359	804	594
413	216642	279	812	593
414	217021	199	797	590
415	217300	498	798	581
416	217858	100	809	580
417	218018	100	799	587
418	218317	299	800	591
419	218636	478	800	581
420	219154	399	805	593
421	219573	279	799	587
422	219892	120	801	592
423	220031	160	795	576
424	220251	120	794	575
425	220470	339	799	598
426	220888	399	799	572
427	221307	1116	805	577
428	222783	159	806	597
429	222982	439	796	589
430	223440	100	801	576
431	223660	399	804	592
432	224098	120	788	570
433	224238	139	794	570
434	224397	538	791	584
435	224956	279	798	585
436	225275	120	804	585
437	225414	139	792	575
438	225733	538	793	561
439	226291	159	792	511
440	226471	179	798	507
441	226690	239	805	595
442	227208	259	800	582
443	227488	459	808	583
444	227986	279	806	592
445	228365	219	801	573
446	228724	618	800	558
447	229501	120	796	597
448	229860	319	798	520
449	230498	140	795	582
450	230897	100	790	568
451	231016	100	792	570
452	231156	160	787	578
453	231335	100	793	584
454	231455	239	789	582
455	231774	698	793	589
456	232492	259	794	592
457	232791	458	804	602
458	233369	120	797	575
459	233509	1037	797	584
460	234585	100	795	586
461	234705	459	799	580
462	235183	120	798	579
463	235323	339	803	581
464	235841	100	798	591
465	235961	299	809	582
466	236439	618	807	582
467	237316	120	806	601
468	237456	718	797	598
469	238214	419	796	588
470	238752	120	792	599
471	238931	160	797	588
472	239171	100	798	583
473	239410	219	794	591
474	239709	139	795	573
475	239888	199	796	575
476	240108	279	792	576
477	240407	179	796	589
478	240606	319	808	591
479	240965	100	806	598
480	241085	239	804	593
481	241344	179	800	586
482	241543	179	803	590
483	241763	120	804	604
484	242161	299	806	601
485	242500	120	798	590
486	242640	120	804	595
487	242779	877	795	581
488	243696	100	794	585
489	243896	379	804	584
490	244294	598	803	580
491	244912	100	809	590
492	245092	279	805	583
493	245391	120	811	576
494	245550	239	802	573
495	245869	139	805	597
496	246029	219	802	593
497	248222	120	755	2474
498	248720	120	1740	2377
499	249299	139	1723	2361
500	251193	100	1816	2395
501	253864	120	468	-299
502	259925	100	2965	1701
503	268877	100	803	699
504	269056	100	715	697
505	269594	179	762	691
506	270172	319	759	655
507	270511	618	772	622
508	271488	339	791	590
509	271987	179	792	590
510	272186	159	786	601
511	272386	100	779	594
512	272505	399	789	591
513	273063	120	811	556
514	273203	199	794	585
515	273422	299	794	592
516	273761	120	816	584
517	273980	359	796	579
518	274359	379	790	582
519	274758	219	789	586
520	274997	419	784	580
521	275436	279	787	581
522	275795	279	793	584
523	276273	160	796	568
524	276492	180	794	568
525	276752	498	796	570
526	277270	678	802	582
527	278087	140	779	580
528	278247	718	779	588
529	279005	299	796	585
530	279583	598	803	587
531	280360	199	796	588
532	280580	618	797	589
533	281218	658	794	593
534	281895	797	798	594
535	282773	159	800	597
536	283411	160	813	616
537	283590	100	813	636
538	304703	120	755	606
539	305182	100	792	640
540	305760	100	841	547
541	306059	159	834	541
542	306358	139	846	543
543	306557	179	847	546
544	307514	319	801	618
545	307993	219	829	604
546	308232	100	831	600
547	308372	120	798	606
548	308671	120	849	581
549	308810	100	873	558
550	308930	239	845	575
551	309189	140	824	583
552	309528	100	821	588
553	309727	140	836	568
554	309967	100	843	564
555	310266	120	808	554
556	310405	120	799	570
557	310724	299	796	586
558	312120	140	831	569
559	312279	259	807	586
560	312598	160	869	589
561	312877	259	881	558
562	313515	100	834	586
563	313954	199	792	553
564	314173	179	793	574
565	314592	359	791	583
566	315070	678	791	583
567	315768	100	783	590
568	315908	219	792	571
569	316167	179	804	581
570	316366	100	795	615
571	316486	139	795	607
572	316645	179	789	602
573	316924	279	799	615
574	317702	179	1506	1475
575	317901	140	1486	1472
576	323504	120	803	633
577	325178	199	847	285
578	328169	100	793	690
579	328368	120	796	646
580	329086	279	791	647
581	329385	120	775	633
582	329565	120	790	650
583	329744	199	797	644
584	330282	160	800	579
585	330561	359	808	580
586	331020	199	796	579
587	331239	120	792	586
588	331538	698	802	585
589	332276	100	803	578
590	332595	399	803	587
591	333053	100	805	587
592	333173	259	804	581
593	333452	159	812	593
594	333671	100	810	581
595	333811	120	805	586
596	333990	179	807	593
597	334409	399	805	587
598	335047	259	810	598
599	335326	279	805	597
600	335625	419	800	589
601	336064	279	795	579
602	336363	119	793	583
603	336722	140	800	593
604	336901	498	795	568
605	337420	279	796	582
606	338137	897	806	597
607	339054	299	808	576
608	339393	359	811	576
609	339892	160	814	587
610	340370	498	791	586
611	341088	299	794	587
612	341407	159	795	613
613	341586	140	787	594
614	341806	100	803	591
615	342025	419	805	587
616	342464	339	807	591
617	342822	179	810	588
618	343022	100	807	595
619	343161	419	807	594
620	343600	219	803	600
621	343839	140	795	598
622	343999	459	796	595
623	344477	160	795	589
624	344716	179	801	590
625	344916	359	806	590
626	345354	120	803	595
627	345494	160	808	588
628	345693	379	801	571
629	346112	259	808	567
630	346411	459	806	573
631	346890	299	805	584
632	347229	120	802	588
633	347388	100	808	607
634	347508	120	804	593
635	347847	120	802	606
636	348086	638	801	580
637	348883	120	792	566
638	349043	199	794	569
639	349262	119	803	577
640	349402	299	799	569
641	349721	159	802	576
642	350000	120	789	561
643	350438	179	794	576
644	350638	120	800	587
645	350997	100	794	583
646	351216	219	797	600
647	351635	159	809	571
648	351814	598	807	582
649	352532	219	804	580
650	352791	120	805	588
651	352970	120	792	567
652	353150	359	801	575
653	353529	120	799	565
654	353808	199	804	595
655	354246	100	810	580
656	354366	120	794	603
657	354745	179	802	583
658	354964	100	796	587
659	355542	140	793	591
660	355702	379	797	580
661	356340	339	802	576
662	356699	359	803	582
663	357077	259	801	580
664	357456	100	816	603
665	357675	159	812	604
666	357975	159	807	605
667	358433	299	805	568
668	358832	140	797	548
669	359290	100	800	570
670	359829	100	807	582
671	359948	179	809	568
672	360148	100	810	589
673	360267	140	817	583
674	360427	120	809	581
675	360686	239	809	585
676	361105	139	813	590
677	361384	160	820	570
678	361643	160	807	568
679	362002	100	808	569
680	362181	120	801	575
681	362540	439	799	575
682	363078	239	797	577
683	363338	140	796	570
684	363497	159	806	567
685	363716	159	803	566
686	363896	100	805	585
687	364115	239	797	583
688	364434	140	797	577
689	364594	100	802	582
690	364753	199	810	582
691	365192	100	798	581
692	365411	399	798	568
693	365830	239	796	569
694	366248	239	798	576
695	366747	100	789	572
696	367126	299	795	575
697	367943	139	804	567
698	368122	120	815	570
699	368262	120	816	563
700	378988	239	780	633
701	379566	179	780	643
702	379785	279	773	664
703	380184	140	776	653
704	380344	160	778	654
705	381161	119	776	588
706	381640	119	814	567
707	381899	100	782	598
708	382138	100	793	602
709	382258	339	795	601
710	382656	120	795	588
711	382975	180	785	597
712	383374	199	792	596
713	383613	100	792	588
714	383733	100	784	574
715	383932	120	787	583
716	384092	159	791	608
717	384291	140	787	604
718	384630	120	794	570
719	384770	140	797	582
720	385129	179	787	590
721	385348	299	796	599
722	385667	299	793	582
723	385986	100	791	590
724	386105	159	792	587
725	386385	140	798	593
726	386624	100	793	579
727	386803	239	801	576
728	387262	379	793	595
729	387820	159	803	573
730	388099	159	799	583
731	388398	319	806	596
732	388737	299	810	603
733	389096	319	821	614
734	389515	120	797	584
735	389734	339	800	583
736	390093	259	801	577
737	390611	119	807	587
738	390751	100	795	604
739	391129	120	803	610
740	391269	120	805	590
741	391588	120	803	588
742	391807	319	801	587
743	392146	319	808	586
744	392605	379	804	577
745	393163	219	797	587
746	399463	100	743	631
747	399922	139	783	620
748	400400	199	789	632
749	400639	299	800	636
750	403550	120	2671	2478
751	404208	120	902	2318
752	404627	100	721	2375
753	404906	100	724	2330
754	405205	120	573	2143
755	405484	319	586	2036
756	406042	100	761	714
757	406282	120	767	687
758	406581	199	753	679
759	407219	120	795	564
760	407378	120	791	589
761	407717	140	772	604
762	407877	100	787	591
763	408016	120	766	582
764	408235	199	783	591
765	408475	159	788	577
766	408654	219	791	588
767	409212	139	799	590
768	409452	279	805	570
769	409790	399	803	576
770	410468	139	794	584
771	410628	100	798	583
772	410747	179	798	595
773	411465	219	790	605
774	411904	139	791	591
775	412123	120	809	585
776	412362	100	784	612
777	412522	399	791	594
778	413279	120	781	582
779	413539	100	803	579
780	413758	379	805	595
781	414316	160	807	581
782	414635	199	805	585
783	414874	120	817	586
784	415034	160	814	590
785	415433	120	814	593
786	415572	259	814	583
787	415931	239	813	584
788	416529	100	792	566
789	416868	199	818	563
790	417247	140	801	583
791	417426	219	804	571
792	417685	319	802	580
793	418024	139	803	584
794	418303	120	814	587
795	418722	319	814	581
796	419340	239	813	607
797	419599	160	803	592
798	419779	119	811	593
799	420058	239	812	594
800	420616	259	793	573
801	420895	199	794	572
802	421134	120	796	573
803	421334	140	804	583
804	421493	120	800	594
805	421753	219	810	586
806	421992	160	817	583
807	422171	179	813	582
808	422430	100	808	579
809	422829	120	819	572
810	423048	120	816	598
811	423268	139	819	602
812	423547	100	816	599
813	423706	259	812	597
814	424045	100	811	593
815	424205	100	811	580
816	424324	120	813	599
817	424464	219	807	602
818	424863	439	821	599
819	425361	100	812	583
820	425501	259	809	597
821	425860	120	818	591
822	426039	399	816	595
823	426557	140	821	603
824	426956	159	810	601
825	427195	179	816	594
826	427415	159	816	596
827	427694	219	814	605
828	428033	119	813	600
829	428172	100	819	605
830	428292	120	810	604
831	428431	100	811	602
832	428691	139	813	601
833	428850	160	808	586
834	429109	100	816	585
835	429229	100	812	579
836	429348	359	810	585
837	430086	140	799	573
838	430365	100	800	581
839	430884	179	820	581
840	431183	140	817	577
841	431342	219	810	588
842	431581	219	812	580
843	431821	160	807	590
844	432000	120	802	587
845	432140	159	809	594
846	432319	120	814	585
847	432459	140	817	594
848	432618	100	797	582
849	432798	199	805	603
850	438679	199	804	672
851	439098	120	802	658
852	439357	139	795	657
853	439656	100	1084	403
854	440015	140	795	645
855	440174	100	791	630
856	440294	120	783	649
857	440433	399	788	633
858	441251	359	799	614
859	441630	100	801	618
860	441749	140	800	610
861	441989	339	806	599
862	442347	179	808	574
863	442786	199	811	589
864	443005	319	803	581
865	443424	100	789	589
866	444241	439	802	588
867	444959	120	802	590
868	445099	239	795	576
869	445796	259	800	591
870	446155	219	809	563
871	446395	538	804	581
872	447132	100	792	578
873	447252	219	803	579
874	447571	299	818	580
875	447910	100	816	599
876	448069	120	811	576
877	448328	100	808	596
878	448468	120	813	587
879	448647	179	818	595
880	448847	279	807	598
881	449166	259	811	571
882	449804	159	795	574
883	450083	259	800	578
884	450362	618	799	580
885	451000	100	803	571
886	451140	140	805	578
887	451299	399	807	574
888	451718	299	805	593
889	452176	120	806	564
890	452336	120	800	575
891	458277	100	788	637
892	458576	179	790	636
893	458875	100	790	644
894	459354	179	771	629
895	459593	120	789	660
896	459772	319	776	621
897	460111	299	787	613
898	460530	259	795	609
899	460829	279	798	609
900	461128	179	797	597
901	461447	259	795	606
902	461726	299	797	613
903	462065	458	792	603
904	462563	120	790	598
905	462962	139	780	606
906	463122	179	792	592
907	463341	159	787	590
908	463680	140	798	609
909	463839	219	789	608
910	464158	299	794	596
911	464477	100	791	608
912	464597	100	796	601
913	464816	439	800	605
914	465295	419	798	594
915	465733	219	792	593
916	466012	379	797	600
917	466411	199	797	598
918	466670	179	790	606
919	466870	279	799	604
920	467189	419	797	612
921	467627	438	796	601
922	468086	199	792	611
923	468445	120	802	596
924	468584	419	795	604
925	469123	100	795	585
926	469362	159	803	608
927	469561	100	805	615
928	469681	259	803	595
929	470119	160	793	595
930	470418	299	791	597
931	470897	159	788	608
932	471076	259	789	607
933	471356	259	798	603
934	471635	498	794	590
935	472831	100	1883	1104
936	479430	339	789	649
937	480148	140	804	596
938	480427	339	789	602
939	480786	439	790	614
940	481244	179	800	614
941	481444	180	808	618
942	481743	160	787	618
943	482062	279	791	624
944	482440	279	803	611
945	482740	179	799	601
946	482999	120	803	602
947	483577	120	810	609
948	483736	140	803	603
949	483916	239	799	604
950	484175	1077	794	605
951	485272	219	797	605
952	485511	299	800	610
953	485830	199	799	596
954	486089	100	805	603
955	486428	299	791	595
956	486747	179	794	601
957	487106	139	801	602
958	487365	120	799	603
959	487544	458	795	608
960	488103	119	802	611
961	488342	100	809	620
962	488461	100	810	611
963	488581	339	812	615
964	488940	319	803	599
965	489279	458	800	597
966	489897	179	804	594
967	490096	279	795	592
968	490415	518	807	589
969	490954	399	809	599
970	491372	319	813	604
971	491731	120	797	610
972	491871	279	811	606
973	497572	100	1914	733
974	497732	100	884	624
975	497951	139	818	643
976	498111	100	798	637
977	498230	159	793	632
978	498629	199	789	619
979	498888	120	799	619
980	499287	120	780	621
981	499586	100	775	607
982	499726	100	780	604
983	499845	179	789	607
984	500065	219	804	605
985	500384	100	805	622
986	500523	359	796	614
987	500942	419	799	604
988	501500	139	809	605
989	502417	399	800	604
990	502936	299	806	585
991	503454	100	807	596
992	503574	239	804	592
993	503873	399	808	593
994	504391	140	806	597
995	504730	120	800	576
996	504869	140	794	576
997	505109	159	803	595
998	505388	120	801	571
999	505687	100	809	574
1000	505866	140	798	605
1001	506106	120	808	592
1002	506544	140	807	603
1003	506724	259	810	601
1004	507023	100	816	607
1005	508039	239	789	603
1006	508318	159	799	602
1007	508498	359	798	600
1008	508956	279	807	609
1009	509256	797	803	609
1010	510093	239	803	603
1011	510352	777	806	602
1012	511169	100	813	610
1013	515974	239	783	649
1014	516672	259	785	654
1015	517250	140	798	646
1016	517470	119	783	639
1017	517629	100	781	652
1018	517888	179	790	630
1019	518088	259	791	618
1020	518546	299	802	598
1021	518885	518	796	610
1022	519443	100	797	603
1023	519663	179	795	598
1024	520181	140	795	617
1025	520560	100	798	606
1026	520819	140	794	593
1027	520978	100	799	596
1028	521118	299	792	602
1029	521517	299	794	609
1030	521896	100	798	589
1031	522095	359	794	606
1032	522573	439	803	601
1033	523510	159	795	594
1034	523690	100	796	594
1035	523829	120	797	576
1036	524049	120	800	585
1037	524188	379	798	587
1038	524587	219	801	599
1039	524826	120	800	593
1040	524966	538	801	595
1041	525524	159	795	600
1042	525703	359	801	597
1043	526102	140	801	600
1044	526361	239	803	588
1045	526640	798	799	591
1046	527518	299	795	598
1047	527837	299	792	601
1048	528176	159	799	604
1049	528355	279	791	599
1050	528654	100	801	614
1051	528814	478	797	595
1052	529332	120	813	591
1053	529472	259	815	597
1054	529810	199	797	614
1055	534994	279	786	622
1056	535473	120	800	641
1057	535851	100	785	639
1058	536051	259	784	645
1059	536330	797	789	629
1060	537147	179	801	618
1061	537347	179	795	601
1062	537646	558	794	622
1063	538224	140	800	606
1064	538463	100	809	598
1065	538583	239	806	610
1066	538842	239	802	614
1067	539320	359	802	605
1068	539699	379	797	574
1069	540098	678	802	593
1070	540816	179	809	600
1071	541015	140	811	609
1072	541533	638	810	594
1073	542191	120	809	615
1074	542331	1156	817	602
1075	543527	140	804	617
1076	543707	139	803	603
1077	543866	379	809	589
1078	544364	279	811	590
1079	544663	199	808	595
1080	545042	100	814	588
1081	545401	299	813	599
1082	545840	319	812	595
1083	546179	379	819	592
1084	546577	179	822	587
1085	547116	179	814	601
1086	547335	120	812	599
1087	547474	479	806	594
1088	547993	379	803	597
1089	548392	179	803	592
1090	548611	917	812	599
1091	555170	179	804	630
1092	555449	100	801	646
1093	555968	259	805	635
1094	556426	120	794	649
1095	556685	199	788	556
1096	556905	159	795	545
1097	557104	199	800	605
1098	557343	120	794	621
1099	557622	100	799	616
1100	557902	120	801	621
1101	558061	259	807	606
1102	558440	219	805	601
1103	558958	239	811	610
1104	559217	140	806	603
1105	559477	179	811	593
1106	559995	120	815	592
1107	560234	120	807	592
1108	560394	299	809	594
1109	560792	359	813	601
1110	561331	279	810	596
1111	561630	219	816	593
1112	561889	439	809	608
1113	562347	179	814	606
1114	562587	139	804	599
1115	563125	120	824	610
1116	563484	259	800	612
1117	563803	239	800	615
1118	564162	419	793	632
1119	564620	140	801	630
1120	564780	379	795	653
1121	565218	159	797	671
1122	565438	100	798	680
1123	565936	159	807	643
1124	566135	120	813	646
1125	566295	120	803	639
1126	566554	100	782	657
1127	566773	179	781	648
1128	567192	199	788	607
1129	567491	319	777	640
1130	567970	259	784	625
1131	568289	120	786	603
1132	568428	459	795	619
1133	569126	259	794	628
1134	569425	120	784	611
1135	569585	239	791	608
1136	569884	139	788	611
1137	570043	179	793	599
1138	583082	100	775	671
1139	583401	140	768	645
1140	583580	419	771	674
1141	584138	119	761	698
1142	587627	159	780	628
1143	587907	140	755	666
1144	588066	100	761	686
1145	588365	179	749	689
1146	588724	100	769	605
1147	588863	120	764	663
1148	589003	120	766	648
1149	589242	160	766	642
1150	589462	139	767	645
1151	589880	239	771	629
1152	590219	279	769	636
1153	590538	219	771	632
1154	590997	518	781	625
1155	591535	100	784	608
1156	591675	239	782	615
1157	591934	120	775	627
1158	592073	140	778	624
1159	592372	180	778	629
1160	592572	518	785	612
1161	593130	159	795	608
1162	593309	498	789	606
1163	593828	299	792	620
1164	594306	219	799	586
1165	594546	199	794	585
1166	594785	100	804	604
1167	594904	120	799	598
1168	595104	239	803	596
1169	595482	239	793	607
1170	595742	120	798	607
1171	595961	120	800	613
1172	596280	120	805	607
1173	596439	359	802	609
1174	596818	100	800	611
1175	596958	439	796	614
1176	597436	140	804	603
1177	597596	279	796	610
1178	597955	120	783	597
1179	598114	140	795	587
1180	598294	120	795	585
1181	598712	140	797	605
1182	598952	339	797	596
1183	599330	199	803	595
1184	599570	179	805	598
1185	599869	120	802	596
1186	600008	139	805	596
1187	600387	259	804	591
1188	600666	179	806	596
1189	600866	100	794	592
1190	600985	159	798	601
1191	601165	259	792	614
1192	609438	159	782	643
1193	609817	160	763	641
1194	609997	259	757	643
1195	610734	100	753	624
1196	611053	100	778	581
1197	611173	259	785	610
1198	611492	140	785	607
1199	611791	100	792	620
1200	611930	199	787	611
1201	612329	140	793	620
1202	612509	339	802	625
1203	613027	159	799	640
1204	613406	139	799	610
1205	613964	359	798	635
1206	614343	319	795	608
1207	614682	159	794	614
1208	614861	359	801	601
1209	615599	219	801	605
1210	615878	100	792	607
1211	616117	259	800	612
1212	616416	140	804	612
1213	616576	100	802	603
1214	616815	100	794	596
1215	616994	439	794	613
1216	617612	140	793	616
1217	617772	159	804	623
1218	617952	140	798	593
1219	618131	199	795	600
1220	618350	180	798	608
1221	618549	140	803	592
1222	618749	120	807	602
1223	618888	299	800	605
1224	619467	100	798	598
1225	619965	239	790	607
1226	620224	199	783	608
1227	620483	120	795	604
1228	620742	558	800	591
1229	621720	399	800	611
1230	622338	259	806	623
1231	622677	100	815	604
1232	622796	120	803	596
1233	622936	199	808	613
1234	623175	120	803	616
1235	633941	100	777	584
1236	634320	199	773	666
1237	634579	239	760	654
1238	635017	120	756	607
1239	635177	180	768	614
1240	635456	299	789	614
1241	635795	159	793	600
1242	635994	239	796	607
1243	636253	199	802	591
1244	636473	140	790	594
1245	636632	299	801	595
1246	636951	219	797	615
1247	637190	359	796	617
1248	637629	439	801	597
1249	638267	139	800	580
1250	638426	678	794	598
1251	639124	319	796	608
1252	639463	219	800	598
1253	639782	100	798	598
1254	639962	259	804	604
1255	640500	239	804	604
1256	640899	339	804	586
1257	641258	100	802	588
1258	641377	160	804	593
1259	641616	120	811	595
1260	641856	339	796	591
1261	642235	777	806	595
1262	643032	159	811	591
1263	643211	339	807	593
1264	643570	359	809	594
1265	643989	299	809	594
1266	644308	359	810	590
1267	644826	140	799	600
1268	644986	159	805	591
1269	645225	199	782	609
1270	645444	139	798	594
1271	645684	458	800	605
1272	646182	817	807	603
1273	647019	120	812	587
1274	647159	159	811	597
1275	647338	219	809	586
1276	647578	179	811	584
1277	647777	179	816	600
1278	648036	120	813	602
1279	648256	239	810	618
1280	666717	140	996	2142
1281	666956	179	778	2294
1282	667953	319	794	664
1283	668412	120	781	661
1284	668551	120	784	656
1285	668691	159	795	671
1286	668870	279	785	647
1287	669369	419	772	665
1288	669827	199	782	636
1289	670625	419	774	618
1290	671063	120	777	595
1291	671263	160	790	598
1292	671442	179	794	585
1293	671661	100	795	598
1294	671801	199	786	601
1295	672220	179	799	628
1296	672578	179	809	653
1297	672937	199	784	644
1298	673177	139	785	639
1299	673336	140	780	640
1300	673515	160	774	638
1301	673755	120	762	630
1302	674094	159	770	618
1303	674273	159	781	595
1304	674453	119	786	615
1305	674592	239	786	611
1306	674971	199	776	611
1307	675190	120	787	623
1308	675330	239	785	592
1309	676346	339	786	660
1310	677004	100	796	584
1311	677244	199	809	588
1312	677483	199	808	588
1313	677702	179	805	585
1314	678061	219	801	609
1315	678300	219	797	595
1316	678759	219	805	563
1317	678998	100	810	565
1318	679218	159	807	574
1319	679536	100	805	575
1320	679656	160	804	585
1321	679915	120	805	577
1322	680075	100	795	576
1323	680454	159	797	585
1324	680892	120	793	591
1325	681052	100	792	600
1326	681251	259	796	601
1327	681710	120	799	597
1328	681949	478	799	592
1329	682686	159	802	628
1330	682946	379	788	640
1331	683364	239	794	639
1332	683643	299	795	636
1333	683962	100	792	643
1334	684102	120	764	657
1335	684242	159	791	648
1336	695187	239	772	641
1337	695446	100	770	642
1338	695905	140	796	645
1339	696064	120	776	629
1340	696204	100	785	607
1341	696383	159	794	600
1342	696682	100	797	620
1343	696862	339	797	602
1344	699254	100	1724	494
1345	699533	179	785	612
1346	699733	219	796	606
1347	699972	100	797	611
1348	700151	120	797	627
1349	700311	399	798	623
1350	700988	140	806	593
1351	701248	319	803	622
1352	701826	359	809	599
1353	702404	299	808	606
1354	702982	339	806	604
1355	703341	179	814	589
1356	703540	120	811	581
1357	703720	259	815	592
1358	703999	199	812	595
1359	704238	179	818	598
1360	704637	120	810	590
1361	704856	239	800	586
1362	705474	140	825	598
1363	705634	279	804	593
1364	705933	399	810	585
1365	706391	140	809	586
1366	706551	100	818	585
1367	706670	419	809	587
1368	707109	219	812	586
1369	707428	179	806	597
1370	707986	139	812	609
1371	708246	140	810	620
1372	708445	219	801	627
1373	709103	199	794	604
1374	709362	199	799	592
1375	709661	100	809	578
1376	709840	120	810	602
1377	709980	159	806	600
1378	710160	179	800	606
1379	710359	299	801	607
1380	710758	239	798	601
1381	711116	140	811	603
1382	711894	100	807	600
1383	712014	100	809	581
1384	712213	140	802	596
1385	712372	219	805	587
1386	712711	139	812	589
1387	712931	359	810	601
1388	713409	120	816	587
1389	713589	179	755	609
1390	713947	239	755	622
1391	714207	239	799	609
1392	714486	139	802	604
1393	714924	159	803	617
1394	715104	439	804	612
1395	715642	239	803	596
1396	716041	199	803	611
1397	716260	120	807	589
1398	716400	100	803	608
1399	716579	100	809	628
1400	716818	100	804	613
1401	716938	100	795	624
1402	717436	100	791	621
1403	717875	100	812	594
1404	717995	120	807	593
1405	718154	259	812	593
1406	718433	199	816	589
1407	718653	419	815	606
1408	719111	120	818	627
1409	719251	100	813	609
1410	719510	180	815	616
1411	720407	100	818	605
