Data properties:
 
Recording date: 9/17/2008
Recording time : 13:50:51:257 (corresponds to time 0)
Study: SD Experiment
Subject: LM
Recording: LMT
Screen resolution: 1600 x 1200
Coordinate unit: Pixels
 
 
Filter settings:
 
Eye: Average
Validity level: Normal
Fixation radius: 30
Min duration: 100
 
Fix number	Timestamp	Duration	GazepointX	GazepointY
 
1	59	239	590	762
2	457	359	787	610
3	836	219	781	617
4	1075	199	785	621
5	1394	239	802	629
6	2232	359	912	1707
7	2650	159	1075	2307
8	6957	239	941	1855
9	8332	199	788	615
10	8572	120	788	616
11	8711	219	788	635
12	8990	459	784	649
13	9469	219	778	630
14	9748	140	777	630
15	10107	339	789	602
16	10506	259	779	609
17	10924	618	793	598
18	11662	419	804	616
19	12100	199	788	635
20	12320	598	781	608
21	12938	279	783	601
22	13237	219	775	603
23	13715	120	787	596
24	13875	120	783	595
25	14174	478	792	585
26	14672	120	789	595
27	14812	239	786	604
28	15151	120	799	615
29	15729	100	791	577
30	15888	239	799	576
31	16168	439	798	587
32	16726	319	801	585
33	17105	259	795	589
34	17683	339	797	600
35	18042	199	803	585
36	18381	159	815	565
37	18739	179	811	582
38	19058	299	819	582
39	19497	179	814	599
40	19816	319	815	574
41	20155	199	809	572
42	20494	139	796	589
43	20653	478	802	607
44	21252	319	805	599
45	21610	339	804	586
46	21969	339	819	604
47	22328	219	817	576
48	23165	199	800	590
49	23405	199	799	584
50	23624	159	801	596
51	23923	179	802	608
52	24501	359	796	609
53	24880	458	797	620
54	25418	140	793	614
55	25598	120	789	604
56	25777	120	784	576
57	25917	159	789	596
58	26196	100	775	601
59	26814	219	793	575
60	27073	120	791	570
61	27352	100	793	541
62	27472	159	796	550
63	27651	279	795	573
64	28050	339	790	575
65	28429	359	796	590
66	28808	120	784	577
67	29067	100	792	600
68	29346	219	786	610
69	29745	279	801	580
70	30064	100	795	586
71	30203	379	802	593
72	30801	100	797	604
73	30921	199	810	602
74	31300	219	798	609
75	32057	140	794	628
76	32237	100	802	634
77	32596	219	1269	130
78	32935	239	1981	28
79	33393	159	1991	134
80	34549	120	270	128
81	34769	239	-308	608
82	35108	159	-349	989
83	35606	159	807	613
84	36005	618	811	631
85	36643	239	798	623
86	36922	478	797	624
87	37600	239	775	611
88	37859	299	770	613
89	38178	279	774	604
90	38477	179	777	598
91	38696	119	777	600
92	38836	100	775	592
93	38956	199	774	574
94	39275	299	779	566
95	39833	259	794	600
96	40152	139	790	581
97	40311	139	792	574
98	40531	100	784	584
99	40650	160	800	572
100	40929	199	793	585
101	41169	638	798	563
102	41866	239	793	537
103	42146	439	798	546
104	42604	478	796	578
105	43122	259	812	569
106	44498	120	804	565
107	44717	100	804	577
108	44837	100	806	581
109	45216	120	779	584
110	45355	478	794	577
111	46512	179	805	599
112	46731	100	812	581
113	46970	140	787	551
114	47209	140	787	559
115	47369	100	796	551
116	47748	140	806	537
117	48386	119	801	560
118	48545	339	800	577
119	48924	159	800	576
120	49103	140	800	571
121	49422	120	803	569
122	49662	139	790	580
123	49921	379	789	603
124	50379	279	799	594
125	50898	140	791	586
126	51356	139	797	596
127	51516	259	798	578
128	51815	100	806	579
129	51955	259	1303	516
130	52313	100	780	590
131	52433	100	718	533
132	52931	120	1160	195
133	53490	100	458	334
134	53649	179	291	295
135	53888	140	177	130
136	54347	100	174	136
137	54586	140	807	448
138	55483	299	757	644
139	55802	199	764	633
140	56161	179	1096	621
141	56360	160	1095	624
142	56560	100	1098	638
143	56699	120	1099	658
144	56879	140	1287	916
145	57058	259	1246	800
146	58015	100	892	859
147	58354	120	935	734
148	58534	159	808	667
149	58713	100	778	637
150	58932	120	1344	1320
151	59431	458	783	625
152	59929	319	783	623
153	60288	159	1295	555
154	60587	159	1294	447
155	60886	100	1936	492
156	61285	179	797	625
157	61484	120	795	620
158	61744	159	778	625
159	62242	179	1305	441
160	62681	160	1915	472
161	62940	199	1888	464
162	69240	279	745	636
163	70635	100	167	1135
164	71214	100	-379	844
165	71592	140	772	629
166	71971	239	776	598
167	72250	219	784	615
168	72789	538	783	614
169	73347	299	800	593
170	73666	199	803	592
171	74005	159	794	583
172	74184	299	789	579
173	74503	478	778	564
174	75002	219	784	556
175	75261	319	776	561
176	75600	398	781	573
177	76118	299	770	573
178	76975	120	792	567
179	77175	120	791	577
180	77514	120	787	571
181	77753	100	791	571
182	77952	140	790	552
183	78132	259	789	554
184	78411	120	777	583
185	78570	239	798	573
186	78949	359	801	577
187	79507	160	788	551
188	79687	120	784	574
189	80265	100	788	554
190	80584	120	782	574
191	80823	120	787	572
192	81023	100	780	567
193	81421	160	791	593
194	81621	259	791	586
195	81999	199	795	605
196	82219	100	807	606
197	82338	458	789	602
198	83016	259	779	569
199	83315	100	773	576
200	83435	100	773	562
201	84033	159	778	561
202	84611	239	791	533
203	84870	100	798	573
204	85090	179	799	572
205	85409	140	802	544
206	85588	319	798	547
207	85927	219	797	548
208	86166	140	793	556
209	86326	159	790	577
210	86505	658	784	577
211	87243	159	785	545
212	87582	120	788	562
213	87901	139	806	560
214	88060	159	791	588
215	88419	339	789	615
216	88798	219	796	615
217	89077	538	791	622
218	89994	239	776	592
219	90253	239	785	587
220	90672	179	788	603
221	90871	399	790	588
222	91410	259	794	602
223	91689	160	792	598
224	91868	339	788	595
225	92227	299	783	581
226	92726	140	788	569
227	92925	120	790	584
228	93144	279	786	559
229	93802	359	794	546
230	94181	319	795	544
231	94540	299	802	539
232	95098	199	800	568
233	95656	120	810	585
234	95915	100	801	589
235	96055	239	783	565
236	96773	100	768	577
237	97112	100	795	583
238	97351	199	799	576
239	97670	279	804	580
240	98089	279	804	589
241	98408	120	804	600
242	98627	160	810	592
243	98826	120	810	589
244	99684	140	796	601
245	99843	120	798	609
246	100042	518	794	591
247	100601	100	793	560
248	100740	179	796	569
249	101259	100	795	577
250	101438	379	788	595
251	101917	279	795	581
252	102475	100	800	604
253	102594	100	795	598
254	102714	239	805	595
255	103192	159	794	577
256	103731	160	797	556
257	104428	140	784	619
258	104668	100	343	981
259	104887	299	157	1329
260	105465	219	1519	1475
261	105784	359	1435	1366
262	106203	120	890	709
263	106642	179	776	623
264	106941	319	775	601
265	107379	179	783	595
266	107718	140	778	588
267	107897	100	787	581
268	108017	199	785	611
269	108236	180	797	589
270	108595	359	788	583
271	109074	239	781	573
272	109532	219	783	547
273	110509	199	779	558
274	110749	100	777	580
275	110948	159	772	582
276	111247	299	769	576
277	111566	120	781	576
278	112284	219	783	580
279	112523	199	790	610
280	113221	439	789	557
281	113719	160	784	562
282	114357	359	781	561
283	114816	100	782	522
284	114935	100	788	545
285	115055	140	790	518
286	115374	379	792	532
287	115892	219	788	543
288	116171	159	788	541
289	116470	120	798	534
290	116610	239	796	527
291	116869	219	792	498
292	117627	100	772	575
293	117786	379	787	571
294	118185	259	785	551
295	118803	100	784	543
296	118943	100	781	554
297	119062	100	776	557
298	119242	199	772	578
299	119461	219	790	580
300	119720	100	786	567
301	119860	239	788	556
302	120159	478	796	558
303	120677	159	793	574
304	121096	100	757	587
305	121295	359	782	615
306	121774	120	777	624
307	122093	120	789	599
308	122252	139	798	583
309	122531	299	785	569
310	123050	299	787	560
311	123488	140	791	547
312	124266	279	788	572
313	124605	120	786	544
314	124924	199	796	567
315	125641	299	793	569
316	126120	100	794	545
317	126439	159	791	558
318	126618	219	796	570
319	126957	120	791	571
320	127196	199	815	539
321	127456	100	831	544
322	127575	159	821	572
323	127775	199	799	578
324	128193	100	807	579
325	128831	279	798	583
326	129130	120	793	590
327	129370	119	800	590
328	129669	140	808	564
329	129828	319	802	557
330	130167	259	798	558
331	130466	139	798	572
332	130626	259	798	584
333	131004	219	808	594
334	131343	199	805	582
335	131722	160	796	578
336	132280	140	794	554
337	132560	120	789	568
338	132859	200	792	564
339	133218	120	805	542
340	133457	179	797	549
341	133736	518	802	581
342	134274	159	806	564
343	134553	120	810	561
344	134693	139	787	544
345	135391	359	790	602
346	136268	159	799	582
347	136866	140	794	612
348	137065	100	795	638
349	137185	120	785	628
350	137324	239	801	603
351	137943	419	786	594
352	138381	120	790	608
353	138600	120	798	586
354	139079	120	796	573
355	139537	538	806	582
356	140215	379	809	580
357	141132	239	798	591
358	141412	219	794	597
359	141651	120	801	598
360	141830	239	804	577
361	142089	100	793	573
362	142209	100	794	567
363	142349	279	804	595
364	142648	359	802	591
365	143046	239	802	578
366	143365	339	797	564
367	144402	279	791	593
368	144861	120	793	578
369	145100	199	800	579
370	145319	140	805	580
371	145479	120	803	597
372	145698	339	809	615
373	146316	140	809	574
374	146794	140	805	562
375	147433	279	799	575
376	147751	379	824	567
377	148230	100	818	560
378	148489	159	816	576
379	148768	279	809	561
380	149167	319	800	597
381	149546	100	798	576
382	149685	140	801	557
383	149845	199	802	555
384	150224	100	797	538
385	150443	478	775	596
386	150961	100	786	584
387	151540	100	802	564
388	151739	120	785	562
389	151878	100	777	530
390	151998	199	782	550
391	152237	120	781	558
392	152397	199	791	554
393	152616	339	791	553
394	152975	439	796	548
395	153553	259	793	548
396	153832	140	795	551
397	154271	100	808	551
398	154570	299	785	568
399	155188	259	785	564
400	155706	140	788	557
401	155866	139	795	557
402	156025	259	798	552
403	156364	179	798	589
404	157461	159	806	566
405	157800	199	803	585
406	158079	120	801	569
407	158438	199	801	583
408	158657	100	799	577
409	158797	120	803	565
410	158936	319	797	576
411	159395	100	793	582
412	159534	179	793	590
413	159754	339	791	569
414	160112	179	794	573
415	161089	179	785	584
416	161388	100	798	579
417	161508	179	800	558
418	161707	100	804	545
419	161927	139	801	567
420	162126	179	798	558
421	162325	199	798	567
422	162744	339	811	599
423	163143	299	810	558
424	163821	100	791	598
425	163940	219	786	627
426	164180	180	785	639
427	164379	120	806	629
428	164598	159	790	619
429	164838	139	794	621
430	164997	179	783	633
431	165196	179	783	623
432	165475	120	784	611
433	165615	359	789	574
434	166094	279	797	569
435	166472	139	804	580
436	166652	359	798	549
437	167031	159	802	567
438	167210	120	803	575
439	167350	100	802	577
440	167469	259	801	563
441	167768	100	799	569
442	167888	100	803	574
443	168107	339	805	558
444	169164	120	804	576
445	169363	100	793	606
446	169503	239	798	598
447	169882	100	790	606
448	170001	140	790	594
449	170161	119	796	597
450	170300	140	797	578
451	170639	159	787	583
452	170819	100	784	582
453	170958	478	798	597
454	171457	120	799	588
455	171616	139	802	590
456	172733	120	792	609
457	172992	399	781	596
458	173610	120	783	600
459	173889	319	803	623
460	174387	100	801	619
461	174746	179	792	554
462	175544	199	789	593
463	175982	100	785	571
464	176102	179	784	567
465	176361	379	793	556
466	176760	140	794	565
467	176919	120	803	572
468	177398	159	791	583
469	177836	160	801	573
470	178135	279	810	565
471	178973	120	792	607
472	179172	120	788	595
473	179750	160	801	583
474	180069	120	793	614
475	180408	159	797	584
476	180667	199	795	594
477	180927	239	801	591
478	181206	199	799	611
479	181445	239	802	617
480	182103	120	794	569
481	182362	279	795	559
482	182701	140	793	534
483	182880	100	791	540
484	183000	120	782	548
485	183140	299	793	537
486	183718	120	787	544
487	183857	159	788	548
488	184037	179	790	553
489	184455	239	789	563
490	184715	139	786	546
491	185133	100	792	559
492	185552	259	795	536
493	185951	239	785	555
494	186350	299	790	561
495	186748	140	780	577
496	187127	139	796	542
497	187705	119	780	553
498	187845	139	799	563
499	188104	140	787	545
500	188363	159	806	565
501	188562	179	802	543
502	188861	738	799	550
503	189719	319	792	551
504	190078	100	788	541
505	190217	140	792	549
506	190377	100	793	564
507	190556	199	791	561
508	190875	100	809	541
509	190995	120	785	537
510	191374	299	792	549
511	191712	140	798	537
512	191892	120	795	538
513	192032	100	793	568
514	192151	219	790	562
515	192390	219	800	547
516	193008	120	801	561
517	193148	160	805	573
518	193347	120	805	566
519	193547	140	802	541
520	193746	180	797	553
521	194205	419	787	609
522	194823	239	784	559
523	195102	180	792	566
524	195421	399	798	571
525	195839	120	806	555
526	195979	159	797	575
527	196198	339	800	561
528	196557	100	798	555
529	196677	219	804	553
530	197016	100	799	555
531	197135	100	801	571
532	197275	359	803	565
533	197694	419	801	565
534	198332	119	801	561
535	198551	279	799	572
536	198930	219	794	552
537	199169	100	793	555
538	199408	120	800	575
539	199608	159	799	560
540	199787	159	830	541
541	199986	100	821	552
542	200206	279	787	582
543	200505	100	794	586
544	200844	100	783	557
545	200963	100	786	551
546	201502	199	802	598
547	201721	239	792	610
548	202179	399	793	607
549	202698	179	791	593
550	202937	379	793	612
551	203336	159	799	616
552	203615	299	806	597
553	203934	100	798	579
554	204153	120	801	530
555	204532	299	798	576
556	204891	339	795	595
557	205349	120	795	574
558	205549	319	793	571
559	205928	199	787	573
560	206147	140	784	583
561	206466	100	797	598
562	206665	219	799	609
563	206924	159	798	582
564	207124	100	810	572
565	207303	219	794	563
566	207562	180	802	593
567	208200	120	785	595
568	208340	279	784	613
569	208639	219	781	624
570	209018	478	776	618
571	210054	140	783	613
572	210593	199	764	632
573	210832	100	1398	793
574	211231	100	783	633
575	211869	100	812	547
576	212008	279	766	621
577	212347	140	1290	1100
578	212586	140	1470	1215
579	212826	160	1572	1120
580	213025	100	1253	1272
581	213543	279	1705	894
582	214600	120	786	583
583	214780	100	775	606
584	214899	179	770	602
585	215099	160	755	587
586	215378	120	766	580
587	215637	279	766	578
588	216215	120	773	606
589	216375	140	768	612
590	216534	199	764	603
591	216773	399	766	602
592	217192	518	762	595
593	218069	279	760	574
594	218508	239	756	568
595	219245	239	761	583
596	219584	140	748	605
597	219764	159	751	586
598	220003	159	762	597
599	220442	120	776	603
600	220601	140	765	595
601	220781	160	778	608
602	221119	279	764	603
603	221538	100	772	592
604	221658	100	768	572
605	222057	239	769	595
606	222575	100	1847	429
607	226184	219	2198	325
608	227081	120	781	555
609	227519	199	780	566
610	227838	160	752	577
611	228078	160	773	579
612	228297	159	768	588
613	228895	100	757	562
614	229014	279	779	582
615	229314	199	777	595
616	229633	159	777	608
617	229812	120	777	614
618	230051	120	351	533
619	230191	100	350	536
620	230330	239	13	518
621	230749	100	777	588
622	230869	299	795	591
623	231208	100	1283	613
624	231646	299	786	589
625	232185	219	792	590
626	232444	100	797	572
627	232563	140	797	560
628	232723	100	802	577
629	232842	359	787	570
630	233640	239	782	563
631	233899	239	784	553
632	234198	199	788	546
633	234477	259	789	544
634	234896	100	806	581
635	235016	239	801	568
636	235295	199	790	564
637	235514	120	792	574
638	235733	140	796	563
639	235992	180	796	557
640	236192	299	796	553
641	236910	100	803	560
642	237049	159	800	568
643	237727	100	800	564
644	238026	120	792	585
645	238166	100	798	574
646	238504	100	805	569
647	238624	219	796	557
648	238883	419	791	560
649	239342	139	797	568
650	239641	140	796	563
651	239801	100	801	551
652	239940	239	790	542
653	240199	120	793	537
654	240339	199	790	537
655	240558	160	795	543
656	240737	140	799	551
657	240977	239	793	561
658	241236	100	785	597
659	241375	120	786	592
660	241515	140	782	592
661	241794	239	769	588
662	242053	179	762	569
663	242372	159	772	532
664	242572	239	768	557
665	242831	439	774	544
666	243289	140	783	550
667	243708	100	791	542
668	243828	140	798	551
669	244007	100	804	558
670	244226	279	794	769
671	244565	179	787	754
672	245144	120	781	547
673	246160	179	183	107
674	246439	120	510	286
675	246858	100	1232	225
676	247117	120	1417	267
677	247277	179	1585	239
678	247596	120	1631	259
679	247755	120	1623	269
680	248094	120	898	337
681	248254	140	793	576
682	248712	359	1041	437
683	249550	139	782	279
684	249849	120	1486	211
685	250008	120	852	615
686	250148	219	804	616
687	250387	279	788	620
688	251105	139	415	301
689	251324	120	782	618
690	251464	120	780	625
691	251683	179	783	610
692	251882	100	790	612
693	252480	120	789	578
694	252779	100	797	598
695	252999	419	796	570
696	253437	100	792	591
697	253657	100	795	534
698	253876	159	787	556
699	254055	160	790	552
700	254474	159	799	552
701	254992	100	796	537
702	255431	179	783	532
703	255750	359	787	544
704	256229	179	791	540
705	256627	100	790	538
706	256807	239	788	545
707	257086	159	786	561
708	257405	219	781	570
709	257764	279	783	551
710	258162	159	786	569
711	258342	140	785	556
712	258521	100	786	535
713	258641	199	792	574
714	258860	120	789	567
715	259000	179	780	540
716	259279	299	793	546
717	259697	100	791	572
718	259817	120	795	556
719	260116	120	797	563
720	260256	399	797	590
721	260674	339	797	585
722	261033	159	791	568
723	261213	379	784	557
724	261711	200	786	569
725	261930	279	785	575
726	262369	160	796	587
727	262548	100	787	600
728	262668	120	790	602
729	262828	379	796	590
730	263346	179	785	566
731	263545	100	786	549
732	263844	399	790	552
733	264323	159	798	546
734	264502	140	797	546
735	264662	159	799	547
736	264861	319	796	539
737	265200	120	803	547
738	265340	199	805	562
739	265579	100	793	565
740	265699	120	797	557
741	266576	339	805	560
742	266935	259	805	557
743	267214	359	798	561
744	267592	120	798	553
745	267752	778	797	563
746	268550	120	794	576
747	268709	199	799	572
748	269227	120	806	576
749	269387	100	795	561
750	269526	180	788	556
751	269845	279	801	550
752	270144	219	801	557
753	270583	100	800	562
754	270723	299	804	578
755	271042	159	807	580
756	271261	100	817	587
757	271480	478	815	590
758	271979	199	811	603
759	272198	199	800	575
760	272497	100	801	559
761	272617	120	790	561
762	272936	179	809	567
763	273215	598	794	553
764	273893	159	805	558
765	274192	160	795	555
766	274391	120	793	559
767	274590	219	803	560
768	274830	160	805	549
769	275228	399	811	555
770	275707	339	809	563
771	276066	159	804	578
772	276445	100	807	557
773	276664	120	803	599
774	276803	179	791	598
775	277262	140	787	536
776	277422	339	801	573
777	278040	458	797	561
778	278618	100	761	538
779	278917	598	790	569
780	279555	279	778	540
781	280013	180	762	519
782	280372	179	773	514
783	280751	179	756	517
784	280950	339	757	498
785	281309	299	754	486
786	281688	199	787	584
787	281947	120	786	601
788	282266	100	781	588
789	282645	120	568	541
790	282924	159	576	558
791	283103	120	567	562
792	283482	299	788	554
793	283801	259	793	561
794	284080	219	786	570
795	284539	100	806	527
796	284678	140	782	532
797	284838	219	798	565
798	285077	100	786	573
799	285356	239	787	563
800	285616	100	784	572
801	285755	239	791	570
802	286014	120	784	570
803	286174	279	788	560
804	286473	140	785	546
805	286712	199	793	540
806	286931	299	791	546
807	287290	139	791	567
808	287450	100	775	589
809	287709	100	789	610
810	288427	279	775	553
811	288726	159	782	544
812	288965	239	779	538
813	289224	100	787	536
814	289463	180	806	522
815	289663	359	815	540
816	290301	399	793	582
817	290719	120	790	583
818	291118	159	795	571
819	291298	299	798	584
820	291617	279	790	585
821	291916	458	780	617
822	292554	199	755	631
823	292773	120	761	632
824	293311	219	775	625
825	293570	160	782	640
826	293750	199	780	652
827	293969	219	786	646
828	294428	120	294	607
829	294607	120	768	649
830	295305	379	763	640
831	295704	179	773	624
832	296142	219	294	697
833	296441	100	773	663
834	296561	319	774	627
835	296900	219	781	622
836	297578	119	749	631
837	297717	120	786	645
838	298276	140	2090	713
839	298455	139	1829	875
840	298694	140	1726	894
841	299073	179	711	580
842	318751	140	766	775
843	319309	219	719	623
844	319847	100	732	596
845	319967	459	728	627
846	320545	140	728	640
847	320705	279	732	631
848	321064	179	721	622
849	321263	139	737	610
850	321961	159	764	561
851	322459	179	767	585
852	322818	239	757	598
853	323137	179	764	607
854	323336	439	766	612
855	323795	100	775	595
856	324034	279	772	593
857	324772	159	773	573
858	325250	100	768	571
859	326287	199	794	616
860	326646	538	785	591
861	327264	199	777	598
862	327643	259	779	596
863	327942	140	785	602
864	328101	120	786	600
865	328261	359	789	572
866	328640	239	781	575
867	328919	319	788	584
868	329457	159	796	573
869	329636	339	791	556
870	330135	180	783	548
871	330713	219	785	564
872	330992	180	787	555
873	331391	180	784	581
874	331590	259	786	597
875	331869	140	797	597
876	332029	140	797	585
877	332208	259	798	567
878	332507	179	799	567
879	332766	100	802	564
880	332886	279	789	569
881	333305	120	793	550
882	333444	339	792	586
883	334082	359	804	583
884	334461	100	819	604
885	334581	180	812	606
886	334860	100	803	613
887	334979	578	821	608
888	335657	100	817	599
889	336116	119	798	576
890	336255	120	802	576
891	336574	160	798	568
892	336814	379	803	561
893	337472	159	801	618
894	337691	100	797	604
895	337811	219	805	621
896	338050	140	806	623
897	338209	140	798	609
898	338588	359	798	561
899	338967	140	794	557
900	339126	160	797	577
901	339445	139	802	573
902	339784	259	798	576
903	340083	598	807	594
904	340801	100	808	578
905	340921	140	805	560
906	341260	219	810	565
907	341519	159	817	551
908	342416	159	805	562
909	342655	159	811	553
910	342835	120	812	561
911	343512	100	811	569
912	343652	239	821	581
913	343911	100	818	594
914	344051	140	818	602
915	344250	140	811	573
916	344549	159	809	578
917	344808	140	803	568
918	345546	139	808	570
919	346005	159	811	583
920	346184	498	812	568
921	346722	159	848	578
922	346902	120	858	575
923	347081	399	813	607
924	347500	180	810	614
925	347699	259	807	584
926	347978	159	803	575
927	348297	299	806	582
928	349214	120	806	577
929	349513	140	811	580
930	349673	279	808	580
931	349972	140	805	573
932	350451	120	796	568
933	350770	199	791	590
934	350989	239	788	598
935	351248	319	795	605
936	351766	120	799	579
937	352006	179	800	591
938	352205	179	800	578
939	353022	120	780	613
940	353182	259	782	616
941	353461	279	789	620
942	353780	100	722	625
943	353959	299	785	633
944	354398	100	1960	471
945	364167	100	761	639
946	364287	100	754	620
947	364566	120	859	2005
948	364785	199	944	2520
949	366779	120	750	643
950	368872	159	748	638
951	369530	120	1940	223
952	370786	100	294	464
953	371683	159	320	609
954	371962	140	288	596
955	372740	100	770	627
956	372860	239	756	616
957	373278	120	338	487
958	373438	139	322	487
959	373717	179	739	609
960	381951	120	1863	351
961	382410	139	2067	946
962	383107	199	1810	521
963	383366	179	1802	889
964	383606	120	1673	920
965	384264	139	1896	476
966	384423	319	1908	395
967	384981	159	2323	984
968	385480	100	1760	910
969	385759	100	1682	944
970	400153	120	729	621
971	411697	199	701	561
972	416741	319	803	984
973	417259	100	1472	2150
974	417459	159	1461	2159
975	417897	339	781	681
976	418256	339	794	684
977	418635	359	794	668
978	419074	120	802	656
979	419313	239	783	637
980	419572	180	785	629
981	419791	140	789	610
982	419951	179	795	613
983	420369	179	789	602
984	420708	140	799	586
985	420988	139	781	567
986	421147	120	775	571
987	421466	339	771	606
988	421825	180	779	593
989	422164	339	787	571
990	422782	219	790	562
991	423061	140	793	574
992	423440	179	786	593
993	423639	100	785	585
994	423918	199	789	579
995	424795	359	783	576
996	425493	259	787	551
997	425852	219	788	564
998	426111	219	794	562
999	426350	159	786	577
1000	426530	100	786	564
1001	426809	100	791	562
1002	427008	259	783	590
1003	427626	339	794	592
1004	428005	299	803	581
1005	428464	379	795	571
1006	428863	179	785	548
1007	429221	199	789	547
1008	429441	199	794	564
1009	429720	160	797	554
1010	429999	199	795	571
1011	430238	339	789	575
1012	430597	199	795	597
1013	430836	199	803	588
1014	431056	179	797	608
1015	431355	140	801	594
1016	431594	100	788	588
1017	431734	100	787	565
1018	431853	179	795	569
1019	432152	140	793	557
1020	432312	140	792	587
1021	432770	299	791	617
1022	433149	120	788	602
1023	433588	100	790	548
1024	433707	339	785	555
1025	434086	120	794	557
1026	434425	279	789	555
1027	434724	179	787	560
1028	434923	199	787	559
1029	435342	100	790	567
1030	435462	160	792	567
1031	435661	100	776	556
1032	435781	199	787	548
1033	436000	100	793	547
1034	436140	159	798	555
1035	436538	200	800	567
1036	436758	758	803	553
1037	437675	618	794	557
1038	438372	179	800	581
1039	438672	239	808	559
1040	438931	179	807	570
1041	439668	120	799	572
1042	439828	299	789	559
1043	440486	100	804	559
1044	440605	120	806	561
1045	440905	120	796	585
1046	441044	140	806	577
1047	441283	160	798	595
1048	441662	120	797	586
1049	441802	817	802	585
1050	442639	419	797	572
1051	443257	120	828	553
1052	443416	100	798	589
1053	443536	140	799	601
1054	443815	339	798	613
1055	444214	299	804	573
1056	444533	120	797	568
1057	444672	100	792	582
1058	444872	199	787	598
1059	445091	538	790	592
1060	445769	319	796	598
1061	446288	100	798	593
1062	446407	120	796	585
1063	446547	120	793	572
1064	446746	120	801	598
1065	451651	219	1144	1621
1066	451930	159	1379	1384
1067	452707	100	1586	1146
1068	453046	199	1298	1233
1069	455458	160	391	464
1070	456017	120	747	631
1071	456714	219	806	658
1072	498841	140	720	673
1073	499898	100	780	600
1074	508910	120	1051	2448
1075	510165	139	718	639
1076	515548	120	787	633
1077	515688	120	766	639
1078	515927	140	753	630
1079	516506	199	734	613
1080	516824	219	756	606
1081	517263	199	763	606
1082	518041	120	777	552
1083	518240	120	778	566
1084	518479	160	760	582
1085	518958	100	766	602
1086	519117	219	769	590
1087	519496	140	775	576
1088	519855	139	781	574
1089	520274	139	779	589
1090	520433	100	767	609
1091	520672	219	773	587
1092	520991	159	765	569
1093	521171	100	781	587
1094	521290	159	783	578
1095	521589	120	760	577
1096	521749	120	769	579
1097	521908	259	773	586
1098	522626	120	783	523
1099	522925	140	786	587
1100	523125	120	780	582
1101	523443	100	789	579
1102	523563	120	793	583
1103	523703	179	783	569
1104	523902	259	773	556
1105	524181	120	794	534
1106	524361	319	800	554
1107	524839	139	776	569
1108	525038	259	783	557
1109	525338	100	796	564
1110	525537	159	783	560
1111	526135	478	769	622
1112	526733	179	773	560
1113	526932	419	786	563
1114	527531	199	790	562
1115	527750	140	791	574
1116	527909	139	797	563
1117	528149	219	787	575
1118	528388	100	791	558
1119	528527	159	784	560
1120	528727	239	777	564
1121	529066	100	781	573
1122	529205	159	787	568
1123	529405	199	800	576
1124	529724	299	785	563
1125	530142	558	782	561
1126	530720	498	794	565
1127	531239	299	798	567
1128	531937	120	798	580
1129	532076	100	790	583
1130	532196	259	790	597
1131	532515	100	789	603
1132	532874	199	792	577
1133	533193	100	781	568
1134	533392	100	781	565
1135	533532	159	783	586
1136	534150	179	785	556
1137	534528	120	788	576
1138	535047	140	784	547
1139	535665	239	783	548
1140	536602	279	776	553
1141	536901	159	776	562
1142	537100	140	786	559
1143	537579	259	792	569
1144	537858	140	791	555
1145	538017	199	783	543
1146	538237	399	785	547
1147	538675	120	782	548
1148	539074	100	782	572
1149	539353	259	788	554
1150	539632	199	780	554
1151	539872	239	781	568
1152	540151	100	779	530
1153	540350	140	782	571
1154	540549	199	786	591
1155	540928	120	780	565
1156	541068	140	792	573
1157	541227	179	789	554
1158	541466	299	798	554
1159	541905	120	779	551
1160	542045	160	794	567
1161	542304	100	801	579
1162	542523	219	809	549
1163	542942	120	811	587
1164	543221	279	2023	624
1165	543660	279	2033	483
1166	543958	120	2034	488
1167	555083	100	782	607
1168	555243	179	754	618
1169	555462	100	758	616
1170	555781	120	788	620
1171	555921	159	753	622
1172	556359	259	756	629
1173	556658	139	755	621
1174	556898	140	749	656
1175	557057	120	750	646
1176	557316	299	748	631
1177	557635	179	757	612
1178	557934	199	758	617
1179	558154	339	762	588
1180	558513	100	766	594
1181	558792	139	765	590
1182	558991	219	770	584
1183	559230	120	775	606
1184	559589	159	773	585
1185	560008	120	790	566
1186	560147	179	786	600
1187	560347	120	777	622
1188	560506	578	782	621
1189	561344	139	785	604
1190	561742	120	787	611
1191	562360	239	785	609
1192	562620	259	783	580
1193	563038	259	775	562
1194	563497	299	785	591
1195	563896	120	775	608
1196	564055	120	786	607
1197	564195	299	787	614
1198	564514	179	786	600
1199	564713	239	794	600
1200	565012	120	789	608
1201	565152	140	790	592
1202	565670	339	795	595
1203	566208	199	796	595
1204	566428	279	796	598
1205	566806	279	793	582
1206	567345	120	789	549
1207	567544	179	789	586
1208	567763	199	785	593
1209	567983	100	782	585
1210	568122	219	782	577
1211	568481	159	789	572
1212	569159	199	771	580
1213	569378	140	772	564
1214	569558	100	777	575
1215	569897	140	788	540
1216	570415	239	783	554
1217	570694	140	785	567
1218	570973	179	786	559
1219	571272	120	781	570
1220	571452	160	786	594
1221	571711	120	776	595
1222	571850	239	776	611
1223	572149	100	782	631
1224	572289	140	809	636
1225	572508	259	789	631
1226	572907	219	780	638
1227	573186	159	781	624
1228	582756	100	2338	2886
1229	583314	120	2407	2861
1230	583514	139	1193	1992
1231	584431	259	1395	2081
1232	584909	139	293	1909
1233	585487	279	773	657
1234	586604	199	839	633
1235	587122	120	748	635
1236	587561	179	304	967
1237	587760	299	285	1084
1238	588079	140	123	1209
1239	588358	159	780	658
1240	588598	120	764	642
1241	589176	100	779	629
1242	589654	139	779	657
1243	590172	120	774	593
1244	590492	279	762	602
1245	591169	100	775	597
1246	591468	100	779	607
1247	591588	399	772	605
1248	592047	279	774	595
1249	592605	179	771	568
1250	593562	239	771	582
1251	593841	259	778	596
1252	594260	100	774	601
1253	594459	139	777	609
1254	594658	399	777	595
1255	595077	159	774	599
1256	595276	319	770	580
1257	595695	578	779	559
1258	596293	179	783	552
1259	596632	159	783	552
1260	596812	140	786	543
1261	596971	379	788	554
1262	597489	120	785	554
1263	597649	239	781	564
1264	597928	159	791	563
1265	598207	339	784	585
1266	598566	399	792	583
1267	598985	279	799	569
1268	599822	100	795	576
1269	599982	179	798	562
1270	600181	179	796	570
1271	600380	140	795	561
1272	600639	140	798	577
1273	600799	120	788	583
1274	600958	140	782	570
1275	601138	279	787	588
1276	601437	140	782	602
1277	601656	139	792	596
1278	601895	259	789	578
1279	602274	100	782	596
1280	602653	100	802	670
1281	602793	100	793	665
1282	602932	299	791	628
1283	603450	120	791	560
1284	603809	140	796	600
1285	603969	279	802	580
1286	604268	259	802	573
1287	604567	379	792	548
1288	605085	339	788	573
1289	605444	100	792	571
1290	605584	180	798	579
1291	606262	219	802	574
1292	606521	279	799	583
1293	606820	199	801	566
1294	607039	179	798	573
1295	607637	100	814	567
1296	608255	199	793	564
1297	608574	538	790	555
1298	609212	339	781	558
1299	609611	239	778	564
1300	610050	279	789	544
1301	610349	140	785	544
1302	610728	578	793	555
1303	611326	259	787	557
1304	611924	299	792	559
1305	612243	279	792	569
1306	612542	219	802	579
1307	612781	140	790	579
1308	613000	120	795	581
1309	613200	100	804	559
1310	613319	139	797	570
1311	613499	259	797	562
1312	613838	120	797	543
1313	613977	140	791	553
1314	614196	160	782	562
1315	614496	618	785	545
1316	615233	239	786	540
1317	615652	179	785	546
1318	615851	239	787	554
1319	616310	279	786	583
1320	616629	219	784	578
1321	616888	239	786	558
1322	617446	199	788	584
1323	617745	379	796	603
1324	618164	199	800	627
1325	618802	159	796	567
1326	618981	140	796	566
1327	619141	319	799	561
1328	619500	439	804	563
1329	619958	359	804	561
1330	620337	239	762	591
1331	620596	120	767	604
1332	620895	199	784	574
1333	621254	199	786	547
1334	621474	120	787	534
1335	621653	100	797	551
1336	621773	100	790	560
1337	621892	219	792	537
1338	622131	100	796	541
1339	622909	120	809	549
1340	623228	100	798	543
1341	623647	100	791	554
1342	623906	139	786	541
1343	624065	139	787	554
1344	624624	179	787	560
1345	624903	279	783	555
1346	625341	100	810	572
1347	625501	140	792	575
1348	625880	199	787	555
1349	626099	120	796	572
1350	626438	299	792	574
1351	626996	120	790	586
1352	627255	160	797	572
1353	627435	120	799	562
1354	627893	199	788	578
1355	628152	439	787	574
1356	629209	179	796	561
1357	629847	259	790	557
1358	630425	319	789	565
1359	630764	199	791	566
1360	631183	119	800	572
1361	631322	219	805	560
1362	631562	578	791	564
1363	632319	259	792	557
1364	632778	139	915	1182
1365	632957	139	1348	1240
1366	633176	100	797	609
1367	633396	199	782	627
1368	634193	219	788	578
1369	634452	518	787	576
1370	635130	179	781	577
1371	635330	339	781	571
1372	635768	239	788	558
1373	636107	139	791	560
1374	636287	100	793	568
1375	636406	120	796	574
1376	636566	140	786	569
1377	636765	319	793	574
1378	637104	219	792	561
1379	637363	159	782	552
1380	637642	279	788	566
1381	638081	120	784	519
1382	638240	399	780	571
1383	638719	119	793	570
1384	638859	140	794	591
1385	639038	120	797	561
1386	639317	239	790	591
1387	639596	319	784	594
1388	640015	259	792	593
1389	640573	279	785	590
1390	640872	279	793	578
1391	641450	359	790	601
1392	641829	100	800	605
1393	642188	279	796	570
1394	642567	100	798	561
1395	642706	219	784	586
1396	642946	419	794	568
1397	643444	339	785	560
1398	643803	199	787	568
1399	644022	498	795	569
1400	644560	100	793	570
1401	644680	239	790	570
1402	644939	100	793	570
1403	645059	140	784	568
1404	645218	1077	792	569
1405	646375	419	792	557
1406	646893	279	791	550
1407	647292	279	787	571
1408	647710	100	796	570
1409	648069	199	796	593
1410	648289	199	790	615
1411	648548	219	790	604
1412	648827	139	799	575
1413	649106	140	796	577
1414	649266	160	796	606
1415	649445	100	785	616
1416	649565	179	796	627
1417	649844	339	790	556
1418	650203	100	795	567
1419	650582	139	786	590
1420	651180	359	806	569
1421	651558	120	811	582
1422	651698	458	808	569
1423	652296	179	800	575
1424	652496	239	802	569
1425	652775	279	803	567
1426	653393	100	822	575
1427	653532	199	813	577
1428	653752	159	800	554
1429	653991	638	802	555
1430	654649	439	803	557
1431	655127	339	806	569
1432	655506	339	803	559
1433	655865	159	797	554
1434	656044	239	799	562
1435	656303	100	807	572
1436	657001	120	778	561
1437	657380	219	784	557
1438	657619	279	790	565
1439	657918	259	796	564
1440	658197	120	795	564
1441	658437	120	799	566
1442	658576	140	801	563
1443	658736	100	799	564
1444	658995	120	803	545
1445	659772	120	803	563
1446	659912	120	797	559
1447	660072	100	796	575
1448	660191	239	787	551
1449	660769	379	796	556
1450	661168	199	794	549
1451	661387	219	800	543
1452	661786	339	791	567
1453	662145	140	788	566
1454	662444	179	790	559
1455	662962	120	807	601
1456	663102	159	775	608
1457	663780	199	819	629
1458	684754	578	792	590
1459	685591	239	769	654
1460	685910	179	772	637
1461	686328	140	781	645
1462	686608	120	773	622
1463	687485	299	1110	1364
1464	687884	219	1332	1234
1465	688741	100	804	578
1466	689000	100	1959	-110
1467	689379	100	153	1294
1468	693466	180	796	597
1469	693665	140	806	597
1470	694782	160	284	1069
1471	694981	120	271	1074
1472	695300	100	774	646
1473	696875	179	783	626
1474	697194	140	786	609
1475	697473	399	784	615
1476	697912	120	792	598
1477	698171	100	793	581
1478	698310	379	800	577
1479	698769	199	798	569
1480	698988	658	791	564
1481	699686	219	781	566
1482	700563	120	795	506
1483	700902	100	787	608
1484	701082	199	793	585
1485	701301	160	799	605
1486	701720	399	813	590
1487	702138	100	807	611
1488	702258	219	810	610
1489	702557	359	801	594
1490	702996	758	800	566
1491	703773	199	802	589
1492	704092	120	792	579
1493	704232	399	799	586
1494	704770	140	794	592
1495	705009	160	797	562
1496	705348	100	800	562
1497	705468	179	797	589
1498	705667	299	800	586
1499	706146	100	800	564
1500	706266	279	798	562
1501	707083	179	792	565
1502	707342	120	797	545
1503	707920	120	803	557
1504	708080	100	808	569
1505	708458	100	798	572
1506	708638	100	791	577
1507	708937	219	795	579
1508	709196	120	803	583
1509	709435	139	792	580
1510	709754	120	795	593
1511	710293	498	788	611
1512	710851	179	778	634
1513	711050	259	787	631
1514	711349	219	792	627
1515	711608	239	786	622
1516	712107	120	835	567
1517	712246	339	806	600
1518	712745	199	803	593
1519	712964	179	796	576
1520	713164	179	797	579
1521	713363	180	800	575
1522	713562	219	793	569
1523	713842	179	801	604
1524	714041	279	799	598
1525	714440	179	795	567
1526	714679	179	798	543
1527	715995	180	807	591
1528	716194	100	801	556
1529	716334	100	796	577
1530	716453	199	800	577
1531	716672	219	808	568
1532	716912	140	800	587
1533	717131	239	803	580
1534	717390	199	799	567
1535	717709	140	796	563
1536	717869	299	802	563
1537	718188	120	802	572
1538	718327	100	800	571
1539	718467	179	797	555
1540	718666	100	801	555
1541	718965	219	806	550
1542	719264	100	806	556
1543	719424	299	807	566
1544	719743	159	800	561
1545	719962	339	806	568
1546	720381	120	806	582
1547	720680	359	803	564
1548	721597	120	804	569
1549	721816	100	803	571
1550	721956	658	812	561
1551	722694	159	818	562
1552	722953	100	817	581
1553	723072	179	808	588
1554	723391	179	809	596
1555	723630	339	799	571
1556	724687	239	783	597
1557	725405	199	789	563
1558	725624	279	784	589
1559	725963	379	794	564
1560	726601	120	792	557
1561	726980	199	794	570
1562	727239	100	787	586
1563	727438	140	797	570
1564	727598	339	794	572
1565	728655	179	802	563
1566	728974	259	793	566
1567	729332	199	791	567
1568	729552	179	794	564
1569	729871	199	786	578
1570	730110	100	781	565
1571	730309	159	788	582
1572	730489	219	788	567
1573	730728	159	779	555
1574	730908	179	791	562
1575	731725	558	793	558
1576	732363	139	800	559
1577	732522	219	793	557
1578	732782	239	794	569
1579	733220	180	788	578
1580	733579	120	780	597
1581	733718	100	775	593
1582	733838	439	784	584
1583	734396	159	791	566
1584	734656	199	778	576
1585	734875	518	791	569
1586	735633	179	790	575
1587	735912	199	790	580
1588	736171	319	792	581
1589	736530	100	796	596
1590	736709	239	800	588
1591	737447	359	786	576
1592	737826	239	802	585
1593	738105	179	796	577
1594	738464	578	784	565
1595	739102	419	783	562
1596	739640	219	787	573
1597	739899	379	787	567
1598	740358	100	788	574
1599	740477	100	786	602
1600	740617	239	792	589
1601	741035	239	794	568
1602	741494	100	788	554
1603	741634	160	769	559
1604	741813	279	789	582
1605	742172	419	786	574
1606	742910	140	781	561
1607	743069	239	782	555
1608	743328	498	783	573
1609	743986	199	796	562
1610	744205	698	790	557
1611	744943	339	787	565
1612	745302	140	789	561
1613	745481	159	788	563
1614	745661	160	785	576
1615	745840	578	786	562
1616	746438	120	792	576
1617	746917	100	796	589
1618	747096	100	815	566
1619	747216	339	787	565
1620	748053	299	790	550
1621	748372	100	793	560
1622	748592	199	799	563
1623	748811	299	795	567
1624	749130	259	791	564
1625	749489	119	796	572
1626	749628	259	713	566
1627	749927	339	776	556
1628	750406	100	782	579
1629	750565	120	786	570
1630	750765	140	787	571
1631	751263	159	803	593
1632	751462	199	793	590
1633	751861	159	800	572
1634	752160	199	798	573
1635	752559	180	790	588
1636	752758	319	798	585
1637	753097	160	802	575
1638	753277	419	802	576
1639	753735	140	804	586
1640	753955	140	818	589
1641	754114	100	820	594
1642	754254	179	814	579
1643	754453	558	801	575
1644	755131	159	796	564
1645	755470	100	792	566
1646	755590	399	793	569
1647	756008	100	800	550
1648	756267	239	800	566
1649	756686	139	800	577
1650	756866	119	798	581
1651	757045	259	807	583
1652	757324	120	797	597
1653	757523	139	795	585
1654	757882	379	791	566
1655	758301	259	792	570
1656	758879	100	803	534
1657	759258	159	804	567
1658	759477	140	808	578
1659	759696	179	803	558
1660	760095	100	813	557
1661	760235	279	818	560
1662	760952	538	804	581
1663	761531	100	801	579
1664	761750	139	806	579
1665	761909	140	817	575
1666	762109	100	815	576
1667	762228	159	812	577
1668	762408	219	813	583
1669	762787	359	815	584
1670	763425	359	820	596
1671	763804	179	815	614
1672	764023	100	810	616
1673	764202	140	814	621
1674	764661	120	809	589
