Data properties:
 
Recording date: 9/18/2008
Recording time : 14:11:06:159 (corresponds to time 0)
Study: SD Experiment
Subject: MY
Recording: MY2
Screen resolution: 1600 x 1200
Coordinate unit: Pixels
 
 
Filter settings:
 
Eye: Average
Validity level: Normal
Fixation radius: 30
Min duration: 100
 
Fix number	Timestamp	Duration	GazepointX	GazepointY
 
1	174	140	843	677
2	373	100	520	1107
3	533	160	783	614
4	712	658	800	638
5	1410	1316	804	677
6	2746	140	815	639
7	3065	160	820	584
8	3284	259	797	583
9	3563	319	815	550
10	3902	259	814	546
11	4181	140	806	587
12	4401	180	813	545
13	4600	359	814	543
14	5078	578	816	552
15	5677	658	798	586
16	6454	140	794	604
17	6713	399	795	572
18	7152	718	798	557
19	7890	678	796	608
20	8587	120	796	605
21	8986	857	796	589
22	9863	279	795	582
23	10282	1116	801	602
24	11418	638	805	601
25	12076	259	801	617
26	12355	219	799	606
27	12595	638	797	585
28	13253	498	800	581
29	13771	1236	800	597
30	15027	339	798	607
31	15386	778	799	617
32	16363	259	809	605
33	16642	100	820	603
34	16761	558	810	602
35	17340	439	801	590
36	17798	259	797	598
37	18137	2213	793	609
38	20370	160	778	577
39	20569	419	787	595
40	21008	139	792	603
41	21168	159	789	614
42	21347	1316	794	620
43	22683	259	792	625
44	22962	379	799	611
45	23500	159	787	607
46	23759	159	793	612
47	23939	100	799	593
48	24058	558	798	604
49	24637	259	804	612
50	25015	100	799	593
51	25255	718	806	618
52	26012	319	811	636
53	26391	219	815	609
54	26630	319	812	600
55	27049	100	826	609
56	27169	159	813	594
57	27468	219	812	615
58	27707	219	810	617
59	27966	259	809	595
60	28245	180	807	606
61	28485	678	796	613
62	29182	897	797	634
63	30099	877	803	656
64	30997	100	788	642
65	31116	179	798	663
66	31375	499	799	660
67	31894	538	803	663
68	32911	518	798	583
69	33588	180	796	556
70	33788	379	798	547
71	34207	1057	800	582
72	35303	120	793	590
73	36061	219	792	602
74	36380	778	794	556
75	37197	219	796	580
76	37456	439	796	574
77	37915	219	787	591
78	38174	160	788	584
79	38353	837	797	595
80	39310	1256	806	580
81	40586	2193	796	571
82	42799	319	795	572
83	43158	538	798	596
84	43816	140	818	622
85	43976	239	799	627
86	44275	658	809	621
87	44953	558	805	617
88	45531	459	806	608
89	46009	279	794	610
90	46308	239	799	612
91	46587	379	804	611
92	47046	718	806	611
93	47784	319	806	613
94	48162	279	811	594
95	48461	618	796	602
96	49100	419	795	601
97	49558	1176	795	600
98	50754	140	795	594
99	50914	100	793	571
100	51033	399	793	582
101	51452	419	800	585
102	52030	140	811	592
103	52190	1176	799	599
104	53446	199	800	571
105	53785	279	817	579
106	54403	100	818	528
107	54522	618	810	561
108	55160	458	802	595
109	55699	379	798	600
110	56097	139	806	579
111	56277	160	782	591
112	56516	100	792	607
113	56656	678	790	612
114	57373	140	797	599
115	57533	638	795	612
116	58191	698	799	563
117	58909	598	805	592
118	59626	100	765	628
119	59846	140	823	618
120	60085	100	794	617
121	60244	120	804	636
122	60464	339	801	620
123	60823	120	801	606
124	60962	179	834	609
125	61161	140	829	630
126	61321	159	830	648
127	61560	498	810	616
128	62079	1037	803	583
129	63135	199	802	579
130	63355	279	804	584
131	63713	120	801	594
132	63853	399	805	593
133	64272	100	814	570
134	64411	379	810	545
135	64830	199	803	525
136	65069	638	811	551
137	65747	239	805	542
138	66006	219	812	540
139	66285	100	815	534
140	66405	478	808	561
141	66923	120	816	540
142	67063	299	815	556
143	67482	100	811	558
144	67601	179	814	566
145	67801	100	809	561
146	67920	339	815	542
147	68279	259	813	536
148	68558	598	815	539
149	69176	538	810	546
150	69734	877	811	551
151	70632	917	814	550
152	71569	159	811	600
153	72207	179	796	572
154	72466	160	814	560
155	72645	439	804	541
156	73104	538	802	533
157	73662	439	811	559
158	74121	997	803	579
159	75137	778	813	568
160	76015	758	811	594
161	76792	199	812	594
162	77012	598	809	616
163	77630	558	802	583
164	78307	578	803	541
165	78926	339	815	542
166	79364	219	824	547
167	79623	219	822	566
168	79863	937	805	567
169	80820	199	809	565
170	81039	159	810	575
171	81218	419	804	600
172	81756	219	797	606
173	81996	439	806	580
174	82474	159	805	582
175	82654	578	792	576
176	83252	439	786	591
177	83710	857	804	593
178	84707	339	808	585
179	85146	139	811	560
180	85305	139	804	548
181	85485	120	812	557
182	85724	319	809	538
183	86063	797	804	530
184	86880	339	809	565
185	87399	319	807	554
186	87857	180	810	568
187	88057	120	815	571
188	88196	1435	818	595
189	89731	598	810	607
190	90349	179	814	586
191	90648	319	810	586
192	91007	239	805	597
193	91266	140	807	595
194	91426	219	807	611
195	91665	299	816	605
196	92004	139	813	599
197	92164	857	813	607
198	93041	140	815	599
199	93201	120	814	608
200	93360	179	814	606
201	93559	219	823	555
202	93858	1057	796	576
203	94955	259	800	537
204	95334	259	791	555
205	95752	638	798	602
206	96410	100	805	593
207	96530	140	817	615
208	96689	359	814	624
209	97068	179	812	631
210	97288	100	814	622
211	97487	160	813	597
212	97666	159	808	592
213	97846	299	801	568
214	98264	299	795	590
215	98583	160	798	605
216	98763	219	787	600
217	99002	160	788	600
218	99182	259	785	596
219	99461	419	786	613
220	99919	299	786	606
221	100318	139	789	578
222	100477	758	790	596
223	101255	379	787	596
224	101694	199	791	610
225	101913	179	777	616
226	102132	578	780	616
227	102730	100	788	615
228	102850	339	786	588
229	103209	458	785	590
230	103687	219	792	601
231	103967	259	791	587
232	104525	140	797	616
233	104724	219	775	595
234	105043	279	779	597
235	105342	120	783	577
236	105502	419	786	572
237	106100	219	797	580
238	106339	139	798	583
239	106658	339	789	574
240	107017	299	777	571
241	107336	159	791	578
242	107515	180	782	583
243	107715	239	794	580
244	107974	219	790	570
245	108213	159	750	558
246	108432	319	784	572
247	108871	180	780	575
248	109170	239	795	578
249	109509	120	790	591
250	109649	239	786	580
251	109928	100	787	572
252	110047	100	789	579
253	110167	159	787	577
254	110386	139	796	596
255	110546	100	791	622
256	110885	399	798	611
257	111343	259	797	604
258	111642	259	792	581
259	111921	179	788	594
260	112121	678	786	607
261	112839	100	775	594
262	112958	160	787	604
263	113138	578	788	590
264	113756	199	792	578
265	114015	120	785	579
266	114453	219	784	575
267	114932	100	787	608
268	115191	518	788	600
269	115849	219	790	596
270	116088	159	788	594
271	116268	100	790	581
272	116387	120	783	586
273	116527	199	785	591
274	116746	179	784	595
275	116946	279	789	595
276	117245	518	790	593
277	117843	219	793	599
278	118102	279	786	584
279	118521	678	795	587
280	119218	618	793	575
281	120016	120	794	576
282	120255	458	799	602
283	120734	219	797	607
284	120993	738	799	593
285	121770	120	799	604
286	122010	778	808	583
287	122807	658	807	588
288	123505	100	801	595
289	123624	100	798	611
290	123764	100	816	610
291	123884	458	806	592
292	124362	259	795	591
293	124701	140	802	608
294	124881	379	802	623
295	125379	159	804	635
296	125578	140	797	634
297	125877	140	806	598
298	126037	160	790	597
299	126256	219	819	591
300	126575	120	802	604
301	126715	359	801	600
302	127173	259	797	604
303	127512	199	809	605
304	127731	279	805	608
305	128031	199	815	626
306	128330	438	807	605
307	128788	100	791	603
308	128968	239	804	613
309	129346	977	804	604
310	130343	159	800	603
311	130543	259	798	615
312	130822	199	796	620
313	131061	757	787	596
314	131938	478	781	588
315	132616	558	785	590
316	133254	199	788	584
317	133473	359	785	590
318	133932	199	793	600
319	134151	179	799	586
320	134351	199	797	601
321	134570	159	795	598
322	134749	219	800	604
323	135009	538	801	595
324	135866	100	788	566
325	136005	120	791	565
326	136205	100	798	566
327	136524	578	796	584
328	137202	379	789	588
329	137600	199	792	594
330	137820	439	788	598
331	138278	299	794	597
332	138597	199	794	588
333	138837	120	803	593
334	139156	199	813	612
335	139375	100	812	617
336	139494	120	808	638
337	140053	160	809	582
338	140272	100	847	563
339	140471	598	811	585
340	141089	239	794	606
341	141408	219	790	603
342	141727	120	787	599
343	141907	199	792	601
344	142126	399	802	615
345	142545	199	802	592
346	143083	219	794	575
347	143322	458	800	575
348	143841	259	804	591
349	144140	139	793	581
350	144299	100	805	576
351	144459	120	798	573
352	144598	100	799	595
353	144738	120	811	616
354	144937	219	812	638
355	145177	100	786	613
356	145316	100	809	587
357	145635	419	798	594
358	146153	419	792	583
359	146592	498	789	578
360	147190	439	782	609
361	147649	139	788	612
362	147808	419	799	632
363	148267	279	796	638
364	148566	180	802	610
365	148765	618	786	619
366	149403	100	784	619
367	149583	399	788	613
368	150001	180	790	606
369	150201	818	795	621
370	151038	578	796	638
371	151636	100	793	598
372	151895	259	801	644
373	152174	399	809	651
374	152613	459	828	602
375	153191	259	820	583
376	153470	199	818	563
377	153710	439	808	557
378	154228	100	818	549
379	154487	160	819	581
380	154766	160	827	605
381	155065	199	818	612
382	155285	339	821	591
383	155923	100	797	592
384	156042	339	794	568
385	156441	658	800	562
386	157139	139	809	560
387	157318	120	819	595
388	157478	319	819	622
389	157817	339	818	622
390	158215	120	825	593
391	158355	120	819	590
392	158574	199	824	581
393	158794	399	813	580
394	159212	179	803	580
395	159412	319	796	582
396	159750	140	797	590
397	159950	279	795	591
398	160349	658	810	622
399	161206	339	818	591
400	161565	120	815	597
401	161704	120	819	599
402	161864	399	821	590
403	162283	478	820	584
404	162901	538	822	613
405	163459	120	831	625
406	163598	459	819	604
407	164256	319	833	601
408	164735	299	833	624
409	165054	478	829	643
410	165552	399	831	597
411	165991	459	830	598
412	166469	139	826	593
413	166669	219	824	584
414	166908	758	821	579
415	167686	140	817	580
416	167845	100	826	592
417	167985	199	813	598
418	168204	119	815	561
419	168682	1097	794	589
420	169799	100	794	568
421	169938	259	789	587
422	170477	159	782	601
423	170656	120	783	580
424	170796	180	794	591
425	171115	1475	785	579
426	172610	1037	784	567
427	173746	379	785	553
428	174484	179	786	565
429	174683	160	785	580
430	175002	259	794	560
431	175341	339	790	563
432	175700	259	786	552
433	175979	459	788	568
434	176558	239	773	567
435	176916	459	767	560
436	177455	399	798	591
437	177873	100	801	598
438	177993	439	811	583
439	178452	279	801	606
440	178751	239	815	601
441	179010	299	810	589
442	179508	140	803	592
443	179688	199	805	575
444	179927	239	816	579
445	180206	319	811	571
446	180545	140	851	552
447	180724	100	849	580
448	181103	139	810	592
449	181283	179	806	581
450	181562	399	794	577
451	182060	179	800	573
452	182260	160	785	551
453	182658	159	810	580
454	182838	100	801	571
455	182957	219	804	560
456	183296	797	811	578
457	184134	359	812	621
458	184512	239	800	598
459	184871	598	810	572
460	185489	498	804	583
461	186008	339	812	583
462	186387	179	807	566
463	186626	518	814	603
464	187184	538	803	624
465	187762	159	817	607
466	188261	100	812	617
467	188380	419	809	610
468	188819	160	811	601
469	189297	917	818	605
470	190733	379	804	633
471	191131	100	807	636
472	191530	100	847	620
473	191650	439	823	604
474	192208	159	812	587
475	192388	459	808	576
476	192906	678	797	570
477	193604	180	827	612
478	193803	120	829	618
479	194042	219	817	570
480	194302	159	807	582
481	194481	199	810	567
482	194700	140	804	599
483	194880	199	797	628
484	195298	119	809	591
485	195498	159	805	560
486	195916	140	817	540
487	196096	518	810	583
488	196634	379	802	600
489	197033	159	806	585
490	197272	219	812	602
491	197571	119	807	604
492	197711	159	818	591
493	197890	120	819	617
494	198389	199	824	589
495	198767	319	807	557
496	199126	179	813	579
497	199326	319	820	610
498	199665	399	806	586
499	200143	698	818	595
500	201359	100	801	599
501	201579	219	815	618
502	201957	339	818	610
503	202416	100	804	603
504	202575	339	809	590
505	202934	219	807	586
506	203293	339	801	605
507	204310	160	802	644
508	204489	279	807	653
509	204988	319	812	533
510	205327	179	822	580
511	205526	120	822	576
512	205686	239	785	580
513	205945	239	814	573
514	206204	219	814	578
515	206543	439	813	614
516	207002	259	818	605
517	207281	379	808	588
518	207679	478	810	575
519	208178	439	812	613
520	208636	140	808	615
521	208935	239	809	614
522	209215	618	814	599
523	209853	179	809	577
524	210052	279	814	593
525	210351	279	809	589
526	210650	259	804	599
527	210949	120	796	593
528	211129	419	798	578
529	211826	239	797	557
530	212085	179	835	601
531	212365	100	796	620
532	212524	119	805	620
533	212664	120	819	639
534	212803	120	818	622
535	213142	359	816	644
536	213661	139	815	598
537	213820	100	812	597
538	213940	160	817	605
539	214139	179	823	622
540	214338	259	816	597
541	214717	219	815	593
542	215076	159	801	562
543	215475	359	808	655
544	215854	199	825	666
545	216232	339	811	658
546	216651	319	824	672
547	217150	259	815	647
548	217429	299	820	643
549	217907	658	822	621
550	218605	160	828	668
551	218784	179	832	673
552	219203	239	816	652
553	219482	140	811	633
554	219642	179	814	626
555	219861	139	811	620
556	220020	120	820	631
557	220160	100	819	640
558	220320	140	815	655
559	220479	179	820	652
560	220678	299	817	649
561	220997	319	825	640
562	221336	219	819	643
563	221735	160	814	642
564	222114	100	809	649
565	222233	459	813	659
566	222712	199	820	665
567	223031	100	830	662
568	223549	159	833	627
569	223828	120	861	584
570	223968	120	814	596
571	224127	319	810	619
572	224486	100	819	631
573	224606	279	805	622
574	224965	299	812	634
575	225284	578	811	623
576	225922	140	810	608
577	226321	179	804	601
578	226879	339	811	592
579	227258	439	817	614
580	227716	219	778	592
581	228075	199	810	578
582	228294	180	810	593
583	228494	219	806	615
584	228733	558	815	599
585	229311	160	794	614
586	229491	179	784	615
587	229690	179	790	621
588	230129	100	772	612
589	230348	100	819	598
590	230487	239	799	614
591	230826	718	808	584
592	231644	259	802	545
593	232062	299	818	552
594	232461	518	813	586
595	233019	219	808	595
596	233259	160	807	617
597	233657	299	796	566
598	233976	239	797	572
599	234236	299	825	538
600	234555	1236	809	552
601	235831	279	806	566
602	236130	159	811	560
603	236369	199	789	518
604	236827	459	802	546
605	237406	199	801	607
606	237625	379	802	585
607	238024	339	801	567
608	238482	239	803	593
609	238781	538	808	584
610	239439	140	802	563
611	239599	100	743	601
612	239738	1834	805	583
613	241592	100	803	594
614	241812	160	804	618
615	242031	239	798	609
616	242549	199	788	610
617	242769	678	803	561
618	243566	439	803	568
619	244025	379	808	578
620	244423	379	810	586
621	244822	379	799	584
622	245221	200	793	594
623	245500	498	809	614
624	246238	139	823	606
625	246517	100	771	609
626	246736	219	814	571
627	246975	140	799	602
628	247155	299	801	612
629	247474	179	799	606
630	247673	797	801	600
631	248551	558	803	607
632	249308	259	796	591
633	249787	339	805	598
634	250145	299	803	595
635	250464	499	803	604
636	250983	100	799	593
637	251142	339	806	603
638	251501	279	816	599
639	251800	140	815	562
640	252179	319	808	583
641	252518	478	807	615
642	253116	159	802	608
643	253296	279	803	585
644	253595	439	812	591
645	254093	219	817	595
646	254332	439	809	588
647	255090	100	803	553
648	255210	319	801	580
649	255548	419	813	611
650	256007	199	811	611
651	256246	359	818	593
652	256745	279	815	587
653	257064	498	814	607
654	257602	159	794	614
655	257881	139	820	595
656	258160	140	804	624
657	258399	100	797	623
658	258898	299	812	594
659	259277	239	806	602
660	259536	120	800	611
661	259675	100	799	623
662	259795	120	801	616
663	260293	100	785	592
664	260413	239	783	586
665	260672	199	788	615
666	261011	160	791	602
667	261211	219	799	595
668	261749	179	792	608
669	261968	219	801	615
670	262247	159	803	606
671	262467	159	806	598
672	262905	259	806	610
673	263184	339	811	605
674	263543	459	803	614
675	264580	180	774	601
676	264779	179	819	599
677	265018	359	812	602
678	265417	100	801	593
679	265537	319	797	617
680	265876	239	807	598
681	266135	219	811	588
682	266414	498	814	620
683	266972	100	798	617
684	267092	199	798	617
685	267331	738	802	616
686	268208	259	801	612
687	268488	758	802	604
688	269425	339	814	633
689	269803	538	798	595
690	270362	199	807	587
691	270661	219	805	589
692	270900	797	806	627
693	271717	399	805	648
694	272136	1435	805	658
695	273851	160	812	634
696	274030	419	801	609
697	274728	498	803	605
698	275246	279	802	618
699	275565	538	813	642
700	276143	518	812	623
701	276921	259	798	591
702	277200	578	811	592
703	277898	120	804	593
704	278037	120	808	624
705	278297	100	800	636
706	278596	179	814	620
707	278795	239	815	611
708	279054	299	816	621
709	279373	159	779	625
710	279553	339	796	600
711	279912	140	795	601
712	280071	738	797	613
713	280829	299	794	610
714	281247	199	786	578
715	281467	299	789	582
716	281786	139	798	573
717	281945	159	803	579
718	282184	798	812	587
719	283002	180	761	572
720	283201	159	799	592
721	283600	120	827	558
722	283819	219	783	585
723	284059	199	805	570
724	284338	817	812	567
725	285175	598	811	580
726	285813	937	806	602
727	286989	379	791	601
728	287488	877	812	572
729	288445	239	811	593
730	288744	100	851	602
731	289043	159	846	624
732	289322	618	799	606
733	290099	379	802	586
734	290498	180	795	582
735	290698	319	795	571
736	291276	139	820	608
737	291435	359	805	573
738	292033	279	801	578
739	292332	638	795	587
740	293090	140	788	601
741	293369	598	795	594
742	294187	199	780	571
743	294406	139	811	596
744	294765	379	796	596
745	295263	698	807	584
746	295981	339	815	615
747	296340	758	805	580
748	297137	140	804	583
749	297297	718	797	590
750	298154	279	806	592
751	298593	678	809	604
752	299290	100	813	607
753	299430	379	801	623
754	300148	179	823	622
755	300606	379	803	611
756	301085	319	803	601
757	301444	180	806	601
758	301643	120	796	593
759	301783	159	792	585
760	301962	259	801	607
761	302241	140	795	601
762	302401	419	793	621
763	303118	259	795	607
764	303397	160	811	604
765	303577	817	804	601
766	304454	100	801	608
767	304693	100	814	598
768	305012	598	811	618
769	305670	180	807	583
770	306029	259	801	585
771	306308	159	803	598
772	306587	179	804	612
773	306807	100	800	608
774	306926	140	803	614
775	307186	239	801	612
776	307445	180	801	593
777	307764	219	804	626
778	308003	199	810	647
779	308222	558	812	623
780	308800	199	803	636
781	309060	160	794	619
782	309239	299	810	628
783	309578	100	797	601
784	309698	379	813	612
785	310116	160	814	611
786	310336	159	827	613
787	310515	259	818	595
788	310854	319	808	623
789	311313	219	803	597
790	311572	219	801	602
791	311811	1715	805	626
792	313745	678	804	585
793	314443	419	811	582
794	314881	199	805	603
795	315101	199	799	613
796	315679	538	806	602
797	316257	718	801	589
798	317114	658	806	583
799	317792	100	810	609
800	317912	438	795	596
801	318370	399	793	571
802	318789	439	797	588
803	319248	578	809	598
804	320045	399	804	611
805	320464	279	809	609
806	320922	379	800	620
807	321321	578	809	588
808	321919	259	800	592
809	322198	399	808	595
810	322617	199	797	631
811	322896	279	798	597
812	323195	100	790	566
813	323315	419	801	584
814	323793	259	810	591
815	324072	160	814	567
816	324331	140	815	561
817	324511	219	813	595
818	324770	299	814	633
819	325089	279	815	657
820	325448	239	817	608
821	325707	219	809	586
822	325946	558	811	590
823	326684	179	808	606
824	326883	179	813	614
825	327123	399	815	595
826	327541	120	818	603
827	327681	199	817	606
828	327900	219	810	616
829	328379	180	786	590
830	328658	458	803	596
831	329136	100	788	617
832	329256	239	801	614
833	329515	319	801	573
834	329874	598	796	581
835	330751	339	803	599
836	331130	419	802	594
837	331589	100	808	593
838	332027	239	814	575
839	332306	100	810	566
840	332526	299	813	577
841	333044	658	815	595
842	333722	160	801	570
843	334121	140	803	579
844	334280	219	804	570
845	334519	100	805	581
846	334659	279	800	572
847	334958	279	802	564
848	335257	180	813	571
849	335456	100	815	590
850	335576	120	813	597
851	335815	179	822	590
852	336015	239	820	576
853	336393	379	812	602
854	336812	319	795	605
855	337470	199	805	659
856	338068	299	810	573
857	338606	179	805	583
858	338806	120	807	580
859	338945	100	796	569
860	339085	459	801	572
861	339683	379	809	584
862	340201	1037	806	586
863	341258	439	813	585
864	341737	678	811	595
865	342434	259	811	590
866	342713	479	812	590
867	343212	239	821	578
868	343491	379	816	603
869	343989	478	812	603
870	344528	140	805	585
871	344687	439	797	610
872	345206	718	804	590
873	346003	399	810	590
874	346422	379	810	607
875	346860	120	826	623
876	347000	399	821	612
877	347538	259	825	617
878	347877	219	820	598
879	348136	239	814	611
880	348475	179	819	616
881	348894	119	809	597
882	349054	997	810	600
883	350070	339	811	597
884	350509	100	816	623
885	350629	339	823	620
886	350987	159	777	572
887	351167	100	772	586
888	351326	319	817	657
889	351725	140	800	659
890	351884	518	806	651
891	352483	140	807	659
892	352881	159	823	582
893	353061	140	811	603
894	353220	179	805	602
895	353420	120	807	602
896	353779	319	808	587
897	354118	120	799	587
898	354257	159	806	567
899	354437	598	818	587
900	355055	100	821	624
901	355194	239	823	627
902	355453	120	816	594
903	355692	419	808	585
904	356171	857	804	592
905	357148	219	800	583
906	357387	618	796	587
907	358145	438	800	600
908	358743	239	798	607
909	359002	279	785	603
910	359301	439	806	601
911	359919	439	808	600
912	360378	219	801	605
913	360617	199	795	591
914	361016	558	816	617
915	361614	100	804	617
916	361813	498	808	607
917	362332	120	807	603
918	362730	638	803	599
919	363388	259	790	585
920	363747	1296	808	615
921	365103	359	811	604
922	365482	239	808	632
923	365920	120	816	618
924	366219	419	800	599
925	366698	100	813	578
926	366977	100	808	569
927	367116	140	804	599
928	367276	498	805	588
929	367794	797	805	596
930	368612	578	802	573
931	369210	1037	800	595
932	370306	857	807	618
933	371204	100	804	602
934	371682	159	795	609
935	371862	339	799	631
936	372220	558	803	607
937	372799	100	808	601
938	372918	538	808	620
939	373536	558	813	642
940	374114	140	814	647
941	374394	479	811	651
942	374892	120	811	648
943	375111	399	818	620
944	375630	837	820	625
945	376487	279	804	639
946	376806	299	805	639
947	377165	100	807	610
948	377284	259	799	602
949	377683	1057	795	631
950	379039	100	821	606
951	379238	120	773	618
952	379378	259	817	582
953	379737	239	804	587
954	380056	299	784	603
955	380415	459	793	583
956	380893	518	812	608
957	381431	578	794	617
958	382029	100	793	629
959	382149	100	787	628
960	382269	219	787	620
961	382508	359	791	628
962	382887	160	784	620
963	383086	897	791	609
964	384003	160	796	604
965	384203	139	803	605
966	384362	120	810	577
967	384562	399	795	550
968	384980	319	786	572
969	385319	199	792	559
970	385538	140	793	559
971	385698	140	795	562
972	385857	319	794	589
973	386256	199	798	591
974	386476	877	807	597
975	387373	239	817	597
976	387692	179	756	607
977	387891	120	803	605
978	388031	100	798	582
979	388170	299	799	589
980	388489	1655	812	582
981	390184	140	794	586
982	390343	299	802	620
983	390941	239	806	586
984	391200	379	806	590
985	391599	299	790	570
986	391978	179	793	565
987	392178	937	804	579
988	393234	140	810	599
989	393394	618	811	591
990	394032	578	800	570
991	394710	478	798	579
992	395208	578	806	584
993	395806	120	812	585
994	395946	179	806	574
995	396145	239	808	593
996	396404	399	809	613
997	396843	299	808	632
998	397182	518	805	672
999	397720	299	809	611
1000	398039	239	779	590
1001	398318	518	810	590
1002	398856	239	812	594
1003	399136	120	796	601
1004	399295	179	795	609
1005	399514	538	797	606
1006	400073	120	793	607
1007	400292	219	813	582
1008	400531	399	798	596
1009	400950	199	806	612
1010	401169	139	813	628
1011	401329	339	813	621
1012	401688	359	809	620
1013	402066	200	808	621
1014	402385	857	804	613
1015	403263	698	799	638
1016	404020	319	807	666
1017	404359	160	802	652
1018	404538	120	812	605
1019	404678	419	795	586
1020	405236	100	795	592
1021	405356	738	798	583
1022	406133	598	808	585
1023	406831	319	798	624
1024	407170	259	792	603
1025	407669	100	775	583
1026	407968	160	811	648
1027	408147	259	798	612
1028	408446	279	796	598
1029	408745	160	807	610
1030	408945	578	813	594
1031	409543	259	820	611
1032	409842	239	817	639
1033	410201	200	805	605
1034	410420	1296	803	597
1035	411736	199	801	601
1036	412075	299	801	613
1037	412414	837	797	617
1038	413351	499	807	614
1039	414228	578	811	628
1040	414826	159	801	620
1041	415145	159	814	623
1042	415324	159	800	611
1043	415564	100	813	623
1044	415723	140	811	616
1045	415883	120	799	595
1046	416022	139	804	611
1047	416321	399	816	602
1048	416740	159	807	613
1049	417298	159	809	654
1050	417478	160	805	687
1051	417936	379	806	625
1052	418335	638	806	638
1053	418993	140	816	650
1054	419212	160	799	641
1055	419491	100	811	634
1056	419671	179	809	623
1057	419870	199	813	655
1058	420089	558	799	641
1059	421027	179	809	587
1060	421226	239	799	611
1061	421505	1595	807	622
1062	423120	359	810	618
1063	423539	120	811	622
1064	423678	100	813	618
1065	423897	439	805	608
1066	424356	439	802	598
1067	424815	538	804	644
1068	425452	658	796	668
1069	426130	718	796	637
1070	426868	219	792	636
1071	427287	977	797	640
1072	428304	379	795	656
1073	428702	279	806	625
1074	429001	159	789	636
1075	429181	498	800	612
1076	429839	160	807	628
1077	430098	259	805	639
1078	430616	159	800	591
1079	430796	259	822	613
1080	431075	379	818	597
1081	431593	658	806	593
1082	432331	658	801	605
1083	433009	120	806	628
1084	433148	299	814	606
1085	433547	419	801	598
1086	434045	179	803	593
1087	434265	598	801	597
1088	434883	120	785	614
1089	435222	439	802	608
1090	435740	399	826	593
1091	436159	140	814	603
1092	436318	100	809	613
1093	436498	518	810	600
1094	437036	140	816	592
1095	437196	658	801	589
1096	437873	698	794	576
1097	438591	219	799	563
1098	438950	100	786	598
1099	439070	419	797	594
1100	439508	658	793	588
1101	440186	120	789	604
1102	440326	1037	796	573
1103	441382	459	796	565
1104	441861	200	801	565
1105	442140	618	796	583
1106	442778	399	800	599
