Data properties:
 
Recording date: 9/17/2008
Recording time : 11:40:38:346 (corresponds to time 0)
Study: SD Experiment
Subject: MY
Recording: MYT
Screen resolution: 1600 x 1200
Coordinate unit: Pixels
 
 
Filter settings:
 
Eye: Average
Validity level: Normal
Fixation radius: 30
Min duration: 100
 
Fix number	Timestamp	Duration	GazepointX	GazepointY
 
1	259	139	649	528
2	418	698	801	618
3	1136	1396	815	648
4	2551	857	806	627
5	3429	758	804	640
6	4206	100	808	659
7	4326	359	807	647
8	4705	159	811	637
9	4904	120	812	632
10	5044	1555	806	636
11	6619	718	811	648
12	7356	239	791	615
13	7715	259	809	574
14	7994	259	795	578
15	8274	279	801	583
16	8573	259	805	599
17	8852	100	808	613
18	8971	100	803	612
19	9091	459	802	587
20	9569	359	800	590
21	9968	339	802	556
22	10327	259	810	569
23	10606	458	799	604
24	11104	299	803	617
25	11423	259	808	621
26	11782	100	890	630
27	12002	140	824	615
28	12161	160	795	622
29	12341	140	793	613
30	12500	319	797	609
31	12919	319	790	617
32	13377	199	806	637
33	13597	279	806	593
34	13896	159	774	560
35	14075	159	773	540
36	14255	140	808	560
37	14514	359	792	637
38	15012	239	796	586
39	15271	459	796	580
40	15790	159	800	589
41	15969	219	789	593
42	16208	100	799	577
43	16448	738	796	591
44	17205	140	794	599
45	17365	259	802	605
46	17664	120	778	523
47	17803	299	786	497
48	18122	140	780	513
49	18302	159	791	556
50	18481	159	762	532
51	18661	120	776	531
52	18800	718	780	489
53	19538	379	779	521
54	19956	199	771	605
55	20176	439	777	599
56	20674	359	726	581
57	21252	140	780	607
58	21412	658	792	588
59	22090	698	795	584
60	22967	140	777	519
61	23166	219	797	547
62	23465	179	795	611
63	23705	159	765	536
64	23884	139	835	514
65	24163	120	777	550
66	24363	120	773	543
67	24502	160	792	615
68	24801	419	788	594
69	25320	279	798	581
70	25619	558	795	599
71	26237	100	789	605
72	26436	279	794	598
73	26735	419	802	604
74	27194	140	796	602
75	27353	159	802	602
76	27553	100	803	594
77	27732	120	816	557
78	27871	279	791	599
79	28190	638	805	622
80	102834	120	782	837
81	106722	140	815	813
82	106941	160	850	704
83	107221	1017	854	645
84	108257	259	722	436
85	108736	239	850	486
86	108995	100	843	506
87	109115	419	792	541
88	109613	160	729	579
89	109792	179	819	523
90	110012	179	780	508
91	110231	100	771	434
92	110470	299	809	427
93	110789	319	807	518
94	111288	638	824	610
95	111946	179	807	630
96	112245	140	826	613
97	112464	279	812	616
98	113142	100	752	404
99	113341	159	805	452
100	113680	120	788	452
101	113860	379	796	503
102	114757	438	819	564
103	115215	558	821	620
104	115794	319	819	587
105	116252	100	794	501
106	116372	120	793	525
107	116730	100	818	481
108	116890	339	802	527
109	117428	379	803	514
110	118006	120	768	532
111	118146	179	782	547
112	118345	120	805	556
113	118545	160	810	569
114	118724	339	823	572
115	119083	179	819	545
116	119422	159	823	563
117	119781	120	795	486
118	120020	179	840	507
119	120299	279	809	510
120	120658	239	790	521
121	120937	299	790	534
122	121256	100	792	517
123	121376	359	618	579
124	121834	179	743	599
125	122034	439	808	602
126	122492	120	815	618
127	122712	120	817	627
128	122851	1077	807	650
129	123948	359	833	656
130	124466	319	764	756
131	133976	159	807	700
132	138262	199	814	643
133	138482	399	806	652
134	138920	120	804	657
135	139060	219	805	684
136	139558	179	757	554
137	139937	219	754	543
138	140176	159	798	544
139	140416	120	721	595
140	140635	100	782	577
141	140774	100	782	595
142	140994	140	733	547
143	141153	259	784	552
144	141432	199	761	608
145	141652	199	762	592
146	141951	498	786	625
147	142489	120	795	610
148	142728	100	634	473
149	142868	339	730	525
150	143227	180	799	523
151	143426	319	743	552
152	143765	259	787	551
153	144164	140	758	553
154	144343	478	803	565
155	144842	458	811	583
156	145320	279	806	606
157	145619	419	793	580
158	146118	139	782	612
159	146277	239	792	654
160	146576	120	752	627
161	146716	100	749	603
162	146955	279	751	592
163	147254	299	748	557
164	147573	299	739	560
165	147892	718	749	580
166	148630	100	759	594
167	148769	319	751	595
168	149148	478	753	582
169	149766	179	773	634
170	149965	319	784	655
171	150304	399	798	659
172	150763	319	791	664
173	151301	179	753	621
174	151501	279	741	607
175	151839	239	757	631
176	152218	100	719	631
177	152418	100	745	595
178	152537	299	688	582
179	152996	139	775	645
180	153175	179	756	635
181	153375	140	771	668
182	153614	1017	792	616
183	154651	219	801	622
184	154890	279	797	623
185	155289	399	792	625
186	155707	239	789	621
187	156126	199	799	630
188	156345	199	792	647
189	156565	319	794	649
190	157023	159	732	471
191	157302	179	783	621
192	157502	199	794	626
193	157781	159	790	635
194	158518	498	799	631
195	159196	219	799	645
196	159435	239	793	636
197	159695	100	800	640
198	160014	299	798	649
199	160592	399	797	662
200	161010	199	791	678
201	161349	857	799	666
202	162266	299	788	680
203	162585	120	811	695
204	163164	179	788	539
205	163383	199	696	564
206	163642	140	767	542
207	163901	120	745	474
208	164041	199	751	488
209	164340	100	784	596
210	164460	140	778	601
211	164679	339	716	553
212	165157	119	739	625
213	165357	139	796	598
214	165516	339	799	577
215	165955	199	652	484
216	166174	299	730	535
217	166493	100	732	527
218	166633	239	759	575
219	166892	199	722	595
220	167231	199	725	585
221	167450	359	725	574
222	167829	259	728	582
223	168128	299	733	575
224	168447	259	735	580
225	168786	100	808	599
226	168905	578	792	598
227	169504	219	794	605
228	169763	219	795	596
229	170062	399	798	614
230	170560	120	746	618
231	170799	100	788	632
232	170959	299	710	592
233	171298	239	896	377
234	171597	399	796	589
235	172075	419	799	585
236	172534	239	800	598
237	172793	638	774	627
238	173451	339	789	584
239	173810	578	787	570
240	174428	120	680	558
241	174667	299	754	570
242	175006	299	755	587
243	175405	259	788	616
244	175684	299	796	621
245	176003	199	793	607
246	176322	279	794	605
247	176641	259	702	578
248	176940	140	778	570
249	177159	100	794	590
250	177299	279	792	591
251	177598	120	796	584
252	177797	259	720	518
253	178156	100	762	530
254	178356	160	691	509
255	178675	219	781	570
256	179173	199	779	596
257	179432	140	729	584
258	179652	120	726	581
259	179851	100	727	585
260	179970	100	728	589
261	180090	239	725	591
262	180409	179	781	566
263	180628	179	790	592
264	180828	498	788	584
265	181805	179	795	645
266	182044	100	789	636
267	182263	100	789	658
268	182403	339	794	656
269	182762	618	826	601
270	183440	159	847	613
271	183798	159	778	583
272	183978	439	785	631
273	184436	100	782	629
274	184556	160	772	594
275	184735	299	780	587
276	185114	100	779	590
277	185294	120	783	577
278	185433	120	784	583
279	185573	219	788	576
280	185991	259	788	605
281	186330	259	796	614
282	186769	179	792	589
283	186968	279	784	600
284	187267	638	788	599
285	187945	459	792	583
286	188424	140	783	592
287	188603	219	785	576
288	188843	139	788	601
289	189042	458	796	615
290	189640	339	797	611
291	190098	179	808	610
292	190298	179	807	590
293	190517	199	802	582
294	190796	199	786	442
295	191016	140	790	455
296	191215	100	801	594
297	191335	239	805	586
298	191594	359	783	564
299	191972	499	802	552
300	192491	399	805	569
301	192910	199	803	598
302	193229	139	809	599
303	193528	219	815	561
304	193767	359	820	560
305	194146	239	819	582
306	194425	139	822	562
307	194584	319	828	571
308	194923	239	826	573
309	195202	419	805	592
310	195641	159	818	598
311	195840	199	815	588
312	196319	219	804	600
313	196558	1156	804	595
314	197814	120	804	596
315	197954	319	807	613
316	198313	100	809	628
317	198432	439	801	629
318	198891	140	795	640
319	199050	439	808	640
320	199529	159	861	523
321	199728	179	810	550
322	199927	1136	793	572
323	201144	199	801	584
324	201423	1156	799	587
325	202699	120	782	574
326	202918	179	783	582
327	203117	199	786	578
328	203337	199	786	568
329	203596	179	792	577
330	203815	259	754	622
331	204174	239	745	617
332	204493	1376	748	596
333	205908	100	772	567
334	206028	718	780	584
335	206905	478	782	587
336	207503	199	783	593
337	207723	100	790	575
338	207863	139	787	581
339	208022	160	774	578
340	208201	618	787	591
341	208999	778	779	574
342	209816	179	780	586
343	210075	199	782	585
344	210295	219	777	584
345	210634	1216	791	582
346	211870	279	796	575
347	212189	140	803	566
348	212348	917	799	595
349	213285	598	791	624
350	213903	199	806	657
351	214122	738	804	641
352	214880	319	808	638
353	215558	558	800	604
354	216336	100	797	573
355	216455	538	801	590
356	217013	279	805	586
357	217332	279	808	589
358	217671	458	808	575
359	218249	279	808	578
360	218568	459	806	595
361	219047	259	786	637
362	219326	578	792	604
363	219924	379	789	579
364	220323	159	786	575
365	220502	100	789	582
366	220622	239	795	590
367	221061	219	805	602
368	221340	160	805	578
369	221519	259	794	575
370	221838	219	789	584
371	222157	139	790	561
372	222476	339	777	612
373	222855	140	778	613
374	223014	219	776	599
375	223254	219	772	597
376	223493	100	784	587
377	223652	419	788	621
378	224091	140	785	629
379	224270	578	786	626
380	224888	578	796	589
381	225706	160	788	582
382	225905	100	789	571
383	226045	439	771	559
384	226503	199	783	574
385	226723	498	789	583
386	227281	159	793	581
387	227460	100	778	625
388	227580	419	780	618
389	228278	339	710	618
390	228816	239	798	577
391	229115	399	801	583
392	229614	299	806	616
393	229933	120	806	594
394	230152	219	798	590
395	230431	259	805	596
396	230750	180	814	601
397	230969	159	808	605
398	231149	100	784	640
399	231268	239	792	644
400	231886	399	798	650
401	232325	139	798	641
402	232744	100	798	614
403	232943	319	800	602
404	233302	478	798	593
405	233800	299	811	599
406	234119	100	805	601
407	234259	379	804	604
408	234717	339	798	622
409	235076	239	805	613
410	235355	279	799	594
411	235734	339	797	594
412	236292	219	799	586
413	236552	439	805	582
414	237070	498	809	572
415	237628	319	798	582
416	237987	698	807	612
417	238705	598	801	574
418	239502	159	796	578
419	239742	219	795	589
420	239981	120	800	585
421	240120	279	799	585
422	240419	478	801	580
423	240958	259	797	590
424	241257	518	803	593
425	241795	100	800	571
426	241915	139	804	566
427	242114	478	801	576
428	242632	199	799	574
429	242872	478	801	573
430	243370	618	807	578
431	244008	379	806	561
432	244427	100	811	584
433	244546	598	813	584
434	245284	160	785	601
435	245463	219	798	602
436	245703	120	795	612
437	245842	179	799	628
438	246141	259	799	631
439	246859	100	806	662
440	246979	160	796	647
441	247158	319	807	627
442	247656	159	790	610
443	248035	299	798	618
444	248354	857	783	592
445	249231	100	779	590
446	249351	419	787	600
447	249790	199	793	620
448	250049	120	792	627
449	250188	319	789	621
450	250547	219	790	644
451	250787	678	791	617
452	251664	459	791	626
453	252182	140	775	627
454	252342	239	771	599
455	252681	239	776	632
456	253099	478	795	614
457	253598	797	788	623
458	254415	997	798	617
459	255432	140	801	642
460	255591	140	807	652
461	255910	219	793	624
462	256150	419	788	617
463	256608	100	800	595
464	256728	479	799	631
465	257286	518	802	609
466	257864	658	802	619
467	258562	299	800	640
468	258881	100	798	637
469	259001	419	796	593
470	259439	160	801	576
471	259619	239	809	603
472	259878	219	805	614
473	260117	399	812	649
474	260536	319	813	638
475	261034	319	774	594
476	261433	219	802	579
477	261712	159	799	565
478	261891	658	791	564
479	262629	199	798	522
480	262848	120	791	536
481	263028	160	794	544
482	263327	140	795	544
483	263486	319	792	558
484	264045	458	801	611
485	264603	159	801	609
486	265002	219	805	599
487	265241	459	804	605
488	265719	179	794	612
489	265919	777	791	610
490	266716	219	797	621
491	266955	219	797	629
492	267215	140	805	628
493	267374	140	804	595
494	267733	339	791	610
495	268112	120	789	586
496	268271	139	555	604
497	268431	179	774	605
498	268630	957	790	577
499	269727	498	803	602
500	270245	379	794	576
501	270644	179	788	572
502	271043	299	797	571
503	271362	279	798	561
504	271661	199	799	573
505	271920	140	800	563
506	272079	120	796	582
507	272259	140	790	553
508	272418	100	798	563
509	272737	160	852	661
510	272976	160	855	709
511	273176	120	856	710
512	273315	359	873	686
513	273814	219	852	677
514	274053	139	859	681
515	274272	140	854	613
516	274472	199	813	576
517	275030	219	813	500
518	275329	159	829	599
519	275708	120	810	535
520	275947	399	805	575
521	276366	199	803	584
522	276585	219	789	554
523	276964	219	781	585
524	277323	239	780	593
525	277582	379	772	569
526	277981	179	765	577
527	278200	139	768	571
528	278419	160	760	585
529	278599	100	770	578
530	278718	239	770	588
531	278977	100	779	557
532	279097	718	787	606
533	279855	140	792	590
534	280233	419	783	586
535	280692	339	771	566
536	281270	159	766	561
537	281450	239	771	568
538	281749	100	773	577
539	281868	120	765	583
540	282008	319	773	591
541	282347	359	763	590
542	283005	120	764	582
543	283144	319	769	588
544	283483	120	770	595
545	283742	120	746	583
546	283922	159	774	635
547	284121	219	779	635
548	284520	199	776	634
549	284859	279	774	627
550	285258	140	794	637
551	285457	120	780	627
552	285656	179	783	640
553	285856	159	776	648
554	286055	319	769	647
555	286394	439	779	644
556	287032	319	788	629
557	287371	239	802	596
558	287770	239	798	602
559	288069	159	804	603
560	288388	100	783	619
561	288746	140	790	626
562	288906	279	794	638
563	289205	219	804	641
564	289464	438	818	608
565	289923	518	818	589
566	290501	219	779	586
567	290880	379	766	560
568	291318	100	781	551
569	291837	140	707	598
570	292933	179	791	567
571	293153	259	786	573
572	293432	179	768	569
573	293791	100	744	578
574	293950	140	770	594
575	294110	259	773	596
576	294389	120	777	601
577	294847	419	796	588
578	295326	439	780	583
579	295804	199	791	581
580	296024	140	789	599
581	296183	638	788	592
582	296841	279	787	584
583	297140	478	784	611
584	297878	100	809	576
585	297997	219	782	593
586	298296	199	781	571
587	298536	279	782	575
588	298855	757	774	576
589	299712	199	776	569
590	300091	259	793	591
591	300450	179	800	586
592	300928	120	822	583
593	301068	478	789	607
594	301566	558	796	641
595	302144	219	815	625
596	302383	100	812	594
597	302523	140	816	583
598	302762	239	801	583
599	303221	299	789	554
600	303540	119	809	544
601	303839	797	801	568
602	304656	120	803	595
603	304816	140	801	568
604	304975	120	791	585
605	305234	459	782	575
606	305812	100	784	592
607	306012	279	798	587
608	306331	499	792	570
609	306869	100	790	563
610	306989	219	791	557
611	307408	140	793	546
612	307567	239	791	548
613	307826	997	792	570
614	308843	219	784	553
615	309082	100	791	543
616	309321	578	802	563
617	309920	239	797	556
618	310179	319	809	560
619	310518	140	807	569
620	310677	259	806	565
621	310996	120	818	589
622	311176	199	793	592
623	311415	399	790	580
624	311834	299	794	591
625	312192	139	798	593
626	312511	179	808	565
627	312850	219	802	572
628	313090	239	761	596
629	313528	319	795	581
630	313947	100	811	583
631	314166	159	787	573
632	314346	478	800	595
633	314864	279	802	611
634	315163	678	797	599
635	315861	239	790	594
636	316120	100	789	600
637	316479	179	809	609
638	316798	120	2446	724
639	317276	159	804	613
640	317934	160	799	580
641	318114	199	823	607
642	318333	159	809	573
643	318512	100	800	603
644	318831	100	820	540
645	319150	199	811	578
646	319390	339	810	601
647	319748	319	810	604
648	320088	339	810	613
649	320446	140	796	587
650	320825	239	802	570
651	321124	100	805	608
652	321244	498	797	602
653	321762	359	803	593
654	322280	439	812	627
655	322739	279	813	627
656	323058	219	818	630
657	323357	100	821	636
658	323477	498	816	607
659	324155	419	810	595
660	324593	538	820	610
661	325151	478	830	627
662	325650	199	829	612
663	325869	758	825	597
664	326647	120	829	622
665	326786	777	825	589
666	327604	180	823	567
667	327803	439	821	609
668	328282	698	804	597
669	329039	259	800	583
670	329338	279	806	588
671	329637	518	798	610
672	330175	200	798	628
673	330395	299	802	618
674	330714	259	804	600
675	331013	478	809	594
676	331691	319	797	625
677	332030	160	820	652
678	332209	299	815	648
679	332528	199	805	655
680	332947	120	817	565
681	333525	179	765	554
682	333724	279	810	508
683	334283	139	786	524
684	334442	140	782	517
685	334602	100	786	526
686	334721	160	783	539
687	334901	199	783	546
688	335120	120	790	556
689	335299	199	781	614
690	335598	239	776	596
691	335937	179	762	462
692	336296	478	765	523
693	336795	239	766	521
694	337074	259	768	534
695	337353	478	769	525
696	337851	399	767	521
697	338270	100	758	540
698	338390	259	767	537
699	338669	219	792	575
700	338908	259	791	577
701	339725	100	786	631
702	339945	299	752	578
703	340264	259	764	551
704	340543	100	767	542
705	340662	259	765	532
706	341061	120	763	522
707	341300	658	773	563
708	341978	379	791	583
709	342377	100	788	562
710	342497	259	791	588
711	342855	239	772	475
712	343115	160	798	527
713	343294	120	791	565
714	343493	179	766	505
715	343832	219	831	499
716	344171	1037	822	548
717	345228	120	790	607
718	345467	139	796	592
719	345866	498	806	677
720	346384	259	809	684
721	346683	180	796	663
722	346943	199	817	549
723	347182	359	787	566
724	347620	339	796	562
725	347979	259	801	615
726	348298	159	771	560
727	348577	199	786	619
728	348797	399	789	626
729	349235	180	802	612
730	349435	140	805	569
731	349754	120	806	600
732	349973	199	813	600
733	350192	199	820	609
734	350412	199	820	593
735	350631	259	831	635
736	350950	140	799	630
737	351109	120	801	621
738	351349	100	825	598
739	351468	259	780	595
740	351747	419	797	666
741	352186	219	803	662
742	352605	339	808	587
743	353083	518	806	571
744	353901	319	789	552
745	354239	159	791	543
746	354419	100	790	537
747	354538	319	794	565
748	354877	100	802	575
749	355017	179	758	564
750	355376	498	801	582
751	355894	339	797	577
752	356333	219	803	557
753	356572	199	800	575
754	356871	239	785	502
755	357130	239	807	553
756	357509	120	788	584
757	357649	419	783	577
758	358187	279	801	589
759	358546	359	799	594
760	358944	219	802	599
761	359383	299	809	591
762	359702	538	804	578
763	360260	179	809	583
764	360739	100	840	724
765	361357	100	819	718
766	361915	120	803	692
767	362055	638	799	666
768	362713	100	792	661
769	362872	538	801	664
770	363450	419	812	665
771	364048	279	812	614
772	364347	120	807	583
773	364487	159	811	585
774	364666	159	809	592
775	364926	120	832	588
776	365065	259	817	582
777	365364	100	804	576
778	365544	179	786	555
779	365743	299	796	566
780	366122	159	810	620
781	366401	538	804	583
782	367039	120	825	575
783	367179	199	797	584
784	367398	379	795	564
785	367816	518	795	571
786	368435	239	808	576
787	368773	199	812	591
788	368993	319	805	590
789	369332	239	807	601
790	369591	259	803	598
791	369870	219	801	580
792	370109	159	801	581
793	370289	100	809	601
794	370428	1455	810	599
795	371924	419	827	603
796	372621	219	796	628
797	372920	439	810	606
798	373379	239	814	598
799	373638	359	811	615
800	374017	100	812	614
801	374176	458	793	605
802	374715	399	802	601
803	375273	120	807	590
804	375432	259	804	581
805	375811	100	810	606
806	375931	459	806	573
807	376469	279	791	576
808	377007	379	800	585
809	377406	239	806	606
810	378044	379	821	677
811	378443	120	828	674
812	378583	100	807	630
813	378702	239	805	649
814	378961	817	810	648
815	379818	339	814	646
816	380177	259	804	616
817	380676	159	799	609
818	380855	140	798	602
819	381015	120	797	616
820	381194	518	796	594
821	381732	100	802	576
822	381912	399	798	573
823	382510	179	784	619
824	382709	160	810	623
825	382889	259	809	599
826	383228	120	814	555
827	383367	159	807	544
828	383906	299	800	578
829	384225	399	800	587
830	384643	419	802	590
831	385082	319	808	563
832	385421	179	812	574
833	385620	160	811	590
834	385800	140	807	635
835	385959	159	807	606
836	386198	100	797	612
837	386318	199	792	633
838	386537	160	818	633
839	386796	140	810	628
840	386976	1096	806	616
841	388092	299	807	601
842	388411	120	807	620
843	388551	618	804	606
844	389189	120	805	604
845	389428	179	801	623
846	389687	359	806	597
847	390066	419	807	622
848	390525	399	801	609
849	390943	120	803	622
850	391083	239	802	631
851	391382	120	801	629
852	391821	140	824	659
853	392000	219	828	656
854	392239	319	807	619
855	392598	120	808	601
856	392937	239	808	626
857	393196	179	805	652
858	393495	319	832	654
859	394053	179	823	574
860	394372	179	798	570
861	394572	578	814	588
862	395170	877	805	593
863	396067	279	807	620
864	396366	120	805	595
865	396625	279	804	572
866	396924	997	804	606
867	397941	299	806	631
868	398300	339	809	636
869	398659	239	807	631
870	398918	219	800	617
871	399377	339	804	608
872	399736	159	806	601
873	399935	140	780	588
874	400234	439	809	614
875	400712	100	804	617
876	400832	738	799	598
877	401590	100	804	616
878	401709	917	803	618
879	402646	159	801	596
880	402826	100	791	574
881	403005	538	803	613
882	403564	160	796	610
883	403902	319	817	598
884	404241	100	812	599
885	404361	199	815	606
886	404580	239	815	605
887	404899	219	814	607
888	405138	159	812	598
889	405438	279	813	587
890	405836	459	813	578
891	406315	120	803	589
892	406614	100	819	576
893	406753	319	800	616
894	407292	120	808	632
895	407491	219	813	635
896	407750	279	817	650
897	408289	379	822	582
898	408847	199	807	580
899	409066	159	768	563
900	409265	100	818	579
901	409465	120	798	557
902	409704	219	802	543
903	410023	1116	815	576
904	411159	199	808	558
905	411399	100	776	583
906	411538	638	794	576
907	412336	120	809	606
908	412515	239	810	603
909	412774	199	796	588
910	412994	439	803	615
911	413472	339	801	593
912	413911	140	795	585
913	414070	199	762	595
914	414389	239	792	582
915	414648	598	795	593
916	415266	618	801	619
917	415904	199	812	616
918	416124	120	802	616
919	416363	558	811	586
920	416941	140	808	586
921	417180	458	806	606
922	417659	100	811	611
923	417798	120	767	609
924	418197	199	807	608
925	418616	100	792	601
926	418795	120	811	603
927	418935	598	812	602
928	419553	179	823	626
929	419752	658	816	585
930	420470	279	1136	499
931	420809	179	837	609
932	421008	339	831	650
933	422184	140	803	594
934	422524	518	807	573
935	423122	160	819	584
936	423321	120	821	577
937	423460	159	836	575
938	423919	199	832	602
939	424238	219	815	589
940	424577	159	811	568
941	424816	199	823	564
942	425095	239	803	556
943	425354	758	818	546
944	426172	319	821	552
945	426710	159	832	566
946	426989	299	835	591
947	427348	120	834	600
948	427488	219	832	612
949	427946	120	830	591
950	428086	359	831	597
951	428465	140	835	604
952	428724	299	828	572
953	429143	100	799	597
954	429282	120	800	599
955	429442	120	785	565
956	429681	259	829	564
957	430120	179	830	605
958	430339	239	829	600
959	430658	199	794	542
960	431196	379	803	537
961	431595	459	800	496
962	432073	399	804	494
963	432492	100	807	500
964	432612	419	807	503
965	433050	179	813	528
966	433270	159	818	522
967	433449	120	811	548
968	433668	239	806	585
969	434027	179	792	555
970	434486	299	798	641
971	434805	120	809	637
972	435124	199	801	630
973	435482	120	806	585
974	435801	140	752	627
975	436200	618	794	583
976	436838	179	788	561
977	437038	279	793	588
978	437735	160	814	560
979	437955	120	801	594
980	438174	139	806	586
981	438334	199	792	589
982	438553	100	789	553
983	438752	239	797	565
984	439091	119	785	526
985	439231	159	779	523
986	439450	100	794	543
987	439590	120	781	522
988	439809	100	785	563
989	440208	160	780	599
990	441125	159	774	566
991	441364	159	789	562
992	441683	120	800	571
993	441823	159	817	581
994	442122	199	755	529
995	442460	359	794	544
996	442939	180	788	566
997	443398	100	787	550
998	443736	279	782	548
999	444036	159	788	558
1000	444215	179	791	534
1001	444534	538	798	542
1002	445152	100	802	552
1003	445272	239	813	603
1004	445551	139	813	603
1005	445949	399	795	494
1006	446448	100	791	572
1007	446707	140	796	572
1008	446866	159	798	575
1009	447126	140	799	584
1010	447345	100	814	579
1011	447465	179	796	566
1012	447664	259	799	592
1013	447963	140	813	590
1014	448123	179	808	582
1015	448402	140	812	625
1016	448661	259	805	621
1017	449339	100	826	669
1018	449458	299	823	705
1019	449777	100	814	688
1020	450096	159	806	629
1021	450336	179	828	662
1022	450595	239	831	664
1023	450934	100	814	621
1024	451233	199	833	642
1025	451552	239	805	619
1026	451811	199	797	594
1027	452030	299	798	593
1028	452409	140	799	604
1029	452569	419	795	630
1030	453047	100	801	609
1031	453167	738	799	601
1032	454124	399	783	616
1033	454542	100	759	631
1034	454662	140	760	646
1035	454841	319	798	625
1036	455260	259	799	624
1037	455539	458	793	625
1038	456018	159	799	621
1039	456237	578	801	607
1040	456835	140	797	557
1041	457054	120	799	578
1042	457254	319	800	604
1043	457613	259	797	595
1044	457892	239	805	596
1045	458251	239	803	612
1046	458510	359	801	640
1047	458888	180	808	641
1048	459188	279	809	666
1049	459487	459	815	660
1050	459965	379	803	609
1051	460364	159	802	595
1052	460563	120	805	591
1053	460703	359	801	605
1054	461261	917	794	605
1055	462198	299	809	619
1056	462517	140	818	601
1057	462936	518	803	598
1058	463574	120	1151	550
1059	463853	618	819	626
1060	464491	159	887	602
1061	464730	100	804	573
1062	464850	100	805	549
1063	465228	279	799	587
1064	465567	359	803	594
1065	466086	259	805	539
1066	466365	120	808	549
1067	466504	259	816	561
1068	466784	259	844	579
1069	467063	140	812	617
1070	467302	140	820	587
1071	467621	100	774	574
1072	468059	797	811	561
1073	468877	219	809	577
1074	469216	917	794	602
1075	470153	199	810	584
1076	470472	319	790	567
1077	470831	299	795	565
1078	471150	120	804	562
1079	471289	120	797	567
1080	471469	100	800	567
1081	471588	100	801	568
1082	471808	179	749	536
1083	472107	120	799	554
1084	472326	259	799	551
1085	472625	578	799	559
1086	473243	239	811	592
1087	473502	379	802	581
1088	473901	658	802	570
1089	474599	219	799	589
1090	474978	359	802	577
1091	475436	259	788	408
1092	475795	160	815	503
1093	475974	100	789	523
1094	476094	100	801	541
1095	476214	299	804	579
1096	476592	120	784	538
1097	476732	159	805	537
1098	476912	100	813	546
1099	477031	538	812	562
1100	477609	139	806	567
1101	477769	159	810	561
1102	478028	100	805	580
1103	478148	159	803	564
1104	478327	179	806	561
1105	478626	638	816	618
1106	479284	100	834	638
1107	479404	120	830	597
1108	479862	219	800	525
1109	480101	359	819	582
1110	480480	399	813	579
1111	480899	179	805	544
1112	481238	100	795	531
1113	481417	159	838	538
1114	481597	179	800	572
1115	481796	100	802	576
1116	481916	478	836	589
1117	482494	478	812	587
1118	482992	139	820	606
1119	483271	159	801	440
1120	483491	160	843	511
1121	483670	319	794	515
1122	484009	299	791	588
1123	484328	160	797	597
1124	484627	120	730	618
1125	484866	359	745	621
1126	485325	259	799	590
1127	485604	140	802	576
1128	485764	319	792	566
1129	486202	100	738	590
1130	486322	239	797	569
1131	486601	339	760	599
1132	487099	100	794	619
1133	487239	179	786	602
1134	487598	498	786	607
1135	488116	239	788	622
1136	488894	120	777	614
1137	489033	100	786	629
1138	489252	319	792	607
1139	489591	160	791	583
1140	489811	140	783	590
1141	489990	139	791	580
1142	490150	140	789	592
1143	490309	159	791	579
1144	490489	259	793	589
1145	490768	698	803	603
1146	491485	140	804	572
1147	491645	179	808	568
1148	491844	179	814	580
1149	492044	100	822	618
1150	492163	259	815	619
1151	492442	419	817	621
1152	492901	518	810	590
1153	493439	259	812	589
1154	493738	140	820	571
1155	493898	279	814	569
1156	494336	159	803	579
1157	494556	339	801	607
1158	494915	339	795	587
1159	495274	339	807	570
1160	495632	120	803	578
1161	495772	399	799	549
1162	496210	179	807	556
1163	496410	199	799	535
1164	496689	179	798	563
1165	496888	458	794	580
1166	497387	359	794	573
1167	497786	239	793	577
1168	498045	239	799	586
1169	498364	937	809	571
1170	499400	120	808	560
1171	499739	379	821	550
1172	500138	139	817	554
1173	500298	419	799	531
1174	500736	419	808	544
1175	501195	339	801	559
1176	501554	1396	811	573
1177	502969	160	808	576
1178	503149	458	809	578
1179	503727	140	809	542
1180	503886	100	797	523
1181	504006	199	801	560
1182	504225	299	809	569
1183	504544	179	802	571
1184	504763	100	816	573
1185	505023	160	828	572
1186	505222	159	810	580
1187	505421	160	808	569
1188	505641	120	802	555
1189	505780	100	805	585
1190	505900	199	808	595
1191	506119	100	799	601
1192	506239	199	811	644
1193	506538	419	811	640
1194	507036	379	817	605
1195	507674	279	784	562
1196	508392	159	792	562
1197	508571	120	807	572
1198	508711	120	797	544
1199	509110	199	803	583
1200	509369	120	828	597
1201	509508	160	816	609
1202	509688	339	807	613
1203	510226	100	816	578
1204	510386	159	842	389
1205	510645	199	801	509
1206	510864	100	815	553
1207	511044	1276	808	553
1208	512419	140	821	558
1209	512579	279	835	577
1210	512878	279	803	606
1211	513177	179	812	580
1212	513436	159	796	592
1213	513994	100	811	580
1214	514234	279	794	403
1215	514572	100	812	512
1216	514732	179	801	506
1217	514931	199	806	503
1218	515210	100	771	519
1219	515330	219	775	526
1220	515569	140	776	531
1221	515729	179	805	611
1222	515928	299	806	605
1223	516247	259	799	584
1224	516546	399	798	594
1225	516985	199	797	600
1226	517204	399	804	574
1227	517623	1097	810	575
1228	518739	478	815	592
1229	519258	140	816	574
1230	519417	219	813	552
1231	519776	478	814	596
1232	520274	1156	817	616
1233	521510	319	792	590
1234	521909	359	761	583
1235	522507	279	796	556
1236	522806	140	795	561
1237	522966	100	803	583
1238	523105	120	801	579
1239	523245	797	796	590
1240	524062	1196	806	591
1241	525278	159	805	584
1242	526296	159	806	551
1243	526495	100	799	544
1244	526794	239	803	568
1245	527053	159	794	580
1246	527232	120	802	557
1247	527512	299	801	567
1248	527850	120	807	582
1249	528189	179	783	544
1250	528389	319	806	570
1251	528748	239	805	575
1252	529007	379	795	571
1253	529406	140	798	571
1254	529605	319	808	577
1255	530044	199	886	579
1256	530382	159	888	614
1257	530662	120	828	637
1258	530861	319	803	597
1259	531220	140	799	583
1260	531379	458	799	596
1261	531858	120	800	592
1262	532077	100	796	595
1263	532197	100	808	588
1264	532316	100	807	602
1265	532615	279	818	594
1266	533094	100	803	588
1267	533213	259	811	609
1268	533493	100	805	618
1269	533752	239	803	611
1270	534111	219	809	611
1271	534350	558	807	636
1272	534928	140	812	641
1273	535088	160	820	630
1274	535267	558	823	604
1275	535885	100	827	607
1276	536184	100	825	585
1277	536324	498	807	576
1278	537081	239	811	585
1279	537440	100	806	597
1280	537580	299	813	606
1281	537919	219	803	588
1282	538158	140	808	604
1283	538437	199	761	538
1284	538696	239	823	565
1285	539095	359	814	589
1286	539474	199	771	598
1287	539733	379	779	587
1288	540152	299	785	588
1289	540490	120	808	595
1290	540810	140	813	609
1291	541069	219	766	587
1292	541448	239	774	561
1293	541746	339	781	557
1294	542205	140	781	564
1295	542484	478	781	583
1296	543102	159	802	610
1297	543282	259	808	600
1298	543561	458	790	608
1299	544039	319	797	620
1300	544378	319	800	616
1301	544717	299	802	607
1302	545036	100	799	604
1303	545176	339	798	597
1304	545535	319	801	608
1305	545953	259	791	577
1306	546292	219	817	594
1307	546531	179	808	595
1308	547269	458	808	597
1309	547748	179	811	639
1310	547947	100	794	637
1311	548086	578	805	643
1312	548704	199	813	631
1313	549303	479	805	615
1314	549861	179	805	588
1315	550080	199	806	617
1316	550300	359	811	622
1317	550678	100	803	611
1318	550818	159	801	595
1319	550997	159	800	622
1320	551177	159	810	648
1321	551356	159	803	649
1322	551555	817	802	602
1323	552572	219	767	613
1324	552832	419	773	606
1325	553270	199	767	628
1326	553489	159	781	622
1327	553689	299	705	530
1328	554207	159	785	623
1329	554387	259	806	602
1330	554666	180	809	583
1331	554865	100	797	598
1332	554985	259	784	609
1333	555264	100	752	602
1334	555443	1376	791	591
1335	556839	777	790	608
1336	557636	279	795	600
1337	557935	319	800	613
1338	558274	259	790	591
1339	558553	179	801	597
1340	558753	219	798	590
1341	558992	538	793	607
1342	559550	339	803	621
1343	560049	339	806	594
1344	560408	120	831	610
1345	560567	160	839	622
1346	560966	299	814	647
1347	561305	379	805	672
1348	561783	179	811	650
1349	561982	479	809	638
1350	562481	159	806	634
1351	562660	359	795	625
1352	563079	538	797	606
1353	563637	299	794	611
1354	564076	140	801	624
1355	564235	299	811	620
1356	564574	339	790	630
1357	564933	339	788	629
1358	565292	100	788	627
1359	565432	279	795	610
1360	565731	140	798	608
1361	565890	259	808	566
1362	566169	120	815	575
1363	566309	459	807	562
1364	566847	279	805	562
1365	567146	140	808	544
1366	567385	219	800	607
1367	567625	120	795	620
1368	567764	100	803	609
1369	567964	199	803	567
1370	568263	578	804	587
1371	568861	239	808	587
1372	569120	399	816	577
1373	569539	299	821	599
1374	569858	100	823	583
1375	570057	399	808	577
1376	570476	239	813	593
1377	570735	120	805	587
1378	570894	239	809	574
1379	571154	179	812	578
1380	571353	159	792	578
1381	572051	100	803	549
1382	572170	100	805	573
1383	572290	299	808	549
1384	572609	100	802	552
1385	572728	299	809	573
1386	573068	319	806	566
1387	573406	140	806	585
1388	573566	239	802	578
1389	573945	120	796	574
1390	574104	219	790	560
1391	574403	180	793	561
1392	574662	139	802	572
1393	574822	239	797	578
1394	575081	399	802	587
1395	575500	259	814	630
1396	575879	179	821	667
1397	576078	219	821	738
1398	663581	100	868	581
1399	664120	100	846	668
1400	664339	299	847	675
1401	664698	120	841	691
1402	665077	199	839	646
1403	665336	219	832	626
1404	665575	160	818	597
1405	666034	140	823	536
1406	666193	199	800	510
1407	666412	160	786	532
1408	666592	419	812	550
1409	667030	299	803	571
1410	667349	239	808	570
1411	667928	120	802	606
1412	668127	319	776	469
1413	668486	817	807	501
1414	669323	1017	802	510
1415	670559	339	778	534
1416	670958	458	783	522
1417	671696	179	766	526
1418	671895	259	775	539
1419	672174	160	773	548
1420	672354	538	785	532
1421	672912	239	785	545
1422	673231	159	806	563
1423	673410	160	799	566
1424	673590	598	796	568
1425	674208	857	800	562
1426	675105	718	807	564
1427	676221	120	813	624
1428	676640	139	801	632
1429	677138	100	827	641
1430	677457	419	812	607
1431	677896	299	804	563
1432	678215	578	800	555
1433	678973	857	803	593
1434	679850	239	787	611
1435	680109	638	794	589
1436	680847	120	797	592
1437	681006	179	800	601
1438	681206	179	792	599
1439	681405	478	808	600
1440	681903	100	814	609
1441	682123	199	809	596
1442	682541	120	813	620
1443	682681	319	803	591
1444	683119	140	812	590
1445	683279	159	807	577
1446	683458	199	808	601
1447	683678	120	806	605
1448	683817	299	815	595
1449	684296	359	804	577
1450	684774	498	805	633
1451	685293	120	806	644
1452	685552	439	794	601
1453	686010	1376	794	616
1454	687406	179	786	621
1455	687605	100	796	604
1456	687725	180	794	604
1457	687944	319	798	604
