Data properties:
 
Recording date: 27/03/2008
Recording time : 14:02:54:719 (corresponds to time 0)
Study: AlasdairTPOnlyRoughness
Subject: PS
Recording: ps1
Screen resolution: 1600 x 1200
Coordinate unit: Pixels
 
 
Filter settings:
 
Eye: Average
Validity level: Normal
Fixation radius: 50
Min duration: 100
 
Fix number	Timestamp	Duration	GazepointX	GazepointY
 
1	184	219	814	512
2	504	498	785	570
3	1141	259	782	614
4	1540	439	787	549
5	2098	399	776	573
6	2537	319	642	886
7	2896	419	842	874
8	3354	219	1244	1017
9	3634	100	622	1067
10	3753	299	408	1063
11	4092	179	584	895
12	4331	219	507	259
13	4570	299	368	143
14	4929	219	1077	130
15	5188	379	786	91
16	5667	140	733	366
17	5846	219	655	571
18	6106	259	462	817
19	6385	339	389	945
20	6744	259	392	1038
21	7023	817	408	900
22	8020	518	433	1039
23	8578	160	840	1029
24	8777	578	1200	1015
25	9395	239	790	979
26	9674	439	613	959
27	10133	319	678	928
28	10492	259	936	803
29	10791	1954	1128	702
30	12804	100	794	559
31	13043	199	872	533
32	13263	1196	808	568
33	14598	279	784	557
34	14898	917	690	520
35	15835	359	745	654
36	16213	160	741	892
37	16413	658	695	503
38	17270	977	714	467
39	18267	558	782	504
40	18925	219	763	478
41	19164	100	627	553
42	19303	2233	937	625
43	21556	319	908	587
44	22075	1436	828	565
45	23650	817	819	425
46	24507	159	824	741
47	24706	239	963	886
48	25005	140	794	519
49	25165	957	818	450
50	26261	299	790	410
51	26740	379	796	460
52	27138	1077	813	419
53	28255	538	586	458
54	28933	777	570	470
55	29750	299	533	917
56	30089	977	581	483
57	31186	578	702	440
58	32003	359	687	526
59	32382	498	612	500
60	32980	179	700	430
61	33199	219	538	486
62	33438	159	615	500
63	33618	359	676	480
64	33996	479	770	477
65	34575	379	800	725
66	34993	179	950	1009
67	35193	120	1165	995
68	35352	239	1115	776
69	35611	159	1078	812
70	35811	837	776	483
71	36827	997	760	448
72	37964	758	767	451
73	38781	1894	1045	759
74	40855	758	808	517
75	41752	419	876	622
76	42210	419	807	491
77	42669	319	787	750
78	43147	319	728	770
79	43506	179	462	719
80	43705	159	361	691
81	43905	1096	766	777
82	45141	1256	755	770
83	46516	140	786	628
84	46816	479	798	546
85	47334	279	679	785
86	47633	239	761	682
87	47892	439	761	566
88	48371	259	619	841
89	48650	279	695	794
90	49008	259	1008	905
91	49328	239	998	545
92	49607	100	968	301
93	49746	160	880	173
94	49926	1695	837	106
95	51819	459	807	172
96	52418	219	788	469
97	52677	319	802	334
98	53036	698	774	185
99	53753	339	770	125
100	54132	379	1090	78
101	54551	159	902	506
102	54730	219	690	827
103	55009	857	730	959
104	55887	498	758	762
105	56544	219	795	485
106	56903	917	774	562
107	57940	279	678	622
108	58239	239	786	628
109	58618	1116	665	189
110	59894	758	677	155
111	60771	1057	672	183
112	61967	319	740	250
113	62466	279	812	577
114	62765	160	771	512
115	62964	259	780	276
116	63263	538	700	232
117	63821	199	647	196
118	64041	199	615	87
119	64280	478	469	73
120	64798	279	821	44
121	65117	219	1019	368
122	65376	299	850	432
123	65695	239	1038	667
124	65974	219	918	847
125	66234	359	700	884
126	66612	339	699	956
127	66991	199	538	987
128	67230	598	745	952
129	67848	219	558	996
130	68227	120	527	981
131	68387	1356	748	953
132	69782	379	614	697
133	70181	339	756	983
134	70560	399	1196	975
135	70998	339	1217	712
136	71397	140	566	756
137	71576	459	753	966
138	72194	598	755	949
139	72952	439	785	476
140	73590	698	802	564
141	74407	179	963	603
142	74627	419	788	546
143	75085	877	535	718
144	76002	259	944	956
145	76301	179	1040	768
146	76521	1077	537	699
147	77797	399	757	520
148	78235	199	601	589
149	78454	558	525	724
150	79053	379	772	590
151	79531	239	492	845
152	79810	538	603	681
153	80368	199	690	683
154	80588	199	625	681
155	80946	259	620	677
156	81226	299	626	694
157	81545	140	714	698
158	81724	179	621	693
159	81963	479	1242	629
160	82501	140	591	673
161	82661	239	615	687
162	82940	100	659	467
163	83060	439	591	270
164	83538	159	598	713
165	83718	439	611	681
166	84316	199	630	627
167	84694	738	764	498
168	85472	718	650	619
169	86210	857	752	681
170	87207	578	689	664
171	87804	179	751	680
172	88144	718	754	685
173	89061	738	785	553
174	89958	279	788	482
175	90257	239	703	588
176	90516	359	764	564
177	90895	100	693	545
178	91034	239	371	633
179	91313	199	555	755
180	91533	319	813	898
181	91872	179	883	847
182	92111	219	956	1029
183	92370	239	977	599
184	92629	459	999	486
185	93108	299	1253	676
186	93566	259	911	997
187	93845	199	899	1024
188	94104	379	565	411
189	94503	100	597	331
190	94643	399	724	193
191	95101	139	351	116
192	95301	219	945	416
193	95540	120	1013	472
194	95699	199	982	423
195	96118	259	346	102
196	96397	299	416	70
197	96716	399	307	59
198	97175	239	811	68
199	97454	100	605	59
200	97573	379	605	40
201	98012	259	1121	47
202	98291	399	1247	53
203	98829	199	934	104
204	99069	259	605	110
205	99368	1136	366	146
206	100524	319	582	221
207	101002	439	804	151
208	101501	419	1095	170
209	101959	219	954	323
210	102238	339	579	300
211	102617	379	343	294
212	103056	598	650	242
213	103714	239	1074	301
214	103973	120	1192	264
215	104132	239	1202	243
216	104491	439	1180	369
217	104990	359	831	404
218	105368	279	647	549
219	105727	179	543	726
220	105947	319	409	931
221	106286	139	422	1028
222	106604	299	1096	1022
223	106923	179	1138	918
224	107123	299	1188	796
225	107442	439	1187	713
226	107920	259	886	824
227	108199	179	834	751
228	108399	578	943	791
229	108997	179	935	1032
230	109216	758	975	773
231	110133	1296	971	750
232	111589	1096	974	749
233	112725	319	971	746
234	113203	558	898	617
235	113941	758	832	555
236	114838	259	836	561
237	115137	140	750	475
238	115297	558	729	470
239	115895	219	1124	876
240	116154	239	1075	762
241	116433	159	769	507
242	116613	917	731	496
243	117888	658	814	463
244	118706	459	736	428
245	119204	558	630	372
246	119802	239	697	143
247	120081	279	382	116
248	120420	239	881	683
249	120699	339	684	791
250	121078	279	1165	931
251	121377	199	1126	845
252	121617	359	820	442
253	121995	120	860	384
254	122135	538	976	272
255	122713	259	1164	817
256	122992	199	1134	756
257	123211	299	1125	906
258	123650	219	746	945
259	123889	339	772	988
260	124388	139	750	1007
261	124786	498	787	1007
262	125484	638	790	607
263	126302	538	771	543
264	126880	299	660	1115
265	127219	179	777	634
266	127438	1256	771	968
267	128734	339	765	409
268	129113	498	772	1005
269	129691	219	1046	322
270	129970	100	709	1129
271	130109	738	762	991
272	131046	498	800	725
273	131804	279	814	750
274	132103	777	808	639
275	132901	1276	699	793
276	134216	120	806	506
277	134376	1176	699	834
278	135692	100	753	668
279	135811	219	764	664
280	136050	419	715	763
281	136649	199	646	711
282	136888	219	826	598
283	137147	359	749	621
284	137546	339	661	826
285	137924	299	922	1019
286	138243	239	759	1003
287	138523	279	1191	1014
288	138822	459	1183	939
289	139300	279	1078	979
290	139599	179	1004	918
291	139798	239	984	769
292	140078	159	997	565
293	140277	279	699	427
294	140596	179	880	73
295	140815	299	1073	64
296	141154	279	337	150
297	141453	159	417	118
298	141633	279	336	121
299	141952	479	591	78
300	142669	239	524	681
301	143128	2352	446	740
302	145520	100	645	955
303	145640	279	643	980
304	146098	997	441	727
305	147514	419	775	628
306	148072	439	748	605
307	148610	299	787	607
308	149049	219	779	578
309	149288	399	842	684
310	149826	937	850	672
311	150903	518	813	613
312	151581	1116	822	647
313	152757	299	784	642
314	153076	159	677	599
315	153275	299	738	749
316	153614	219	988	604
317	153874	219	1106	699
318	154133	140	701	621
319	154312	459	1072	712
320	154970	1316	1078	682
321	156326	458	690	655
322	156824	159	1130	717
323	157003	1077	1089	664
324	158240	159	989	543
325	158618	479	935	616
326	159117	259	799	612
327	159535	199	915	566
328	159755	379	810	574
329	160153	120	977	738
330	160293	139	973	748
331	160472	219	478	900
332	160712	439	598	933
333	161310	698	604	947
334	162047	199	783	880
335	162287	239	598	940
336	162705	977	603	945
337	163842	199	675	705
338	164061	279	786	565
339	164380	199	541	782
340	164619	239	549	801
341	164958	339	771	608
342	165397	120	544	948
343	165556	159	781	531
344	165736	140	618	929
345	165975	179	842	914
346	166174	259	854	819
347	166473	558	574	994
348	167071	279	1011	1044
349	167370	179	994	968
350	167570	179	991	793
351	167769	299	908	673
352	168088	299	848	533
353	168427	239	581	441
354	168686	419	500	451
355	169244	658	498	436
356	170042	698	490	409
357	170799	239	742	262
358	171079	479	490	448
359	171756	618	778	457
360	172514	538	686	527
361	173092	718	513	467
362	173850	140	532	246
363	174009	219	611	246
364	174268	140	856	191
365	174428	1754	893	169
366	176342	499	830	207
367	177020	1037	791	237
368	178076	159	716	365
369	178256	319	852	254
370	178614	399	656	582
371	179053	319	1034	751
372	179412	179	1031	912
373	179631	299	655	1018
374	179950	139	597	969
375	180289	239	476	383
376	180548	160	443	302
377	180728	518	381	148
378	181306	299	959	158
379	181625	259	1082	208
380	181924	199	734	468
381	182143	379	672	597
382	182542	379	568	693
383	182941	139	577	652
384	183100	738	512	642
385	183977	957	507	639
386	184954	319	496	736
387	185293	1336	506	632
388	186828	459	747	528
389	187486	299	686	607
390	187825	997	513	615
391	188842	159	654	606
392	189021	339	699	587
393	189500	179	675	600
394	189699	399	707	587
395	190138	319	1044	978
396	190516	598	702	604
397	191254	299	732	482
398	191752	937	663	530
399	192789	399	577	586
400	193208	219	725	510
401	193467	479	648	840
402	194085	957	656	823
403	195102	199	1126	942
404	195321	199	1258	930
405	195580	379	651	848
406	196019	279	753	267
407	196338	120	596	600
408	196497	120	669	881
409	196756	837	655	847
410	197773	479	730	645
411	198292	698	550	852
412	199009	399	669	776
413	199428	279	551	856
414	199727	279	665	819
415	200026	179	691	780
416	200245	139	956	588
417	200405	558	966	522
418	201103	578	945	563
419	201701	419	827	577
420	202139	379	966	553
421	202678	937	966	558
422	203794	379	797	531
423	204352	239	863	607
424	204611	797	803	610
425	205429	558	895	551
426	206027	179	785	784
427	206246	159	896	893
428	206446	259	773	796
429	206725	299	633	571
430	207044	997	599	601
431	208060	359	605	600
432	208599	379	717	447
433	209017	339	726	470
434	209376	498	775	543
435	210014	738	680	567
436	210772	359	912	525
437	211150	219	881	452
438	211410	299	903	957
439	211729	179	905	918
440	211948	159	589	939
441	212127	319	531	855
442	212486	518	1083	902
443	213044	319	934	947
444	213383	439	988	786
445	214001	2273	985	800
446	216434	120	981	698
447	216753	179	880	568
448	216952	1396	820	584
449	218387	738	1040	732
450	219265	957	1046	759
451	220401	2034	1042	743
452	222514	259	1094	242
453	222793	239	1140	218
454	223092	439	466	180
455	223651	917	1042	724
456	224787	1057	1036	764
457	226003	219	967	680
458	226462	219	969	675
459	226920	439	877	599
460	227379	478	779	660
461	227897	219	944	724
462	228196	339	557	790
463	228575	140	534	976
464	228754	279	947	1011
465	229053	299	1048	960
466	229372	299	1121	781
467	229711	160	1113	478
468	229911	139	1022	201
469	230070	857	894	275
470	231067	1196	893	267
471	232363	897	831	372
472	233419	618	767	339
473	234057	159	922	389
474	234237	1934	977	469
475	236330	698	833	487
476	237207	578	831	530
477	237805	638	870	459
478	238583	997	870	476
479	239759	678	823	508
480	240457	179	716	493
481	240656	199	815	505
482	240876	299	737	442
483	241234	459	729	426
484	241713	957	1020	428
485	242690	957	1019	429
486	243806	179	859	464
487	244005	698	799	521
488	244723	219	959	401
489	244962	638	878	464
490	245640	139	1080	452
491	245800	758	1065	609
492	246577	518	1077	588
493	247295	857	895	525
494	248192	439	1015	633
495	248651	758	1039	570
496	249448	199	834	660
497	249667	239	760	630
498	249947	219	956	265
499	250186	120	922	194
500	250405	100	924	277
501	250884	1495	942	137
502	252538	678	773	461
503	253376	419	807	391
504	253814	498	919	268
505	254333	159	884	300
506	254532	100	760	174
507	254711	120	1008	619
508	254871	159	496	625
509	255050	1655	527	556
510	256924	578	810	500
511	257542	977	607	584
512	258539	498	535	579
513	259077	279	971	776
514	259396	120	1108	842
515	259536	2512	1107	783
516	262586	618	849	587
517	263224	459	768	550
518	263702	1894	719	514
519	265876	339	748	473
520	266254	140	765	456
521	266414	917	658	499
522	267351	199	711	487
523	267590	160	629	520
524	267770	339	582	712
525	268148	140	740	826
526	268328	239	673	980
527	268587	100	689	967
528	268746	219	1164	903
529	269006	179	1150	778
530	269225	180	1014	655
531	269584	159	631	1017
532	269763	1136	680	979
533	271059	1017	674	975
534	272116	179	797	683
535	272494	578	745	624
536	273113	738	777	591
537	273890	239	596	922
538	274149	239	733	934
539	274428	120	775	930
540	274588	379	757	771
541	274986	120	737	704
542	275146	678	403	590
543	275924	558	399	595
544	276661	1356	393	593
545	278196	439	541	456
546	278655	897	433	552
547	279592	219	574	479
548	279851	339	400	571
549	280230	339	990	452
550	280589	140	1048	369
551	280768	439	1093	878
552	281247	279	814	867
553	281546	259	730	781
554	281865	199	432	792
555	282104	319	411	976
556	282443	239	556	1025
557	282702	299	565	994
558	283041	219	390	972
559	283320	199	1003	1013
560	283539	219	1071	954
561	283798	179	1158	846
562	284018	179	1211	654
563	284297	259	1189	392
564	284676	319	915	852
565	285014	140	871	755
566	285174	199	754	766
567	285473	179	394	106
568	285772	279	375	80
569	286071	319	312	39
570	286490	140	794	147
571	286669	319	529	94
572	287008	399	432	26
573	287546	798	866	79
574	288364	319	771	91
575	288723	459	1217	62
576	289221	159	993	113
577	289420	239	769	194
578	289700	199	583	292
579	289939	2532	827	195
580	292491	159	851	329
581	292969	459	716	504
582	293467	299	817	441
583	293786	817	748	351
584	294644	797	563	219
585	295481	678	568	215
586	296179	399	572	220
587	296597	139	571	231
588	296976	738	706	366
589	297754	1057	619	291
590	298830	140	710	382
591	298990	1196	766	425
592	300286	139	758	432
593	300605	1675	758	449
594	302459	957	805	484
595	303436	1136	759	423
596	304612	259	912	594
597	304911	1057	705	410
598	306007	359	893	598
599	306406	299	1062	1012
600	306725	139	1028	942
601	306905	299	530	969
602	307224	219	407	919
603	307483	419	376	699
604	307961	359	367	204
605	308420	179	418	148
606	308719	439	762	121
607	309197	459	1023	72
608	309676	419	808	100
609	310234	199	701	197
610	310453	339	676	311
611	310832	478	335	181
612	311350	219	720	150
613	311610	399	817	220
614	312028	399	1069	209
615	312467	159	1153	371
616	312646	219	1176	543
617	312905	239	1055	300
618	313264	698	1063	364
619	314002	459	903	549
620	314480	299	912	448
621	314819	558	1247	354
622	315557	339	1170	844
623	315916	259	1218	847
624	316235	299	1168	1018
625	316554	100	1216	1042
626	316713	299	834	953
627	317032	439	789	970
628	317491	179	778	1015
629	317710	498	568	1029
630	318348	219	448	930
631	318707	419	648	782
632	319145	399	556	750
633	319564	160	520	737
634	319744	479	360	717
635	320262	778	703	430
636	321059	379	848	466
637	321458	618	728	333
638	322096	199	693	312
639	322455	159	722	305
640	322634	478	785	236
641	323153	379	393	511
642	323571	439	361	909
643	324050	439	430	744
644	324668	100	485	406
645	324807	698	378	646
646	325525	159	360	680
647	325804	459	330	571
648	326303	658	371	405
649	327160	399	426	156
650	327598	259	607	103
651	327878	399	723	26
652	328296	139	793	4
653	328456	279	788	33
654	328795	578	695	266
655	329413	459	578	393
656	329911	179	628	265
657	330270	140	916	51
658	330708	339	1015	25
659	331087	279	1117	68
660	331466	179	911	71
661	331885	259	810	124
662	332184	399	704	268
663	332602	379	811	373
664	333001	359	862	589
665	333380	279	840	519
666	333699	1276	706	459
667	335114	2333	704	415
668	337467	179	763	438
669	337906	538	767	424
670	338603	1216	748	447
671	339859	239	770	411
672	340198	299	932	704
673	340517	419	774	676
674	340976	359	612	896
675	341354	279	696	1003
676	341673	259	1064	1035
677	341973	139	1194	943
678	342152	199	1191	595
679	342371	199	1206	404
680	342591	219	1123	280
681	342850	339	1171	164
682	343268	598	553	178
683	343886	239	672	140
684	344245	239	372	410
685	344504	239	388	337
686	344764	120	431	293
687	345023	179	413	270
688	345242	259	906	553
689	345541	239	776	584
690	345800	339	819	504
691	346159	598	858	535
692	346797	319	664	958
693	347136	319	596	1031
694	347495	179	412	893
695	347694	199	382	837
696	347953	439	1152	988
697	348412	299	1259	1008
698	348731	140	1212	965
699	348910	339	924	1021
700	349289	140	787	1043
701	349469	100	781	1030
702	349588	259	644	1018
703	349867	459	479	980
704	350406	459	725	921
705	350884	439	798	934
706	351362	359	1152	933
707	351741	538	1194	826
708	352300	319	1223	759
709	352658	498	755	807
710	353336	379	656	753
711	353755	299	585	765
712	354074	279	448	782
713	354373	598	395	705
714	355011	319	677	668
715	355350	1096	720	544
716	356486	199	1020	641
717	356705	339	974	632
718	357184	518	945	539
719	357722	299	967	614
720	358041	339	894	443
721	358400	259	1141	461
722	358699	219	1154	453
723	358958	399	992	371
724	359457	279	841	488
725	359756	379	858	476
726	360234	299	852	477
727	360553	339	881	465
728	360952	439	1183	233
729	361550	219	644	517
730	361789	199	603	504
731	362028	359	395	505
732	362407	239	373	472
733	362666	199	368	372
734	362886	179	344	280
735	363264	139	476	330
736	363444	259	641	389
737	363723	140	613	325
738	363882	2133	516	324
739	366315	439	704	254
740	366773	219	805	557
741	367092	259	639	365
742	367511	518	659	459
743	368049	199	521	414
744	368268	419	516	311
745	368707	459	543	431
746	369205	399	594	246
747	369644	199	614	815
748	369863	698	557	956
749	370581	359	540	940
750	371000	1037	567	944
751	372375	399	718	660
752	372814	259	543	909
753	373093	837	666	841
754	374030	299	655	793
755	374369	738	863	768
756	375146	359	689	980
757	375645	2173	875	754
758	377838	459	880	753
759	378536	658	821	638
760	379214	678	751	670
761	379911	339	809	639
762	380290	279	669	867
763	380709	279	500	958
764	381008	159	436	891
765	381267	159	1163	992
766	381466	159	1036	967
767	381666	299	1061	715
768	382005	199	1071	692
769	382224	179	1037	458
770	382503	199	1029	297
771	382722	179	993	234
772	382942	159	1137	380
773	383221	120	1030	212
774	383380	100	1101	378
775	383699	538	1120	387
776	384277	478	1035	188
777	384796	479	483	205
778	385294	160	361	446
779	385473	140	389	552
780	385693	698	1128	375
781	386570	1774	1124	386
782	388384	239	1113	384
783	388783	837	846	565
784	389800	459	800	544
785	390278	339	894	511
786	390657	120	1028	412
787	390816	518	912	370
788	391494	379	921	373
789	391933	219	918	361
790	392172	518	925	384
791	392770	479	913	354
792	393328	778	913	362
793	394684	1415	798	521
794	396120	299	797	441
795	396578	100	1048	408
796	396698	797	967	482
797	397655	339	978	476
798	398013	199	973	483
799	398233	299	977	479
800	398691	1615	971	499
801	400346	319	961	498
802	400685	100	957	518
803	400964	1854	834	539
804	402838	159	853	512
805	403017	479	946	921
806	403516	319	949	944
807	403855	279	921	957
808	404353	439	944	932
809	404812	279	949	953
810	405290	558	956	949
811	405868	1435	957	947
812	407344	538	944	941
813	408061	1316	854	589
814	409517	439	815	600
815	409995	179	951	652
816	410194	299	1030	350
817	410514	159	1021	420
818	410713	479	941	246
819	411211	100	1020	416
820	411470	578	1025	440
821	412208	2253	1042	407
822	414481	1396	1020	423
823	416315	738	934	475
824	417072	359	832	532
825	417451	219	919	446
826	417690	2791	1020	475
827	420522	159	683	473
828	420721	339	480	363
829	421100	199	1001	516
830	421359	538	800	554
831	421917	100	790	564
832	422176	160	953	522
833	422356	1635	1017	490
834	424170	578	841	459
835	424768	638	796	540
836	425426	259	843	505
837	425705	299	787	503
838	426024	498	834	498
839	426562	359	1157	859
840	426961	199	914	807
841	427200	219	471	698
842	427439	199	383	640
843	427659	917	406	500
844	428735	159	442	523
845	428915	239	440	443
846	429194	538	451	413
847	429752	1276	419	485
848	431048	439	458	714
849	431526	239	831	538
850	432204	1356	701	514
851	433580	339	549	547
852	433959	299	803	780
853	434278	279	481	986
854	434616	219	955	549
855	434856	199	987	396
856	435075	419	1110	699
857	435534	139	1200	273
858	435693	159	1191	294
859	435872	160	1156	237
860	436052	479	1016	429
861	436570	219	641	268
862	436810	359	494	226
863	437188	239	473	157
864	437447	179	353	171
865	437786	179	434	1084
866	437986	279	478	1003
867	438285	359	648	1016
868	438684	299	1019	934
869	439022	159	678	1039
870	439202	359	601	1046
871	439600	359	961	1013
872	439999	100	1069	930
873	440238	877	1132	856
874	441136	179	1221	971
875	441494	199	1100	853
876	441734	957	1110	864
877	442770	160	1054	791
878	442970	299	829	788
879	443289	199	724	759
880	443508	219	757	706
881	443747	399	687	634
882	444186	299	805	500
883	444505	359	849	424
884	444884	299	976	370
885	445203	219	934	255
886	445442	139	969	102
887	445681	299	977	24
888	446000	319	848	37
889	446379	159	468	93
890	446578	379	336	140
891	446997	239	581	207
892	447416	518	1110	796
893	447954	379	1113	848
894	448492	1714	1125	853
895	450386	279	797	538
896	450904	419	832	558
897	451343	259	728	512
898	451622	718	801	575
899	452360	1754	882	847
900	454294	498	854	629
901	454812	379	781	659
902	455231	359	784	670
903	455609	379	900	731
904	456008	279	825	665
905	456307	359	931	912
906	456686	219	988	1024
907	456925	159	1046	898
908	457105	578	1054	872
909	457723	199	829	880
910	457962	239	411	845
911	458221	140	379	775
912	458400	379	382	986
913	458859	439	521	811
914	459357	120	630	804
915	459676	319	769	1018
916	460015	259	970	1009
917	460394	219	1230	957
918	460633	219	1224	790
919	460873	259	1223	691
920	461152	279	1222	602
921	461471	538	1109	474
922	462029	259	1207	319
923	462308	259	1224	224
924	462587	140	1137	209
925	462806	359	824	139
926	463185	479	723	98
927	463704	359	436	202
928	464082	339	480	149
929	464441	339	415	271
930	464940	199	407	606
931	465179	279	328	480
932	465478	140	385	443
933	465657	518	674	611
934	466435	299	492	708
935	466754	100	417	838
936	466893	259	409	819
937	467172	159	365	775
938	467372	239	366	771
939	467671	299	533	1006
940	467990	439	453	1009
941	468468	479	940	992
942	468967	219	1049	952
943	469345	259	863	860
944	469664	738	753	811
945	470442	160	850	836
946	470641	518	662	962
947	471200	558	429	957
948	471778	498	391	811
949	472456	299	866	741
950	472775	179	747	717
951	472974	299	685	675
952	473293	638	836	670
953	473951	618	946	816
954	474589	279	1195	806
955	474928	279	1230	649
956	475227	139	1248	612
957	475486	339	1258	622
958	475905	618	1134	534
959	476543	239	1090	460
960	477041	179	989	425
961	477240	817	1049	464
962	478078	718	948	352
963	478895	538	952	356
964	479573	1176	950	347
965	480769	419	952	352
966	481228	379	957	246
967	481626	100	950	193
968	481746	538	1060	132
969	482304	419	920	138
970	483102	259	591	44
971	483381	239	523	29
972	483640	279	388	104
973	483939	239	337	176
974	484198	498	352	324
975	484716	578	361	432
976	485314	159	337	493
977	485514	299	465	696
978	485853	478	488	684
979	486351	179	506	557
980	486570	199	894	341
981	486790	319	957	323
982	487149	279	806	364
983	487448	339	959	330
984	487946	1615	955	337
985	489581	399	956	329
986	490019	419	955	335
987	490638	279	801	460
988	491096	658	802	468
989	491774	1057	863	474
990	492870	259	775	719
991	493149	319	676	795
992	493508	319	960	943
993	493867	140	1089	811
994	494146	419	1084	699
995	494585	199	889	913
996	494804	1176	914	856
997	496140	339	919	861
998	496519	399	909	855
999	496937	1037	915	848
1000	497994	199	918	842
1001	498413	578	848	554
1002	499190	159	671	879
1003	499390	179	564	1071
1004	499609	459	760	603
1005	500087	100	817	548
1006	500207	179	797	551
1007	500426	139	558	309
1008	500586	239	475	288
1009	500845	339	490	286
1010	501204	2053	486	281
1011	503297	239	733	249
1012	503576	419	476	254
1013	504174	419	694	354
1014	504633	419	580	328
1015	505071	379	662	294
1016	505470	379	582	291
1017	505889	140	794	356
1018	506048	538	540	309
1019	506626	339	740	642
1020	507005	179	662	532
1021	507304	359	978	892
1022	507743	179	963	924
1023	508122	1535	958	889
1024	509677	1854	950	905
1025	511690	618	845	521
1026	512348	359	720	609
1027	512747	917	799	562
1028	513684	658	937	788
1029	514521	419	888	748
1030	515079	160	943	796
1031	515259	1236	938	802
1032	516614	857	847	551
1033	517492	359	762	535
1034	517870	678	816	586
1035	518588	259	1039	704
1036	518887	140	953	826
1037	519067	139	589	934
1038	519226	339	538	906
1039	519804	877	529	897
1040	520901	1854	536	887
1041	522795	578	535	886
1042	523532	359	784	635
1043	524110	299	807	641
1044	524449	877	666	600
1045	525347	239	666	615
1046	525606	379	695	807
1047	526024	698	630	587
1048	526882	299	589	612
1049	527400	459	378	457
1050	527898	159	573	567
1051	528078	259	611	602
1052	528496	518	609	604
1053	529194	498	611	606
1054	529852	618	616	606
1055	530490	379	559	535
1056	530949	219	616	621
1057	531307	459	618	600
1058	531926	698	613	599
1059	532663	319	1036	923
1060	533002	179	1010	861
1061	533202	399	1032	725
1062	533640	100	609	575
1063	533760	279	603	600
1064	534198	219	628	578
1065	534438	1276	599	594
1066	535873	279	621	608
1067	536312	339	601	589
1068	536670	538	474	546
1069	537249	120	512	537
1070	537428	439	548	465
1071	537886	1675	608	591
1072	539601	339	983	411
1073	539980	359	1046	274
1074	540378	219	1156	154
1075	540717	239	1172	83
1076	541096	1017	609	568
1077	542133	1475	614	585
1078	543728	558	793	515
1079	544326	439	629	560
1080	544784	120	747	581
1081	544924	219	757	574
1082	545163	379	663	570
1083	545562	179	673	579
1084	545781	299	377	873
1085	546140	199	870	792
1086	546379	179	1003	655
1087	546599	179	1078	851
1088	546798	120	1093	878
1089	547097	299	1079	880
1090	547576	837	1094	857
1091	548433	179	1088	861
1092	548632	179	1045	869
1093	548832	120	1096	860
1094	549091	718	1098	862
1095	549828	478	1097	870
1096	550486	259	821	536
1097	551124	638	759	598
1098	551782	259	842	615
1099	552061	339	765	607
1100	552440	379	985	821
1101	552839	179	971	973
1102	553058	359	599	995
1103	553457	219	1140	990
1104	553696	239	1172	961
1105	553975	159	965	788
1106	554174	199	785	875
1107	554414	219	853	300
1108	554673	738	798	115
1109	555510	1834	773	117
1110	557484	1376	782	135
1111	559019	140	791	484
1112	559358	359	775	341
1113	559757	658	432	404
1114	560454	399	735	420
1115	560893	159	736	290
1116	561112	179	777	165
1117	561312	299	796	89
1118	561650	379	397	191
1119	562089	279	955	455
1120	562388	598	897	521
1121	563046	1396	898	533
1122	564482	399	1139	892
1123	564900	379	1085	968
1124	565299	399	1060	801
1125	565738	658	897	512
1126	566435	479	456	978
1127	566934	359	492	857
1128	567332	937	896	527
1129	568289	100	1041	449
1130	568409	120	1045	446
1131	568588	199	1131	367
1132	568967	239	1222	327
1133	569386	279	1210	127
1134	569765	219	1021	226
1135	570024	339	924	438
1136	570383	1037	889	515
1137	571439	120	905	488
1138	571718	1116	686	496
1139	572855	259	691	517
1140	573154	179	866	443
1141	573353	319	799	482
1142	573692	339	839	590
1143	574051	578	1041	438
1144	574729	299	1026	421
1145	575048	199	927	498
1146	575267	120	873	533
1147	575427	419	363	621
1148	575905	977	1039	442
1149	576922	100	407	855
1150	577141	399	358	934
1151	577580	179	733	960
1152	577779	219	953	963
1153	578078	259	1107	955
1154	578357	100	1220	1045
1155	578497	199	1206	1015
1156	578716	120	1104	902
1157	578915	379	1031	443
1158	579474	459	1031	435
1159	579972	459	1037	425
1160	580510	159	985	368
1161	580710	179	985	370
1162	580949	758	1041	427
1163	581746	100	1071	274
1164	581866	120	1086	232
1165	582045	159	1176	104
1166	582225	339	1165	140
1167	582584	140	1096	139
1168	582823	100	982	357
1169	582943	319	1042	420
1170	583401	239	873	460
1171	583800	857	829	538
1172	584697	140	1068	487
1173	584936	299	1031	482
1174	585255	239	900	458
1175	585514	259	855	421
1176	585813	399	1187	764
1177	586232	139	1210	865
1178	586411	259	749	935
1179	586691	179	514	980
1180	586890	219	388	969
1181	587149	1794	721	976
1182	589382	140	854	389
1183	589541	957	801	556
1184	590518	359	709	692
1185	590897	359	816	865
1186	591296	159	522	606
1187	591475	140	449	521
1188	591635	478	596	341
1189	592153	259	713	185
1190	592452	419	1087	227
1191	592911	239	1155	737
1192	593170	199	1144	904
1193	593409	259	970	980
1194	593688	179	884	967
1195	593908	299	641	981
1196	594246	159	520	982
1197	594605	399	548	613
1198	595044	259	938	633
1199	595323	299	883	640
1200	595662	160	1129	716
1201	595841	239	1241	727
1202	596120	439	1052	569
1203	596619	259	465	197
1204	596898	239	422	150
1205	597157	279	384	120
1206	597496	139	420	56
1207	597775	379	749	46
1208	598194	259	593	181
1209	598792	758	408	189
1210	599609	578	926	72
1211	600227	219	810	87
1212	600466	239	564	123
1213	600726	518	460	177
1214	601264	299	387	220
1215	601663	219	848	185
1216	601902	718	792	193
1217	602660	219	1038	211
1218	602919	538	1194	163
1219	603497	977	1047	109
1220	604494	139	921	190
1221	604693	718	442	264
1222	605590	399	485	227
1223	606029	160	367	258
1224	606248	259	382	259
1225	606627	259	696	296
1226	606906	758	803	215
1227	607683	359	898	275
1228	608062	179	897	275
1229	608302	299	1126	236
1230	608640	299	1249	391
1231	608959	159	1086	439
1232	609398	299	416	384
1233	609717	319	368	424
1234	610076	159	595	535
1235	610395	239	648	553
1236	610654	299	608	515
1237	610993	159	593	511
1238	611312	638	738	471
1239	611970	259	677	550
1240	612249	518	721	500
1241	612927	419	726	485
1242	613465	518	714	492
1243	614003	279	785	533
1244	614302	658	728	470
1245	614980	239	734	459
1246	615439	259	779	477
1247	615877	498	817	504
1248	616495	738	740	564
1249	617253	279	708	449
1250	617572	419	456	551
1251	618030	399	932	828
1252	618449	199	1091	773
1253	618688	160	1098	550
1254	618888	299	956	356
1255	619207	379	984	429
1256	619745	897	978	440
1257	620782	638	976	443
1258	621440	319	1020	418
1259	621778	1754	990	424
1260	623712	658	873	437
1261	624390	140	870	448
1262	624550	957	834	525
1263	625586	279	995	424
1264	625885	100	954	508
1265	626005	159	799	598
1266	626204	359	1133	389
1267	626583	120	1131	414
1268	626862	538	1114	399
1269	627560	518	1119	414
1270	628118	179	1134	381
1271	628417	179	1112	351
1272	628796	1017	1122	425
1273	629833	299	1151	357
1274	630152	100	1113	425
1275	630271	758	1135	375
1276	631089	419	490	899
1277	631527	140	392	965
1278	631786	239	902	1009
1279	632046	259	986	976
1280	632325	259	1067	886
1281	632604	120	1034	809
1282	632803	498	1136	851
1283	633342	459	1067	719
1284	633840	299	1124	314
1285	634159	199	1120	415
1286	634378	179	1141	337
1287	634677	379	1123	322
1288	635076	299	1065	414
1289	635395	139	1080	377
1290	635674	259	1126	336
1291	636212	100	1117	418
1292	636452	179	1114	423
1293	637109	160	878	482
1294	637468	837	884	466
1295	638326	219	808	488
1296	638644	359	807	451
1297	639043	139	596	392
1298	639203	179	560	341
1299	639422	199	986	513
1300	639641	159	1056	560
1301	639841	658	545	318
1302	640519	718	543	314
1303	641256	558	538	296
1304	642054	638	737	502
1305	642731	140	740	396
1306	642891	738	622	366
1307	643708	199	619	397
1308	644047	159	929	241
1309	644227	159	1013	245
1310	644406	100	1011	227
1311	644665	279	996	246
1312	645064	498	1002	250
1313	645582	159	924	238
1314	645762	120	944	179
1315	646081	817	1018	249
1316	647018	2033	1013	248
1317	649071	179	1013	260
1318	649271	239	1019	193
1319	649689	199	926	340
1320	650048	678	921	266
1321	650746	758	943	251
1322	651523	179	957	276
1323	651802	219	1040	232
1324	652042	159	1087	401
1325	652241	339	794	577
1326	652600	199	742	691
1327	652819	179	628	934
1328	653019	459	683	995
1329	653696	140	779	973
1330	653856	1356	689	1004
1331	655232	279	684	993
1332	655750	1356	763	452
1333	657165	359	607	894
1334	657544	199	690	990
1335	657783	120	939	900
1336	657943	399	1017	746
1337	658501	1176	1000	742
1338	659817	1116	1015	749
1339	660953	1116	1019	740
1340	662269	1037	854	533
1341	663326	199	746	516
1342	663565	618	843	576
1343	664223	159	934	769
1344	664422	219	695	931
1345	664661	120	643	888
1346	664801	618	637	969
1347	665459	658	666	540
1348	666157	259	634	974
1349	666436	518	636	972
1350	667054	179	753	981
1351	667253	299	636	978
1352	667632	239	1016	922
1353	667891	159	1042	864
1354	668090	160	870	546
1355	668290	179	694	447
1356	668489	139	621	416
1357	668649	319	667	269
1358	669287	319	1159	74
1359	670044	120	421	224
1360	670443	139	532	68
1361	670702	100	679	248
1362	670862	199	590	879
1363	671081	439	643	978
1364	671719	239	620	952
1365	671978	558	634	954
1366	672556	179	565	946
1367	672955	339	635	956
1368	673314	319	645	964
1369	673653	100	661	948
1370	673772	658	640	952
1371	674610	558	749	601
1372	675387	678	722	680
1373	676105	499	665	823
1374	676643	139	728	942
1375	676803	219	688	957
1376	677062	279	827	748
1377	677361	100	834	656
1378	677500	160	508	524
1379	677680	339	415	456
1380	678178	179	417	452
1381	678398	419	528	518
1382	678836	239	422	465
1383	679295	339	425	462
1384	679693	359	1155	660
1385	680072	339	1076	803
1386	680471	1276	412	475
1387	681886	837	411	470
1388	682883	399	412	458
1389	683302	718	412	474
1390	684199	319	896	492
1391	684737	558	783	489
1392	685335	160	533	471
1393	685594	479	507	481
1394	686093	259	403	489
1395	686392	339	790	629
1396	686831	439	1043	512
1397	687409	459	594	355
1398	687987	518	1010	496
1399	688545	439	1223	491
1400	689024	179	1017	524
1401	689343	419	953	506
1402	689781	219	818	498
1403	690100	199	811	526
1404	690320	319	1014	514
1405	690798	498	1036	481
1406	691336	379	871	797
1407	691775	399	1035	494
1408	692393	877	1008	501
1409	693410	419	1042	491
1410	693848	279	1038	503
1411	694347	917	1020	507
1412	695403	518	1038	513
1413	696121	797	1032	527
1414	697118	797	1011	521
1415	698095	718	1024	529
1416	698972	758	1036	536
1417	699769	159	1130	340
1418	699949	518	1128	234
1419	700666	140	1242	359
1420	700826	139	1266	310
1421	701065	439	1154	107
1422	701603	957	1026	488
1423	702720	1077	1033	495
1424	703956	1057	833	529
1425	705032	658	797	504
1426	705710	120	818	600
1427	705930	219	862	556
1428	706209	299	767	518
1429	706687	159	768	793
1430	706886	179	564	945
1431	707126	339	1077	1012
1432	707504	199	1257	1032
1433	707764	199	855	605
1434	708003	219	801	506
1435	708262	239	1138	375
1436	708521	179	1153	348
1437	708760	199	747	484
1438	709159	100	575	440
1439	709279	100	559	432
1440	709458	159	529	302
1441	709658	120	519	276
1442	709957	1415	802	461
1443	711512	578	796	460
1444	712110	1037	812	485
1445	713326	1376	790	474
1446	714741	279	794	472
1447	715220	140	805	490
1448	715599	498	786	391
1449	716137	299	742	635
1450	716476	479	820	528
1451	717014	239	779	475
1452	717273	1116	592	414
1453	718430	279	723	799
1454	718729	279	759	665
1455	719048	1675	593	425
1456	720742	100	738	430
1457	721141	359	741	378
1458	721520	219	742	407
1459	721779	977	619	488
1460	722776	279	572	366
1461	723075	339	720	449
1462	723454	159	418	864
1463	723633	120	361	782
1464	723792	120	366	785
1465	723932	120	437	788
1466	724111	259	1054	896
1467	724391	459	1022	906
1468	725029	339	972	971
1469	725427	797	1017	928
1470	726264	598	989	939
1471	726902	100	988	938
1472	727042	179	998	928
1473	727241	179	1002	939
1474	727461	518	991	936
1475	727999	518	998	931
1476	728996	738	839	659
1477	729893	319	809	577
1478	730232	479	810	583
1479	730730	239	931	744
1480	731169	299	1112	842
1481	731608	339	628	580
1482	732026	339	645	573
1483	732525	2233	626	579
1484	734777	279	509	358
1485	735076	239	486	262
1486	735336	279	439	200
1487	735794	100	588	81
1488	735914	259	596	77
1489	736233	259	907	89
1490	736532	179	1096	113
1491	736731	319	1250	108
1492	737229	239	673	480
1493	737489	658	622	568
1494	738186	239	452	895
1495	738466	219	412	993
1496	738745	1017	641	547
1497	739881	1416	625	561
1498	741456	339	770	540
1499	741815	239	729	557
1500	742074	1156	699	572
1501	743250	139	684	592
1502	743430	140	964	537
1503	743589	498	1031	511
1504	744227	259	1019	498
1505	744526	399	1016	508
1506	745084	678	1020	523
1507	745962	977	1030	476
1508	746958	1495	1029	483
1509	748474	419	1040	488
1510	748992	159	802	499
1511	749371	1535	821	531
1512	750946	179	1041	510
1513	751165	399	1096	398
1514	751604	399	875	847
1515	752022	558	1115	978
1516	752620	199	739	1021
1517	752860	139	564	982
1518	753039	279	470	734
1519	753338	100	450	600
1520	753478	239	544	348
1521	753737	120	545	181
1522	753896	299	381	190
1523	754435	339	914	135
1524	754813	379	1159	113
1525	755212	359	1221	124
1526	755730	339	1151	566
1527	756089	179	1171	465
1528	756289	299	1177	371
1529	756628	279	737	361
1530	757066	179	728	338
1531	757285	399	888	247
1532	757704	319	863	246
1533	758043	219	785	233
1534	758302	259	671	147
1535	758701	100	625	81
1536	758880	100	515	123
1537	759020	439	588	826
1538	759498	159	939	933
1539	759698	319	1113	946
1540	760216	479	1049	981
1541	760734	578	751	1002
1542	761352	219	1116	871
1543	761831	518	464	967
1544	762369	259	347	1041
1545	762668	279	626	779
1546	762967	299	719	718
1547	763286	179	731	632
1548	763506	279	658	492
1549	763805	160	648	586
1550	764044	419	677	454
1551	764482	160	681	447
1552	764742	1236	667	484
1553	766097	359	675	492
1554	766476	159	683	482
1555	766656	259	686	480
1556	766935	578	696	477
1557	767533	598	698	475
1558	768171	279	692	492
1559	768470	1017	692	486
1560	769805	120	572	561
1561	770244	259	792	403
1562	770523	977	733	508
1563	771520	259	764	450
1564	771819	837	1053	681
1565	772696	518	1026	691
1566	773294	977	1055	695
1567	774291	658	1053	706
1568	774969	1176	1054	707
1569	776245	259	1005	767
1570	776663	339	1126	307
1571	777102	100	990	384
1572	777381	179	1012	587
1573	777581	837	1043	698
1574	778558	379	922	518
1575	779195	538	850	552
1576	779774	339	790	670
1577	780292	259	823	533
1578	780591	578	944	562
1579	781309	558	921	574
1580	781887	199	862	577
1581	782106	179	773	559
1582	782306	339	535	528
1583	782684	239	410	490
1584	783222	140	945	545
1585	783382	439	941	554
1586	784000	758	947	567
1587	784817	439	1114	323
1588	785396	1077	953	558
