Data properties:
 
Recording date: 27/03/2008
Recording time : 14:16:26:210 (corresponds to time 0)
Study: AlasdairTPOnlyRoughness
Subject: PS
Recording: ps2
Screen resolution: 1600 x 1200
Coordinate unit: Pixels
 
 
Filter settings:
 
Eye: Average
Validity level: Normal
Fixation radius: 50
Min duration: 100
 
Fix number	Timestamp	Duration	GazepointX	GazepointY
 
1	79	140	542	760
2	278	279	786	621
3	737	160	815	597
4	1076	259	876	597
5	1355	359	822	614
6	1893	538	819	544
7	2471	479	913	692
8	3089	239	796	677
9	3368	339	514	857
10	3847	1415	915	694
11	5282	957	841	604
12	6319	518	855	617
13	6857	419	809	618
14	7316	239	1027	677
15	7715	578	1037	682
16	8432	319	1035	680
17	8771	379	1058	673
18	9290	339	885	578
19	9788	419	841	604
20	10246	339	1027	706
21	10605	578	919	678
22	11203	279	1054	650
23	11522	199	783	893
24	11742	159	814	874
25	11961	299	1183	990
26	12300	159	987	541
27	12499	199	950	379
28	12719	279	954	230
29	13038	259	1114	262
30	13356	120	473	565
31	13516	299	479	960
32	13935	120	640	1020
33	14094	359	442	883
34	14493	339	871	767
35	14951	199	1009	715
36	15171	299	1167	1008
37	15510	160	1019	1003
38	15709	279	776	976
39	16068	359	538	986
40	16447	239	556	1005
41	16706	219	646	899
42	17005	159	772	803
43	17184	179	878	672
44	17384	459	936	563
45	17942	1176	935	585
46	19278	359	1161	111
47	19676	239	856	158
48	19975	239	383	143
49	20235	199	348	139
50	20454	399	349	324
51	20873	319	438	368
52	21291	319	374	539
53	21650	598	375	696
54	22268	219	369	871
55	22507	179	457	1016
56	22707	199	475	1036
57	22966	159	429	275
58	23145	219	449	119
59	23404	319	658	111
60	23743	159	782	119
61	23943	379	1125	114
62	24341	140	1064	92
63	24521	1136	803	247
64	25757	239	669	193
65	26335	259	685	233
66	26614	1934	770	254
67	28588	359	1056	295
68	28967	259	1155	347
69	29246	259	1105	407
70	29545	319	868	406
71	29884	219	809	474
72	30123	359	615	421
73	30522	279	501	470
74	30841	319	596	642
75	31199	439	904	559
76	31758	718	931	537
77	32495	359	805	742
78	32874	319	881	659
79	33353	199	1000	981
80	33771	219	975	582
81	34011	1256	939	542
82	35286	219	1032	553
83	35546	439	1188	593
84	36004	159	1260	583
85	36403	419	1174	973
86	36842	179	1254	887
87	37061	2213	935	548
88	39433	259	813	483
89	39852	1236	817	543
90	41108	379	932	607
91	41527	738	884	470
92	42364	1495	879	452
93	44298	498	824	444
94	44976	1076	805	427
95	46072	219	895	384
96	46331	239	815	264
97	46610	120	470	906
98	46750	120	490	917
99	46909	159	810	859
100	47109	120	1039	755
101	47328	219	1112	600
102	47567	857	870	688
103	48464	359	847	685
104	48843	658	849	674
105	49720	1655	815	534
106	51395	2313	1030	452
107	53887	1475	1018	458
108	55382	837	860	497
109	56379	439	968	442
110	56858	359	1185	474
111	57236	239	1104	449
112	57515	239	847	413
113	57795	140	833	729
114	57954	219	875	776
115	58213	139	641	421
116	58373	1974	673	515
117	60386	319	1169	663
118	60725	339	994	773
119	61104	259	1142	1036
120	61543	259	516	939
121	61822	160	450	856
122	62021	159	389	699
123	62220	538	672	413
124	62938	199	630	387
125	63177	419	721	155
126	63636	140	665	504
127	63795	1216	665	485
128	65231	179	788	422
129	65629	219	822	463
130	65869	578	734	410
131	66467	638	777	416
132	67145	1057	798	150
133	68321	100	817	156
134	68460	279	1158	366
135	68779	139	958	757
136	68959	219	774	1025
137	69258	279	528	912
138	69716	1435	802	132
139	71371	698	802	436
140	72109	199	771	204
141	72328	1136	820	143
142	73484	199	891	101
143	73744	419	671	524
144	74182	179	726	570
145	74421	439	1085	176
146	74900	160	702	157
147	75099	299	405	161
148	75438	259	401	709
149	75717	259	445	932
150	76036	419	650	564
151	76495	359	976	861
152	76893	459	1141	618
153	77551	658	1172	597
154	78409	857	1172	581
155	79286	279	1262	620
156	79744	1655	1181	587
157	81419	1734	1188	578
158	83313	1077	946	487
159	84429	399	817	499
160	84988	219	811	445
161	85227	179	913	599
162	85446	199	968	929
163	85665	379	990	933
164	86224	758	1010	919
165	87001	219	988	946
166	87300	439	1173	606
167	87779	339	722	943
168	88157	259	916	911
169	88437	239	836	840
170	88716	199	1015	926
171	89075	299	1012	905
172	89394	239	984	935
173	89932	718	1000	909
174	90769	120	1156	988
175	90929	179	1164	998
176	91148	140	996	930
177	91307	160	999	917
178	91666	817	990	942
179	92683	1057	1003	927
180	93760	219	995	938
181	93999	160	1030	908
182	94338	1455	819	572
183	95933	279	809	561
184	96232	259	899	738
185	96531	439	911	430
186	97009	319	919	902
187	97468	3848	903	475
188	101515	459	846	476
189	102173	379	832	446
190	102571	817	800	564
191	103409	339	880	461
192	103947	478	895	699
193	104685	618	935	677
194	105323	419	913	694
195	105761	3250	929	681
196	109210	498	851	456
197	109848	299	847	525
198	110167	299	809	515
199	110486	658	879	597
200	111244	478	740	366
201	111902	199	738	356
202	112121	199	747	409
203	112500	479	710	400
204	113018	319	768	233
205	113357	1954	724	396
206	115550	498	741	345
207	116088	1316	729	365
208	117444	199	658	360
209	117663	339	820	248
210	118122	140	722	721
211	118361	578	962	911
212	119218	219	956	926
213	119457	159	896	857
214	119796	199	904	811
215	120016	100	915	807
216	120215	160	585	914
217	120395	159	494	935
218	120614	100	920	943
219	120793	259	929	942
220	121252	399	948	928
221	121750	399	951	940
222	122169	100	929	940
223	122388	219	948	930
224	122747	459	909	928
225	123245	698	955	932
226	124162	120	935	922
227	124302	1316	950	919
228	125797	638	938	928
229	126455	279	949	927
230	126794	439	1156	323
231	127253	279	1190	120
232	127552	120	1200	72
233	127731	279	453	277
234	128030	120	459	289
235	128190	259	350	172
236	128528	219	958	894
237	128768	837	936	931
238	129625	199	903	933
239	129944	179	854	938
240	130183	139	612	950
241	130363	219	388	832
242	130622	199	623	994
243	130861	179	652	977
244	131060	159	890	935
245	131240	857	936	945
246	132276	439	951	932
247	132775	359	944	925
248	133333	399	791	502
249	133752	379	779	684
250	134230	299	880	623
251	134669	538	828	669
252	135267	239	888	837
253	135686	120	1214	889
254	135825	279	1114	754
255	136124	199	1037	595
256	136363	199	767	420
257	136603	558	724	348
258	137440	738	754	351
259	138437	100	766	326
260	138776	159	743	307
261	139115	239	772	277
262	139394	339	636	360
263	139792	538	698	293
264	140371	459	524	332
265	140989	339	526	327
266	141348	1156	527	341
267	142544	498	836	685
268	143082	299	1174	1007
269	143401	120	1210	950
270	143580	179	1155	392
271	143780	199	1111	273
272	143999	179	1099	202
273	144238	100	499	369
274	144418	359	547	319
275	144796	339	530	313
276	145155	139	538	351
277	145315	100	539	347
278	145634	179	720	300
279	146112	718	705	316
280	146870	159	602	468
281	147049	399	779	508
282	147468	279	684	348
283	147767	379	714	267
284	148166	319	632	331
285	148505	259	567	332
286	148784	598	715	274
287	149402	578	753	244
288	150000	359	723	262
289	150399	459	730	402
290	150877	339	827	718
291	151236	179	913	710
292	151455	159	1266	844
293	151655	179	1166	821
294	151894	558	724	285
295	152791	857	789	385
296	153668	359	701	311
297	154206	658	752	300
298	154884	219	613	531
299	155123	518	638	531
300	155662	179	626	565
301	156021	1176	646	526
302	157217	459	646	520
303	157935	598	753	393
304	158553	199	679	424
305	158772	140	691	441
306	158931	160	728	419
307	159111	140	762	364
308	159270	339	706	338
309	159629	219	777	303
310	159888	120	699	787
311	160028	578	726	774
312	160626	538	731	780
313	161204	399	710	785
314	162041	817	768	493
315	162899	219	668	601
316	163138	499	732	599
317	163656	2612	865	483
318	166447	459	773	400
319	166946	518	692	456
320	167484	558	771	475
321	168062	359	686	301
322	168521	219	817	578
323	168820	120	692	360
324	168959	399	670	321
325	169537	1695	651	303
326	171411	518	754	336
327	171950	538	691	449
328	172528	797	711	328
329	173345	219	808	223
330	173585	100	825	179
331	173744	239	458	821
332	174123	2711	835	210
333	177113	698	800	493
334	178090	399	794	229
335	178509	578	843	216
336	179127	239	640	298
337	179406	120	541	372
338	179565	259	730	765
339	179904	100	384	775
340	180183	239	1017	965
341	180443	199	1130	844
342	180682	120	895	878
343	180821	140	881	883
344	181001	299	767	713
345	181340	359	529	918
346	181738	359	428	759
347	182157	159	953	391
348	182456	199	1080	108
349	182676	100	1013	118
350	182815	259	888	284
351	183194	279	710	100
352	183513	259	439	174
353	183872	219	340	499
354	184131	459	369	814
355	184609	120	378	935
356	184749	140	368	934
357	185167	259	902	935
358	185447	239	969	835
359	185845	299	910	629
360	186184	279	703	659
361	186483	638	682	625
362	187221	379	696	644
363	187620	1037	679	615
364	188696	159	421	275
365	188915	120	427	192
366	189234	219	455	135
367	189514	359	1032	113
368	189912	379	1185	76
369	190331	159	718	155
370	190590	339	490	235
371	190949	159	494	236
372	191248	538	671	614
373	191806	219	712	500
374	192105	139	1249	506
375	192265	199	1145	522
376	192663	120	774	653
377	192803	1396	693	641
378	194298	259	585	860
379	194577	140	486	900
380	194896	259	501	855
381	195195	160	434	956
382	195395	319	625	1031
383	195754	199	476	1041
384	196013	219	1151	1010
385	196312	159	1217	982
386	196511	179	1055	889
387	196711	459	1089	859
388	197189	279	1117	834
389	197548	718	1102	853
390	198286	160	1114	850
391	198485	558	743	700
392	199143	2173	686	615
393	201336	837	691	599
394	202233	419	661	621
395	202791	877	673	625
396	203688	159	707	635
397	204027	1515	780	536
398	205722	199	767	585
399	205941	379	696	598
400	206360	259	936	521
401	206659	219	1163	359
402	207038	239	610	929
403	207297	140	627	869
404	207476	199	708	735
405	207695	219	660	505
406	207935	160	634	333
407	208114	100	632	253
408	208333	359	629	209
409	208732	618	710	334
410	209530	299	676	335
411	209869	2632	693	317
412	212520	199	663	331
413	212919	140	857	397
414	213078	259	805	476
415	213577	1216	740	414
416	214813	199	735	384
417	215032	160	669	685
418	215211	399	726	715
419	215829	100	703	699
420	215949	1356	730	697
421	217325	239	732	682
422	217903	479	807	522
423	218401	1435	738	556
424	219857	159	803	480
425	220056	598	990	924
426	220953	120	998	909
427	221152	279	778	980
428	221571	578	982	952
429	222169	140	994	930
430	222329	259	1033	896
431	222747	499	1009	935
432	223306	1077	999	943
433	224502	100	1024	909
434	224900	618	870	599
435	225558	259	734	703
436	225837	239	815	653
437	226097	538	793	587
438	226655	199	764	646
439	226894	179	681	457
440	227113	159	768	440
441	227293	797	1000	448
442	228230	1535	989	450
443	229785	2452	988	439
444	232257	199	908	624
445	232496	299	990	457
446	232915	259	860	931
447	233214	140	926	813
448	233413	1455	991	459
449	235287	159	879	519
450	235806	179	837	444
451	236005	120	728	564
452	236324	419	787	481
453	236763	319	892	509
454	237121	179	664	651
455	237321	159	686	689
456	237520	319	1008	454
457	237859	199	1042	410
458	238098	159	750	550
459	238298	299	698	717
460	238736	219	661	716
461	239015	160	1022	1076
462	239195	239	1065	1007
463	239494	179	700	732
464	239693	180	639	695
465	240032	618	657	705
466	240830	439	688	727
467	241288	120	693	698
468	241627	120	650	700
469	241767	359	673	712
470	242145	299	684	728
471	242684	638	663	717
472	243381	100	649	713
473	243800	538	681	708
474	244358	359	685	718
475	244996	139	823	502
476	245734	160	740	507
477	245913	279	807	584
478	246212	658	727	561
479	246910	1336	1068	647
480	248266	159	1160	622
481	248465	179	1125	894
482	248684	100	1061	949
483	248804	100	1070	939
484	248944	219	821	980
485	249283	100	696	900
486	249482	100	694	588
487	249621	179	756	332
488	249841	538	797	175
489	250439	219	1076	689
490	250678	1455	1061	658
491	252373	459	777	446
492	252851	279	842	645
493	253290	159	786	418
494	253489	997	774	523
495	254526	1336	1092	688
496	255882	140	1112	686
497	256041	419	1093	705
498	256499	219	1032	944
499	256799	279	1059	720
500	257137	159	1010	936
501	257317	120	959	962
502	257476	159	1067	734
503	257656	578	1106	685
504	258274	219	917	601
505	258732	758	808	604
506	259510	219	897	569
507	259749	518	858	597
508	260307	1037	784	475
509	261504	120	892	873
510	261643	100	885	866
511	261803	2891	793	476
512	264873	339	768	472
513	265232	558	820	567
514	265810	199	800	479
515	266049	100	504	667
516	266288	120	924	756
517	266428	100	890	768
518	266567	159	992	680
519	266747	3210	1091	462
520	269996	239	916	325
521	270276	299	695	315
522	270614	139	542	185
523	270774	100	507	156
524	270914	1435	1102	493
525	272648	100	609	466
526	273007	1136	863	532
527	274163	259	793	474
528	274442	259	897	400
529	274761	2173	841	840
530	276954	598	816	845
531	277572	239	842	758
532	278031	738	791	569
533	278788	279	866	557
534	279087	538	806	517
535	279646	159	708	579
536	279825	658	656	618
537	280503	239	677	566
538	280762	219	652	623
539	281021	120	971	720
540	281161	139	1021	748
541	281360	558	638	648
542	281938	618	664	628
543	282576	100	682	641
544	282796	598	673	573
545	283413	359	651	623
546	283792	160	605	560
547	283992	439	555	277
548	284450	259	679	602
549	284968	797	823	465
550	286105	399	740	486
551	286524	419	730	502
552	286962	179	808	742
553	287161	120	846	784
554	287321	339	912	516
555	287680	219	824	583
556	288019	179	826	793
557	288318	379	1063	585
558	288736	379	802	374
559	289135	199	659	325
560	289374	259	464	174
561	289693	219	502	941
562	290012	100	549	901
563	290650	219	546	879
564	291069	638	535	873
565	291906	379	550	883
566	292305	499	556	879
567	292843	100	593	874
568	293003	359	543	889
569	293402	558	540	897
570	294020	718	539	896
571	294957	459	848	540
572	295435	399	854	551
573	295933	239	679	571
574	296213	538	745	562
575	296791	219	653	642
576	297030	140	776	821
577	297189	299	854	909
578	297588	279	528	968
579	297927	120	951	570
580	298087	159	1055	408
581	298286	199	772	286
582	298505	518	906	186
583	299183	359	904	165
584	299701	997	898	194
585	300818	1236	898	186
586	302233	159	829	270
587	302652	219	902	380
588	303091	299	798	340
589	303589	498	864	208
590	304107	100	934	246
591	304227	1017	706	420
592	305304	837	725	358
593	306540	339	781	437
594	307078	1057	710	380
595	308154	159	682	368
596	308354	239	473	555
597	308673	239	417	561
598	309111	399	466	656
599	309530	379	423	588
600	310088	120	444	488
601	310328	1954	413	586
602	312321	100	656	996
603	312600	120	652	990
604	312760	219	994	943
605	312999	219	1117	860
606	313278	159	1116	362
607	313458	379	1119	207
608	313896	159	430	506
609	314076	1754	413	558
610	316149	459	827	482
611	316647	419	623	564
612	317146	499	483	527
613	317664	239	714	522
614	318003	219	550	659
615	318262	219	1013	895
616	318501	459	1057	908
617	319159	678	988	863
618	319877	319	1008	607
619	320236	179	781	575
620	320455	179	609	386
621	320674	638	1068	916
622	321412	1156	1059	905
623	322887	279	889	520
624	323206	538	787	574
625	323765	219	865	628
626	324004	379	750	655
627	324402	399	918	783
628	324841	219	1029	548
629	325080	120	1021	475
630	325240	239	696	371
631	325519	419	480	425
632	325958	598	459	406
633	326655	339	467	410
634	327134	459	458	432
635	327612	817	460	425
636	328450	159	461	429
637	328689	199	474	416
638	328908	997	462	417
639	330204	120	606	490
640	330403	179	612	486
641	330603	299	609	500
642	331061	259	601	576
643	331440	120	527	445
644	331679	399	476	454
645	332118	279	803	678
646	332417	478	910	791
647	333055	1455	921	786
648	334530	1416	925	798
649	336524	478	816	557
650	337022	239	852	541
651	337281	817	801	543
652	338139	738	647	747
653	339116	179	651	443
654	339315	199	635	335
655	339534	139	634	332
656	339714	100	587	740
657	339833	179	632	769
658	340132	279	629	751
659	340431	479	633	752
660	340930	1077	634	757
661	342226	1415	778	520
662	343661	419	652	590
663	344100	140	557	714
664	344279	2014	939	564
665	346671	399	925	451
666	347090	160	853	535
667	347549	897	795	498
668	348485	339	509	377
669	348844	100	482	374
670	349104	3309	474	393
671	352692	199	729	332
672	353350	219	792	502
673	353589	199	724	442
674	353808	179	743	411
675	354028	459	643	403
676	354526	339	577	250
677	354905	159	779	637
678	355104	179	800	630
679	355324	299	574	257
680	355782	458	600	234
681	356261	459	591	271
682	356859	1156	589	234
683	358175	419	625	282
684	358633	459	801	485
685	359171	817	637	295
686	360009	299	449	386
687	360387	120	424	462
688	360547	179	738	665
689	360746	100	745	679
690	360886	140	897	600
691	361065	179	870	473
692	361285	817	1013	682
693	362262	1176	1016	690
694	363478	498	999	707
695	363996	638	1024	682
696	364654	498	1020	692
697	365172	439	1023	688
698	365890	479	820	517
699	366388	1415	796	569
700	367824	139	852	707
701	367983	379	865	741
702	368382	139	743	756
703	368561	139	743	766
704	368721	219	852	758
705	368960	758	873	757
706	369738	478	841	758
707	370555	1416	838	513
708	371990	259	768	560
709	372269	219	860	688
710	372509	120	740	801
711	372648	120	731	826
712	372788	199	655	862
713	373007	1236	623	867
714	374363	159	666	839
715	374542	139	660	860
716	374702	120	616	871
717	375021	439	532	303
718	375479	499	619	205
719	375998	259	943	223
720	376317	439	397	348
721	376875	419	1106	134
722	377333	219	1212	363
723	377592	160	889	482
724	377772	419	727	479
725	378330	299	579	379
726	378649	179	659	354
727	378868	259	901	450
728	379168	279	620	886
729	379467	279	623	887
730	379945	239	635	867
731	380204	199	643	880
732	380842	319	600	884
733	381201	219	1001	962
734	381440	319	926	993
735	381919	219	668	866
736	382238	100	643	872
737	382357	160	663	872
738	382636	718	629	858
739	383494	120	615	887
740	383653	139	617	882
741	383813	120	651	882
742	384451	319	826	600
743	384849	399	1369	904
744	385388	239	926	714
745	385667	219	818	652
746	386085	279	774	545
747	386404	2133	674	503
748	388757	259	724	402
749	389036	379	734	397
750	389435	259	739	343
751	389714	857	666	476
752	390611	219	961	508
753	390850	159	1147	461
754	391030	2113	1196	493
755	393223	179	1110	461
756	393621	1376	880	500
757	395017	219	808	489
758	395256	2632	873	406
759	398007	538	815	524
760	398565	219	822	491
761	398805	877	809	451
762	399702	100	871	519
763	399841	199	766	732
764	400061	877	974	820
765	400958	199	992	817
766	401177	159	1004	800
767	401357	299	998	819
768	401795	339	966	838
769	402154	219	995	829
770	402393	877	981	835
771	403290	439	985	836
772	403749	179	967	848
773	403948	439	986	837
774	404407	518	999	823
775	405125	1655	893	555
776	406799	239	837	589
777	407058	279	723	548
778	407397	419	1077	753
779	407856	518	735	549
780	408554	1156	718	537
781	409889	2372	721	510
782	412282	479	716	536
783	412800	160	849	480
784	412979	259	902	461
785	413259	179	743	507
786	413577	219	731	571
787	413817	379	727	561
788	414215	140	747	558
789	414514	199	735	547
790	414734	279	724	530
791	415033	339	691	541
792	415392	1256	732	555
793	416668	1894	734	554
794	418741	1595	826	513
795	420356	120	759	523
796	420575	179	753	492
797	420794	140	1079	471
798	420954	159	1124	476
799	421153	159	1115	485
800	421432	498	969	471
801	421971	339	684	592
802	422409	777	1127	480
803	423366	698	1114	489
804	424224	738	1133	478
805	424981	239	1131	450
806	425260	379	743	529
807	425659	199	621	597
808	426117	558	1161	475
809	426855	239	1150	469
810	427114	199	1135	494
811	427473	638	1146	454
812	428410	638	1118	473
813	429267	1236	1134	472
814	430523	1934	1130	468
815	432577	239	848	464
816	432836	1356	799	530
817	434311	279	819	464
818	434610	578	902	544
819	435208	120	715	663
820	435488	199	609	572
821	435727	3369	908	538
822	439116	937	908	531
823	440332	259	817	445
824	440791	1296	797	506
825	442106	598	772	394
826	442724	1176	747	395
827	443960	598	768	395
828	444658	1455	763	431
829	446652	179	825	413
830	446851	1176	801	489
831	448047	140	894	657
832	448207	1156	920	701
833	449483	259	1158	943
834	449842	219	923	727
835	450141	120	440	606
836	450340	160	377	485
837	450559	299	725	177
838	450898	219	998	144
839	451137	140	1215	134
840	451377	239	842	136
841	451636	159	799	107
842	451835	159	982	638
843	452015	1754	924	722
844	454367	299	799	618
845	454686	339	824	592
846	455185	817	783	560
847	456042	279	808	839
848	456341	139	967	898
849	456520	259	1129	646
850	456819	399	983	920
851	457338	638	475	374
852	458095	598	462	306
853	458713	100	451	348
854	458952	199	461	331
855	459172	1077	462	329
856	460288	159	534	317
857	460787	239	861	861
858	461066	179	1047	774
859	461285	319	1181	631
860	461644	359	1198	456
861	462043	518	797	740
862	462601	359	736	559
863	463000	179	462	299
864	463219	239	474	301
865	463478	359	462	297
866	463936	618	459	311
867	464874	459	815	423
868	465631	379	732	357
869	466030	538	637	380
870	466588	120	550	417
871	466748	199	889	463
872	466987	399	607	324
873	467425	219	526	753
874	467665	658	677	829
875	468402	259	958	422
876	468681	339	1057	267
877	469140	159	635	793
878	469319	499	674	836
879	470037	598	689	833
880	470675	140	984	858
881	470835	100	922	869
882	470954	199	863	881
883	471193	159	699	846
884	471393	140	678	831
885	471712	817	688	832
886	472549	598	689	836
887	473187	638	693	840
888	473845	977	686	829
889	475001	239	943	506
890	475679	279	818	561
891	475978	658	736	570
892	476676	140	637	784
893	476835	139	588	796
894	477055	199	897	983
895	477314	199	1102	946
896	477553	239	980	692
897	477832	139	1007	537
898	478012	239	1040	374
899	478271	199	1061	278
900	478510	120	825	247
901	478650	239	1033	242
902	478909	259	1020	260
903	479307	777	1040	215
904	480145	159	434	842
905	480344	120	443	853
906	480484	299	568	908
907	480823	159	750	786
908	481022	199	864	732
909	481261	120	1103	843
910	481401	120	1110	852
911	481540	279	1041	962
912	481919	100	809	977
913	482079	120	551	433
914	482218	139	524	243
915	482398	299	510	172
916	482756	100	401	563
917	482976	179	441	566
918	483315	299	1039	241
919	483634	837	1008	251
920	484511	419	753	218
921	484949	259	646	267
922	485228	140	629	253
923	485408	1116	1014	265
924	486604	997	1038	227
925	487621	199	1100	200
926	487840	159	1201	150
927	488040	1076	1028	258
928	489216	478	1018	233
929	489714	698	898	207
930	490432	100	1012	230
931	490551	558	1040	179
932	491130	618	849	193
933	491867	758	1046	167
934	492844	219	1185	174
935	493083	140	1223	148
936	493243	160	1249	73
937	493562	359	1161	744
938	493981	140	1097	943
939	494140	219	1096	948
940	494399	120	1263	938
941	494778	359	1035	714
942	495157	259	867	694
943	495436	239	717	690
944	495715	299	612	599
945	496353	778	696	327
946	497170	379	763	174
947	497589	199	645	143
948	497808	399	451	229
949	498227	439	389	167
950	498685	239	343	151
951	498965	478	863	125
952	499543	140	1118	111
953	499722	219	1044	257
954	500041	339	1018	251
955	500400	100	1041	215
956	500520	698	1018	223
957	501277	459	1036	227
958	501756	1535	1040	224
959	503311	120	1063	260
960	503450	299	1051	209
961	503769	199	1047	235
962	504028	279	1067	688
963	504347	120	1081	824
964	504567	239	1058	899
965	504846	279	982	997
966	505145	219	832	1021
967	505484	598	694	938
968	506162	518	377	811
969	506720	239	574	711
970	507019	299	595	609
971	507358	439	891	634
972	507816	598	891	691
973	508554	957	1034	709
974	509531	239	1186	988
975	509790	299	1110	962
976	510109	199	1098	958
977	510348	279	979	1001
978	511086	140	471	669
979	511544	339	437	468
980	511943	2133	1032	226
981	514236	478	1018	248
982	514834	219	1047	221
983	515073	598	1046	218
984	515731	179	1041	253
985	516130	159	872	290
986	516588	159	696	464
987	516808	439	946	411
988	517286	678	777	416
989	517984	319	784	381
990	518343	259	549	703
991	518622	219	639	642
992	518881	140	406	740
993	519200	259	975	864
994	519479	120	936	734
995	519639	179	922	529
996	519918	120	1130	867
997	520157	718	1178	817
998	520934	259	1148	285
999	521233	199	916	312
1000	521473	140	754	332
1001	521652	100	599	202
1002	521871	100	412	198
1003	522011	159	437	265
1004	522330	100	457	825
1005	522450	179	419	862
1006	522649	159	419	983
1007	522888	120	553	998
1008	523107	100	560	990
1009	523287	199	1131	994
1010	523546	199	1111	947
1011	523765	439	981	930
1012	524244	159	813	931
1013	524523	299	699	957
1014	524842	558	711	932
1015	525420	199	724	942
1016	525639	399	731	931
1017	526257	179	706	928
1018	526457	578	708	938
1019	527115	459	766	890
1020	527613	718	801	583
1021	528371	498	702	851
1022	528889	199	798	751
1023	529128	100	697	759
1024	529328	1535	736	591
1025	531022	817	756	531
1026	531860	219	702	588
1027	532099	857	736	559
1028	532976	359	1017	684
1029	533375	199	724	887
1030	533614	199	512	960
1031	533873	239	715	365
1032	534132	100	792	263
1033	534431	239	330	166
1034	534710	160	1102	182
1035	534910	259	889	557
1036	535209	379	731	683
1037	535608	120	735	675
1038	535767	299	774	501
1039	536086	100	857	462
1040	536265	279	476	466
1041	536564	339	549	583
1042	537123	120	487	1036
1043	537282	100	482	1048
1044	537681	139	1029	1040
1045	537840	120	1047	951
1046	538020	319	1231	1033
1047	538418	419	1233	885
1048	538917	379	1255	759
1049	539336	239	930	903
1050	539595	379	950	871
1051	539994	199	986	751
1052	540213	379	975	685
1053	540631	120	886	772
1054	540771	219	887	748
1055	541110	139	630	730
1056	541289	678	397	717
1057	542007	219	632	677
1058	542246	299	726	620
1059	542565	219	731	635
1060	542824	419	1211	686
1061	543283	140	1208	503
1062	543502	279	1112	390
1063	543801	1415	1031	484
1064	545257	419	1224	188
1065	545695	199	1097	134
1066	545914	120	1079	161
1067	546114	479	917	121
1068	546812	179	393	463
1069	547031	399	336	606
1070	547450	179	385	686
1071	547789	100	399	894
1072	548068	339	379	831
1073	548446	120	366	816
1074	548586	140	501	746
1075	548765	339	575	616
1076	549144	259	739	560
1077	549443	319	514	452
1078	549802	120	873	542
1079	549962	279	872	536
1080	550261	199	789	588
1081	550500	279	595	374
1082	550799	219	491	338
1083	551198	259	919	661
1084	551596	259	958	430
1085	551875	239	937	430
1086	552154	239	747	673
1087	552414	120	766	668
1088	552573	239	855	798
1089	552832	279	856	634
1090	553151	120	921	823
1091	553311	578	884	812
1092	553989	678	873	819
1093	554686	498	881	804
1094	555205	1515	889	792
1095	556939	239	845	560
1096	557378	897	869	645
1097	558295	299	807	616
1098	558614	199	875	825
1099	558833	179	727	966
1100	559032	140	709	1012
1101	559212	199	992	653
1102	559451	179	985	454
1103	559651	259	880	273
1104	559950	199	588	333
1105	560169	100	751	258
1106	560289	538	659	262
1107	561066	100	628	214
1108	561265	618	646	228
1109	561904	159	627	215
1110	562342	379	686	281
1111	563060	359	598	370
1112	563538	339	569	288
1113	563897	359	700	235
1114	564276	120	735	147
1115	564575	239	990	578
1116	564854	160	699	499
1117	565053	179	944	932
1118	565273	578	976	914
1119	565990	1097	972	921
1120	567107	279	982	916
1121	567406	778	966	912
1122	568442	179	821	542
1123	568662	159	958	908
1124	568861	199	1335	1164
1125	569140	778	827	636
1126	569958	239	780	844
1127	570237	319	855	812
1128	570596	160	428	610
1129	570895	239	467	703
1130	571214	1595	478	704
1131	573148	459	778	572
1132	573626	439	666	677
1133	574085	199	724	626
1134	574304	160	692	632
1135	574483	419	620	647
1136	574922	199	556	752
1137	575161	199	720	924
1138	575400	419	626	819
1139	575859	199	972	808
1140	576098	339	681	793
1141	576457	698	633	795
1142	577195	100	642	759
1143	577514	120	776	587
1144	577653	857	762	614
1145	578630	498	668	687
1146	579168	2851	1093	570
1147	582258	498	868	465
1148	582797	399	1084	678
1149	583215	379	988	592
1150	583614	399	937	563
1151	584053	279	1120	656
1152	584372	239	778	923
1153	584651	279	523	925
1154	585050	199	1101	967
1155	585269	100	1183	912
1156	585448	259	677	382
1157	585727	239	673	301
1158	586006	179	565	195
1159	586206	239	448	191
1160	586545	179	1062	428
1161	586784	259	1140	583
1162	587083	279	848	808
1163	587402	179	673	760
1164	587601	199	612	747
1165	587841	179	426	706
1166	588040	299	406	674
1167	588379	239	570	996
1168	588658	498	751	1000
1169	589196	259	1041	909
1170	589495	239	1227	901
1171	589774	160	1225	781
1172	590014	359	1204	326
1173	590412	179	877	603
1174	590632	179	662	630
1175	590851	159	479	546
1176	591050	239	454	246
1177	591309	179	401	245
1178	591608	219	369	210
1179	591888	120	367	211
1180	592047	638	396	630
1181	592745	239	643	239
1182	593024	160	500	186
1183	593203	219	440	209
1184	593562	120	830	151
1185	593722	439	871	183
1186	594300	479	877	171
1187	594818	239	877	163
1188	595157	319	1209	111
1189	595496	1734	885	150
1190	597370	379	845	571
1191	597888	778	844	425
1192	598686	359	839	567
1193	599065	120	825	574
1194	599224	179	832	444
1195	599443	558	1058	499
1196	600081	459	968	659
1197	600560	219	872	709
1198	600819	339	1024	528
1199	601278	299	1045	520
1200	602015	279	560	515
1201	602314	160	424	485
1202	602534	419	1058	488
1203	603072	179	1081	468
1204	603331	239	890	1297
1205	603630	1834	1053	490
1206	605544	698	1053	478
1207	606262	379	1055	474
1208	606800	1076	1055	480
1209	608076	578	832	487
1210	609093	239	802	430
1211	609352	558	779	527
1212	609950	199	1004	560
1213	610169	159	1049	459
1214	610349	359	1099	653
1215	610767	1276	1127	612
1216	612063	758	1115	621
1217	612880	837	1115	622
1218	613758	120	1049	450
1219	613957	279	1085	285
1220	614256	1675	1103	621
1221	616090	299	841	438
1222	616409	419	810	572
1223	616848	1136	829	562
1224	618024	140	999	609
1225	618223	179	619	536
1226	618423	458	500	523
1227	618941	359	1066	321
1228	619380	618	485	524
1229	620157	299	946	963
1230	620536	100	1251	937
1231	620875	160	567	607
1232	621054	140	491	518
1233	621353	299	532	527
1234	621672	459	484	542
1235	622211	259	468	335
1236	622490	419	418	254
1237	622948	159	538	579
1238	623128	159	476	559
1239	623526	538	484	539
1240	624264	120	491	535
1241	624483	160	535	583
1242	624782	399	476	555
1243	625221	199	492	537
1244	625640	2093	495	532
1245	627912	1236	491	530
1246	629188	199	647	503
1247	629428	219	1004	470
1248	629687	239	1058	355
1249	629946	279	1141	303
1250	630265	379	481	503
1251	633634	279	866	470
1252	634113	339	735	492
1253	634472	1017	762	521
1254	635508	259	590	463
1255	635807	140	546	697
1256	635967	219	573	732
1257	636306	259	922	771
1258	636585	279	836	760
1259	636904	100	601	747
1260	637282	897	570	723
1261	638359	439	562	711
1262	639037	1814	563	723
1263	640871	239	568	729
1264	641130	837	567	732
1265	642147	120	788	494
1266	642286	199	812	490
1267	642685	159	1452	989
1268	642865	159	1486	925
1269	643104	159	856	658
1270	643283	279	793	588
1271	643582	478	723	591
1272	644081	618	797	458
1273	644818	459	814	453
1274	645317	219	599	419
1275	645556	399	429	454
1276	645995	1814	809	457
1277	647829	179	994	447
1278	648048	199	1196	340
1279	648706	798	794	467
1280	649663	459	759	440
1281	650341	179	829	436
1282	650540	877	776	548
1283	651437	359	845	452
1284	651836	339	977	697
1285	652255	339	570	636
1286	652693	120	624	567
1287	653152	199	903	288
1288	653391	319	1107	618
1289	653770	279	1133	930
1290	654089	199	891	963
1291	654328	279	541	865
1292	654627	140	446	775
1293	654786	239	360	535
1294	655046	219	409	456
1295	655285	219	413	295
1296	655524	419	520	256
1297	656023	239	703	256
1298	656302	638	509	252
1299	656960	1017	513	249
1300	658116	738	522	243
1301	659212	319	762	300
1302	659790	399	740	343
1303	660229	259	736	339
1304	660508	179	685	458
1305	660728	160	806	512
1306	660927	299	648	388
1307	661266	219	539	854
1308	661505	139	612	814
1309	661665	598	678	857
1310	662322	279	959	622
1311	662642	159	728	601
1312	662821	159	679	883
1313	663020	2412	673	862
1314	665452	319	680	857
1315	665791	199	751	704
1316	666310	179	870	501
1317	666509	479	790	523
1318	667027	518	689	604
1319	667586	299	638	700
1320	667925	1555	689	682
1321	669639	219	765	298
1322	669878	159	788	250
1323	670078	199	1113	133
1324	670357	279	388	216
1325	670676	179	427	496
1326	670895	279	411	799
1327	671214	199	537	894
1328	671433	618	692	698
1329	672111	319	1098	885
1330	672610	179	670	653
1331	672809	1754	693	690
1332	674842	239	811	506
1333	675102	578	806	513
1334	675720	419	639	539
1335	676158	618	639	544
1336	676796	518	548	554
1337	677354	299	1015	697
1338	677693	279	1235	829
1339	678112	259	521	515
1340	678391	439	526	587
1341	679049	618	519	598
1342	679807	120	569	626
1343	679946	2352	517	573
1344	682598	1555	742	487
1345	684272	199	777	551
1346	684492	159	743	664
1347	684671	259	746	706
1348	685030	319	698	707
1349	685369	319	599	754
1350	685708	518	719	721
1351	686246	299	600	613
1352	686565	199	541	664
1353	686784	379	418	752
1354	687283	379	727	717
1355	687701	219	715	716
1356	687961	279	1048	797
1357	688260	120	1001	797
1358	688419	179	993	780
1359	688838	658	718	697
1360	689635	478	725	700
1361	690153	1276	718	694
1362	691469	399	756	252
1363	691908	399	557	293
1364	692347	199	769	719
1365	692566	279	718	703
1366	692865	319	716	689
1367	693224	359	1021	987
1368	693602	339	936	937
1369	693981	239	1125	747
1370	694240	140	1215	712
1371	694520	179	1154	506
1372	694739	319	1173	229
1373	695098	199	1177	138
1374	695516	259	448	150
1375	696075	160	1106	47
1376	696294	419	316	149
1377	696772	259	332	508
1378	697171	758	380	716
1379	697969	658	416	969
1380	698666	179	629	762
1381	699065	538	714	698
1382	699783	1495	716	707
1383	701457	239	813	539
1384	701916	259	794	608
1385	702195	1057	709	604
1386	703411	239	840	608
1387	703710	259	700	789
1388	703989	1196	631	781
1389	705345	897	627	785
1390	706362	718	629	781
1391	707239	219	635	780
1392	707658	1136	624	773
1393	709033	1894	637	782
1394	710967	159	874	551
1395	711166	140	898	430
1396	711326	279	719	308
1397	711645	239	629	742
1398	711944	359	925	350
1399	712323	239	827	242
1400	712622	100	654	768
1401	712741	778	643	784
1402	713718	199	793	473
1403	714217	159	679	865
1404	714396	439	788	589
1405	714854	937	727	569
1406	715811	179	617	807
1407	716031	159	424	894
1408	716230	199	784	879
1409	716449	239	752	779
1410	716729	359	1048	629
1411	717127	279	935	984
1412	717446	219	725	931
1413	717705	120	575	771
1414	717865	179	517	493
1415	718244	100	613	437
1416	718363	2352	630	446
1417	720915	638	756	409
1418	721792	299	697	476
1419	722111	159	702	485
1420	722410	478	693	402
1421	722909	219	719	585
1422	723188	279	932	412
1423	723507	159	1085	767
1424	723706	738	1158	790
1425	724504	299	1097	814
1426	724823	219	1142	800
1427	725082	299	1149	784
1428	725560	678	1153	786
1429	726278	239	1162	996
1430	726537	120	1001	1015
1431	726697	219	645	955
1432	727016	239	517	862
1433	727295	120	552	749
1434	727454	498	598	479
1435	728032	239	784	533
1436	728331	239	632	214
1437	728591	339	513	189
1438	729069	538	690	126
1439	729647	179	442	266
1440	729966	359	724	152
1441	730345	139	850	123
1442	730505	120	865	103
1443	730644	259	1098	129
1444	731083	199	792	183
1445	731302	140	812	118
1446	731521	199	762	240
1447	731760	598	669	433
1448	732518	179	643	370
1449	732737	359	711	486
1450	733116	259	680	546
1451	733415	578	1064	477
1452	734013	259	968	447
1453	734392	239	664	719
1454	734651	100	887	714
1455	734771	159	1106	729
1456	734950	1156	1145	773
1457	736146	777	1143	764
1458	736984	159	862	583
1459	737502	698	892	632
1460	738240	399	767	643
1461	738658	1655	750	667
1462	740353	120	749	679
1463	740612	538	740	676
1464	741170	299	678	892
1465	741509	698	734	672
1466	742426	219	796	498
1467	742845	598	796	550
1468	743463	937	768	546
1469	744420	179	735	760
1470	744619	160	887	809
1471	744819	179	599	597
1472	745018	439	489	575
1473	748148	598	475	526
1474	749105	1934	477	552
1475	751099	319	858	451
1476	751438	219	932	399
1477	751697	279	1209	306
1478	752016	359	976	261
1479	752414	159	552	603
1480	752594	718	475	541
1481	754189	120	828	539
1482	754328	1017	732	552
1483	755365	199	574	632
1484	755704	439	846	483
1485	756182	399	1068	643
1486	756621	1296	864	461
1487	757937	439	878	450
1488	758874	1635	832	480
1489	760529	219	916	450
1490	760768	160	903	303
1491	760967	159	655	323
1492	761147	179	583	351
1493	761366	279	386	896
1494	761665	120	485	837
1495	761884	139	623	808
1496	762183	618	595	412
1497	763001	498	566	344
1498	763659	817	572	376
1499	764635	658	574	357
1500	765592	578	582	350
1501	766210	419	1051	262
1502	766669	339	711	166
1503	767028	379	641	195
1504	767446	139	577	363
1505	767706	518	578	353
1506	768503	199	780	301
1507	768742	299	589	384
1508	769280	877	593	385
1509	770357	419	794	370
1510	770816	319	641	991
1511	771274	259	702	412
1512	771633	239	626	387
1513	771912	299	619	375
1514	772231	279	534	413
1515	772530	179	712	314
1516	772730	239	708	188
1517	773029	179	939	553
1518	773228	339	925	477
1519	773627	159	851	958
1520	773806	179	824	857
1521	774025	179	434	956
1522	774225	160	372	935
1523	774444	139	1117	966
1524	774883	319	1117	474
1525	775222	139	1119	553
1526	775401	439	875	523
1527	775860	179	897	460
1528	776059	239	1171	738
1529	776318	199	1063	813
1530	776557	299	819	871
1531	776896	159	550	801
1532	777096	120	546	804
1533	777514	140	389	561
1534	777694	179	458	359
1535	777893	259	423	210
1536	778172	279	432	164
1537	778551	279	622	188
1538	778850	140	780	168
1539	779309	139	1064	173
1540	779588	199	1126	112
1541	779827	439	933	157
1542	780305	578	829	508
1543	780903	179	898	445
1544	781143	120	405	471
1545	781282	219	397	467
1546	781561	199	1060	439
1547	781781	758	1040	382
1548	782638	518	916	425
1549	783196	339	784	359
1550	783694	1176	992	390
1551	785030	399	976	421
1552	785449	439	1029	364
1553	785987	1236	1012	361
1554	787243	339	930	435
1555	787742	140	1013	342
1556	787901	2053	1014	368
1557	790034	917	1014	386
1558	791151	638	1013	383
1559	791809	140	1057	359
1560	791988	1116	1026	382
1561	793304	279	856	584
1562	794141	179	876	580
1563	794380	100	535	885
1564	794560	179	575	1062
1565	794799	199	848	535
1566	795018	1396	786	496
1567	796454	459	777	849
1568	797032	140	1083	1050
1569	797211	219	1060	1003
1570	797450	120	1064	879
1571	797610	179	1245	766
1572	797829	139	1194	482
1573	798009	179	1180	234
1574	798248	100	1065	94
1575	798388	179	493	179
1576	798587	279	314	459
1577	798886	219	407	501
1578	799145	2353	782	486
1579	802116	439	834	495
1580	802574	100	828	492
1581	802694	100	859	448
1582	802853	120	852	453
1583	802993	379	776	457
1584	803392	239	765	421
1585	803651	179	715	359
1586	803870	199	565	820
1587	804089	199	608	782
1588	804328	159	369	782
1589	804548	140	991	693
1590	804707	159	1041	668
1591	804907	140	947	539
1592	805086	379	1025	377
1593	805545	279	1017	377
1594	805963	917	995	400
1595	806900	499	990	397
1596	807439	1216	999	383
1597	808675	259	985	452
1598	809053	678	988	393
1599	809911	159	915	359
1600	810150	120	939	385
1601	810569	419	828	479
1602	811007	698	814	425
1603	811745	259	914	380
1604	812124	140	1098	612
1605	812283	518	975	620
1606	812961	578	959	601
1607	813719	1615	965	606
1608	815353	179	980	579
1609	815553	498	980	588
1610	816091	160	515	641
1611	816270	100	565	657
1612	816530	299	701	982
1613	816849	478	830	944
1614	817347	299	758	911
1615	817686	997	980	587
