person,trial,beta,numFix
1,1,1.6,35
1,3,1.6,3
2,3,1.6,7
2,8,1.6,9
2,13,1.6,22
1,18,1.6,3
1,20,1.6,12
1,21,1.6,6
5,21,1.6,11
3,22,1.6,3
5,22,1.6,8
7,22,1.6,10
9,22,1.6,97
3,23,1.6,71
9,23,1.6,4
6,25,1.6,32
2,26,1.6,9
3,26,1.6,17
7,26,1.6,113
4,27,1.6,53
1,28,1.6,4
5,29,1.6,17
6,29,1.6,127
2,30,1.6,120
4,30,1.6,24
7,30,1.6,14
9,30,1.6,1
2,31,1.6,4
5,31,1.6,13
9,31,1.6,7
1,32,1.6,11
9,32,1.6,1
5,34,1.6,5
9,34,1.6,2
5,35,1.6,2
6,35,1.6,9
2,36,1.6,9
4,36,1.6,7
9,36,1.6,13
9,37,1.6,1
2,38,1.6,8
3,38,1.6,14
9,38,1.6,12
1,39,1.6,13
2,40,1.6,12
5,40,1.6,1
6,40,1.6,8
3,41,1.6,14
4,41,1.6,4
9,41,1.6,90
1,42,1.6,6
2,42,1.6,3
4,42,1.6,14
7,42,1.6,2
3,43,1.6,9
7,43,1.6,8
2,45,1.6,7
6,45,1.6,84
1,46,1.6,3
2,46,1.6,17
4,46,1.6,2
7,47,1.6,6
9,47,1.6,18
2,48,1.6,24
3,48,1.6,21
4,48,1.6,11
6,48,1.6,6
9,48,1.6,76
1,49,1.6,23
3,49,1.6,11
4,49,1.6,5
5,49,1.6,21
7,49,1.6,9
3,50,1.6,19
7,50,1.6,65
2,51,1.6,3
4,51,1.6,20
5,51,1.6,6
1,54,1.6,11
4,54,1.6,7
6,54,1.6,10
3,55,1.6,75
4,55,1.6,36
6,55,1.6,24
1,56,1.6,24
6,56,1.6,5
6,57,1.6,6
9,57,1.6,67
3,58,1.6,5
4,58,1.6,4
9,58,1.6,4
7,59,1.6,5
3,60,1.6,9
4,60,1.6,70
9,60,1.6,15
3,61,1.6,145
7,62,1.6,5
4,63,1.6,55
6,63,1.6,10
7,63,1.6,4
2,64,1.6,4
6,64,1.6,8
7,65,1.6,6
4,66,1.6,4
3,67,1.6,5
4,67,1.6,22
6,67,1.6,9
2,68,1.6,40
5,68,1.6,9
9,68,1.6,42
5,69,1.6,4
2,70,1.6,21
7,70,1.6,47
9,71,1.6,10
1,72,1.6,6
7,72,1.6,24
5,73,1.6,25
7,73,1.6,19
3,74,1.6,11
4,74,1.6,4
9,74,1.6,34
5,75,1.6,49
7,75,1.6,6
3,76,1.6,3
5,76,1.6,8
2,78,1.6,78
1,79,1.6,9
3,79,1.6,17
6,79,1.6,6
1,80,1.6,5
3,80,1.6,6
6,80,1.6,32
7,80,1.6,20
1,81,1.6,5
3,81,1.6,51
4,81,1.6,6
7,81,1.6,11
2,82,1.6,10
6,82,1.6,19
9,82,1.6,3
2,83,1.6,5
5,83,1.6,6
6,83,1.6,7
9,83,1.6,3
2,84,1.6,14
5,84,1.6,8
6,84,1.6,4
2,85,1.6,17
3,85,1.6,61
9,85,1.6,34
4,86,1.6,46
5,86,1.6,4
6,86,1.6,13
7,86,1.6,2
3,87,1.6,10
9,88,1.6,2
5,89,1.6,5
6,90,1.6,53
9,90,1.6,12
6,91,1.6,6
9,91,1.6,14
2,92,1.6,106
2,93,1.6,12
6,93,1.6,11
1,94,1.6,4
4,94,1.6,42
7,94,1.6,43
4,95,1.6,15
9,95,1.6,3
4,96,1.6,4
5,97,1.6,3
3,98,1.6,25
4,98,1.6,2
2,99,1.6,13
3,99,1.6,12
4,99,1.6,104
5,99,1.6,11
2,100,1.6,19
6,100,1.6,6
7,100,1.6,2
3,101,1.6,21
4,101,1.6,17
5,101,1.6,53
3,102,1.6,5
4,102,1.6,4
5,102,1.6,5
7,102,1.6,10
3,103,1.6,5
9,103,1.6,30
1,105,1.6,2
6,105,1.6,4
7,105,1.6,4
2,106,1.6,31
3,106,1.6,10
7,106,1.6,7
7,107,1.6,2
9,107,1.6,3
4,108,1.6,15
5,108,1.6,33
3,109,1.6,11
4,109,1.6,13
7,109,1.6,20
5,111,1.6,10
6,111,1.6,56
9,111,1.6,11
4,112,1.6,15
1,113,1.6,8
2,113,1.6,5
4,113,1.6,5
5,113,1.6,3
1,114,1.6,4
1,115,1.6,5
6,115,1.6,80
2,116,1.6,41
7,116,1.6,6
9,116,1.6,3
7,117,1.6,10
3,118,1.6,7
5,118,1.6,9
9,119,1.6,33
4,120,1.6,3
4,121,1.6,15
3,122,1.6,5
3,123,1.6,11
7,123,1.6,8
1,124,1.6,24
3,124,1.6,13
9,124,1.6,4
3,126,1.6,10
7,126,1.6,6
3,127,1.6,9
6,127,1.6,3
4,128,1.6,6
7,128,1.6,4
9,128,1.6,2
5,129,1.6,75
7,129,1.6,8
2,130,1.6,73
7,130,1.6,4
3,131,1.6,4
4,131,1.6,7
7,131,1.6,5
9,131,1.6,8
1,132,1.6,29
2,132,1.6,8
4,132,1.6,6
5,132,1.6,6
2,133,1.6,5
3,134,1.6,6
5,134,1.6,24
7,134,1.6,72
6,135,1.6,2
7,135,1.6,8
9,135,1.6,5
1,136,1.6,6
2,136,1.6,17
4,136,1.6,24
1,137,1.6,5
5,137,1.6,5
2,138,1.6,3
3,138,1.6,26
5,138,1.6,8
6,138,1.6,8
1,139,1.6,19
6,139,1.6,2
9,140,1.6,2
1,141,1.6,3
3,142,1.6,2
4,142,1.6,5
9,142,1.6,4
3,143,1.6,3
5,143,1.6,36
1,144,1.6,4
6,144,1.6,54
7,144,1.6,4
3,145,1.6,10
9,145,1.6,7
7,146,1.6,3
1,147,1.6,4
5,147,1.6,4
1,148,1.6,11
3,148,1.6,18
4,148,1.6,6
5,148,1.6,18
6,149,1.6,16
9,149,1.6,3
1,150,1.6,8
7,150,1.6,10
9,150,1.6,25
7,151,1.6,83
2,152,1.6,17
4,152,1.6,4
9,152,1.6,6
4,153,1.6,21
5,153,1.6,3
9,153,1.6,2
3,154,1.6,10
4,154,1.6,36
7,154,1.6,4
1,155,1.6,3
7,155,1.6,18
9,155,1.6,1
1,156,1.6,36
4,156,1.6,8
5,156,1.6,5
6,156,1.6,21
9,156,1.6,39
6,157,1.6,199
7,157,1.6,2
1,158,1.6,14
2,158,1.6,9
3,158,1.6,9
6,158,1.6,26
2,159,1.6,3
5,159,1.6,11
1,160,1.6,1
4,160,1.6,1
9,160,1.6,28
2,161,1.6,3
9,161,1.6,12
5,162,1.6,8
7,162,1.6,5
3,163,1.6,2
7,165,1.6,4
4,166,1.6,5
6,166,1.6,16
9,166,1.6,18
3,167,1.6,5
4,167,1.6,4
5,167,1.6,15
7,167,1.6,2
3,168,1.6,3
4,168,1.6,11
5,169,1.6,21
1,170,1.6,8
4,170,1.6,1
5,171,1.6,7
6,171,1.6,84
1,173,1.6,23
5,173,1.6,2
6,173,1.6,3
3,174,1.6,10
5,174,1.6,8
7,174,1.6,6
3,175,1.6,20
5,175,1.6,35
1,176,1.6,1
1,177,1.6,7
5,177,1.6,35
5,178,1.6,21
9,178,1.6,49
4,179,1.6,46
1,180,1.6,6
9,180,1.6,23
3,181,1.6,25
4,181,1.6,8
2,182,1.6,9
4,182,1.6,70
3,183,1.6,7
5,183,1.6,3
7,183,1.6,4
5,184,1.6,10
6,184,1.6,19
9,184,1.6,14
5,185,1.6,4
1,186,1.6,5
3,186,1.6,14
7,187,1.6,12
9,187,1.6,40
5,188,1.6,4
6,188,1.6,35
9,188,1.6,15
5,189,1.6,7
6,189,1.6,18
3,190,1.6,11
7,190,1.6,9
9,190,1.6,2
4,191,1.6,14
5,191,1.6,5
9,191,1.6,4
4,192,1.6,2
5,192,1.6,22
7,192,1.6,3
7,193,1.6,5
9,193,1.6,9
7,194,1.6,33
3,195,1.6,15
9,195,1.6,3
7,197,1.6,7
4,198,1.6,3
9,198,1.6,7
1,199,1.6,9
3,199,1.6,11
4,199,1.6,5
7,199,1.6,9
3,200,1.6,3
6,201,1.6,3
7,201,1.6,4
2,202,1.6,10
4,202,1.6,3
3,203,1.6,3
5,204,1.6,2
7,205,1.6,4
2,206,1.6,3
3,206,1.6,2
4,206,1.6,7
5,206,1.6,64
6,206,1.6,6
9,206,1.6,6
1,207,1.6,21
3,207,1.6,2
6,207,1.6,8
4,208,1.6,39
1,209,1.6,7
3,209,1.6,13
4,209,1.6,3
5,209,1.6,7
7,209,1.6,5
1,210,1.6,12
3,210,1.6,3
4,210,1.6,7
5,210,1.6,31
6,211,1.6,7
3,212,1.6,10
6,212,1.6,10
7,212,1.6,37
9,212,1.6,34
5,213,1.6,4
4,214,1.6,15
2,215,1.6,9
3,215,1.6,2
5,215,1.6,22
6,215,1.6,49
7,215,1.6,3
6,216,1.6,18
1,217,1.6,9
2,217,1.6,46
9,217,1.6,5
3,218,1.6,2
2,219,1.6,75
4,220,1.6,60
6,220,1.6,6
7,220,1.6,3
3,221,1.6,12
4,222,1.6,3
6,222,1.6,33
7,222,1.6,4
5,224,1.6,3
2,225,1.6,9
7,225,1.6,14
3,226,1.6,8
6,226,1.6,122
2,227,1.6,3
5,227,1.6,5
1,228,1.6,1
2,228,1.6,11
4,228,1.6,79
6,228,1.6,8
9,228,1.6,26
7,229,1.6,18
2,230,1.6,6
3,230,1.6,9
4,231,1.6,2
6,231,1.6,8
4,232,1.6,2
9,232,1.6,66
4,233,1.6,13
5,233,1.6,7
6,233,1.6,5
9,234,1.6,3
5,235,1.6,85
6,235,1.6,82
9,237,1.6,21
6,238,1.6,10
5,239,1.6,26
9,239,1.6,4
4,241,1.6,2
6,241,1.6,7
7,241,1.6,7
5,242,1.6,4
6,242,1.6,61
7,242,1.6,6
9,243,1.6,125
6,244,1.6,4
9,244,1.6,4
6,246,1.6,101
7,246,1.6,30
9,246,1.6,18
5,247,1.6,4
6,247,1.6,27
5,249,1.6,3
7,249,1.6,3
3,250,1.6,39
3,251,1.6,15
6,251,1.6,8
3,252,1.6,2
6,252,1.6,3
6,253,1.6,12
9,253,1.6,11
5,254,1.6,2
9,254,1.6,51
6,256,1.6,24
7,256,1.6,8
4,257,1.6,7
5,258,1.6,6
9,259,1.6,6
6,260,1.6,4
1,4,1.65,2
2,5,1.65,3
2,7,1.65,19
2,11,1.65,6
1,12,1.65,2
2,12,1.65,5
1,13,1.65,5
1,14,1.65,7
2,14,1.65,5
1,15,1.65,4
1,16,1.65,6
2,18,1.65,6
1,19,1.65,3
3,21,1.65,2
1,22,1.65,14
2,23,1.65,6
7,23,1.65,16
2,24,1.65,3
4,25,1.65,3
5,25,1.65,5
7,25,1.65,3
1,26,1.65,15
5,26,1.65,2
9,26,1.65,7
2,27,1.65,3
6,27,1.65,19
5,28,1.65,4
7,29,1.65,13
1,30,1.65,3
1,31,1.65,1
6,31,1.65,2
7,31,1.65,4
4,32,1.65,14
5,32,1.65,6
2,33,1.65,7
4,33,1.65,17
7,33,1.65,9
1,34,1.65,10
2,34,1.65,9
7,34,1.65,46
3,35,1.65,28
4,35,1.65,10
7,35,1.65,2
3,36,1.65,2
5,37,1.65,2
5,38,1.65,6
7,38,1.65,6
2,39,1.65,4
3,39,1.65,1
6,39,1.65,16
7,39,1.65,3
9,39,1.65,4
9,40,1.65,2
5,41,1.65,11
7,41,1.65,9
5,42,1.65,13
1,43,1.65,4
5,43,1.65,1
9,43,1.65,4
2,44,1.65,5
3,44,1.65,12
5,44,1.65,35
7,44,1.65,4
5,45,1.65,3
9,45,1.65,21
3,46,1.65,5
6,46,1.65,15
2,47,1.65,6
5,48,1.65,5
7,48,1.65,31
6,49,1.65,11
1,50,1.65,2
1,51,1.65,3
6,51,1.65,6
1,52,1.65,6
2,52,1.65,4
4,52,1.65,7
6,52,1.65,9
9,52,1.65,37
2,54,1.65,5
7,54,1.65,3
1,55,1.65,2
5,55,1.65,9
4,56,1.65,6
1,57,1.65,6
3,57,1.65,11
4,57,1.65,4
7,57,1.65,5
6,58,1.65,3
2,59,1.65,13
6,59,1.65,3
1,60,1.65,6
6,60,1.65,33
4,61,1.65,4
5,61,1.65,5
6,61,1.65,8
9,61,1.65,13
4,62,1.65,3
1,64,1.65,1
4,64,1.65,10
7,64,1.65,34
9,64,1.65,1
3,65,1.65,4
4,65,1.65,10
3,66,1.65,10
5,66,1.65,12
7,66,1.65,3
9,66,1.65,70
5,67,1.65,3
7,67,1.65,3
3,68,1.65,4
1,69,1.65,4
6,69,1.65,5
9,69,1.65,1
9,70,1.65,12
3,71,1.65,4
4,71,1.65,31
6,71,1.65,2
7,71,1.65,9
3,72,1.65,4
6,72,1.65,8
3,73,1.65,7
4,73,1.65,3
6,73,1.65,3
9,73,1.65,4
1,74,1.65,4
5,74,1.65,8
6,74,1.65,12
7,74,1.65,5
4,75,1.65,14
1,76,1.65,4
2,76,1.65,3
4,76,1.65,2
2,77,1.65,3
3,77,1.65,2
4,78,1.65,4
7,78,1.65,3
4,79,1.65,12
5,79,1.65,3
7,79,1.65,2
9,79,1.65,10
2,81,1.65,3
5,81,1.65,4
6,81,1.65,5
1,82,1.65,4
3,82,1.65,1
7,82,1.65,7
3,83,1.65,5
9,84,1.65,4
6,85,1.65,10
7,85,1.65,2
1,86,1.65,7
3,86,1.65,2
4,87,1.65,3
5,87,1.65,4
6,87,1.65,31
7,87,1.65,3
2,88,1.65,5
4,88,1.65,6
5,88,1.65,2
6,88,1.65,2
3,89,1.65,10
4,89,1.65,1
1,90,1.65,2
3,90,1.65,14
5,90,1.65,2
7,90,1.65,4
7,91,1.65,2
1,92,1.65,2
7,92,1.65,2
1,93,1.65,1
5,94,1.65,2
6,94,1.65,7
9,94,1.65,1
5,95,1.65,15
7,95,1.65,1
5,96,1.65,2
6,97,1.65,11
5,98,1.65,4
6,99,1.65,7
7,99,1.65,6
4,100,1.65,10
7,101,1.65,2
9,101,1.65,18
1,102,1.65,2
4,103,1.65,6
7,103,1.65,8
1,104,1.65,2
4,104,1.65,2
7,104,1.65,2
3,105,1.65,6
4,105,1.65,4
5,105,1.65,3
9,105,1.65,2
5,106,1.65,3
9,106,1.65,2
5,107,1.65,4
3,108,1.65,8
6,108,1.65,7
9,108,1.65,8
6,109,1.65,5
2,110,1.65,4
6,110,1.65,3
7,110,1.65,3
9,110,1.65,1
3,111,1.65,4
4,111,1.65,3
7,111,1.65,2
2,112,1.65,2
3,112,1.65,4
6,112,1.65,12
6,113,1.65,1
7,113,1.65,3
6,114,1.65,22
7,114,1.65,3
2,115,1.65,8
3,115,1.65,10
5,115,1.65,3
7,115,1.65,12
2,117,1.65,5
3,117,1.65,18
2,118,1.65,3
7,118,1.65,3
1,119,1.65,3
2,119,1.65,8
3,119,1.65,7
5,119,1.65,10
6,119,1.65,2
7,119,1.65,9
1,120,1.65,7
2,120,1.65,5
7,120,1.65,3
7,121,1.65,9
9,121,1.65,5
6,122,1.65,2
7,122,1.65,2
2,124,1.65,9
6,124,1.65,12
1,125,1.65,2
2,125,1.65,22
4,125,1.65,10
6,126,1.65,6
1,127,1.65,17
7,127,1.65,6
3,128,1.65,4
5,128,1.65,9
1,129,1.65,6
3,129,1.65,13
4,129,1.65,17
3,130,1.65,5
4,130,1.65,2
5,130,1.65,3
6,130,1.65,2
9,130,1.65,7
2,131,1.65,6
7,132,1.65,2
9,132,1.65,9
5,133,1.65,9
1,134,1.65,7
2,134,1.65,9
4,134,1.65,1
6,134,1.65,2
9,134,1.65,3
1,135,1.65,1
4,135,1.65,2
5,135,1.65,3
6,136,1.65,3
7,136,1.65,38
3,137,1.65,6
4,137,1.65,5
9,137,1.65,1
9,138,1.65,9
3,139,1.65,3
7,139,1.65,2
9,139,1.65,19
3,141,1.65,7
4,141,1.65,3
5,141,1.65,2
7,142,1.65,2
2,144,1.65,5
3,144,1.65,6
5,144,1.65,2
4,145,1.65,5
6,145,1.65,6
3,146,1.65,11
4,146,1.65,3
6,146,1.65,2
9,146,1.65,3
2,147,1.65,2
3,147,1.65,7
4,147,1.65,3
6,147,1.65,4
9,147,1.65,2
2,148,1.65,38
6,148,1.65,8
9,148,1.65,7
4,149,1.65,11
5,149,1.65,5
3,150,1.65,2
4,150,1.65,2
5,150,1.65,8
4,151,1.65,4
6,151,1.65,6
9,151,1.65,1
3,152,1.65,5
5,152,1.65,1
7,153,1.65,2
2,154,1.65,2
5,154,1.65,3
5,155,1.65,7
7,156,1.65,2
7,158,1.65,6
9,158,1.65,2
1,159,1.65,3
4,159,1.65,8
6,159,1.65,3
9,159,1.65,3
3,160,1.65,1
1,161,1.65,10
4,161,1.65,3
5,161,1.65,1
1,163,1.65,7
4,163,1.65,3
6,163,1.65,4
4,164,1.65,3
6,164,1.65,4
9,164,1.65,1
2,165,1.65,9
3,165,1.65,2
9,165,1.65,2
2,166,1.65,2
5,166,1.65,3
2,167,1.65,3
9,167,1.65,2
6,168,1.65,7
4,169,1.65,4
3,170,1.65,9
5,170,1.65,8
6,170,1.65,2
9,170,1.65,6
1,171,1.65,3
2,171,1.65,6
3,171,1.65,11
9,171,1.65,2
1,172,1.65,3
6,172,1.65,81
4,174,1.65,3
1,175,1.65,11
2,175,1.65,3
4,175,1.65,12
9,175,1.65,8
2,176,1.65,14
6,177,1.65,17
2,178,1.65,2
3,178,1.65,5
6,178,1.65,2
2,179,1.65,5
5,179,1.65,7
7,179,1.65,3
9,179,1.65,3
5,180,1.65,6
6,180,1.65,4
1,181,1.65,4
5,181,1.65,3
9,181,1.65,1
3,182,1.65,9
9,182,1.65,3
2,183,1.65,7
6,183,1.65,4
9,183,1.65,2
7,184,1.65,4
1,185,1.65,3
3,185,1.65,1
2,186,1.65,4
4,186,1.65,6
4,187,1.65,17
5,187,1.65,3
6,187,1.65,3
1,188,1.65,1
3,188,1.65,4
2,189,1.65,5
9,189,1.65,3
1,190,1.65,3
5,190,1.65,4
6,190,1.65,8
1,191,1.65,3
3,191,1.65,9
3,192,1.65,7
2,193,1.65,7
6,193,1.65,6
2,194,1.65,5
3,194,1.65,2
1,196,1.65,12
2,196,1.65,6
3,196,1.65,4
4,196,1.65,3
5,196,1.65,2
9,196,1.65,8
4,197,1.65,3
9,197,1.65,2
5,198,1.65,3
6,198,1.65,5
5,199,1.65,13
6,200,1.65,2
1,201,1.65,4
3,201,1.65,4
3,202,1.65,6
5,202,1.65,3
6,202,1.65,2
7,202,1.65,4
2,203,1.65,7
5,203,1.65,2
1,204,1.65,3
6,204,1.65,2
7,204,1.65,14
9,204,1.65,11
3,205,1.65,3
4,205,1.65,3
5,205,1.65,2
7,206,1.65,5
2,207,1.65,3
4,207,1.65,4
5,207,1.65,1
9,207,1.65,4
2,208,1.65,6
3,208,1.65,18
5,208,1.65,4
6,208,1.65,1
7,208,1.65,3
9,208,1.65,4
2,209,1.65,17
6,209,1.65,6
9,209,1.65,8
2,210,1.65,3
7,210,1.65,3
9,210,1.65,24
1,211,1.65,3
2,211,1.65,2
1,212,1.65,2
1,213,1.65,2
2,213,1.65,3
7,213,1.65,8
1,215,1.65,8
9,215,1.65,3
3,216,1.65,3
5,216,1.65,4
1,218,1.65,3
4,218,1.65,2
6,218,1.65,10
9,218,1.65,5
1,219,1.65,5
3,219,1.65,5
7,219,1.65,3
3,220,1.65,2
2,221,1.65,7
1,222,1.65,4
3,222,1.65,4
9,222,1.65,3
4,223,1.65,1
1,224,1.65,4
2,224,1.65,3
6,224,1.65,2
3,225,1.65,4
4,225,1.65,2
5,225,1.65,3
6,225,1.65,4
9,225,1.65,12
4,226,1.65,2
7,226,1.65,5
9,226,1.65,5
2,229,1.65,5
5,229,1.65,4
6,229,1.65,8
9,229,1.65,4
1,230,1.65,2
4,230,1.65,1
5,230,1.65,5
6,230,1.65,1
7,230,1.65,2
9,230,1.65,7
9,231,1.65,1
5,232,1.65,14
7,232,1.65,3
9,233,1.65,6
3,234,1.65,7
4,234,1.65,12
5,234,1.65,5
7,235,1.65,5
3,236,1.65,3
4,236,1.65,18
7,236,1.65,2
9,236,1.65,3
4,237,1.65,3
3,238,1.65,8
5,238,1.65,3
9,238,1.65,2
4,239,1.65,5
7,239,1.65,4
4,240,1.65,5
6,240,1.65,3
9,240,1.65,3
4,242,1.65,2
3,243,1.65,3
4,243,1.65,2
5,243,1.65,2
7,243,1.65,6
3,244,1.65,2
4,244,1.65,2
7,244,1.65,3
3,245,1.65,1
6,245,1.65,11
7,245,1.65,9
9,245,1.65,16
4,246,1.65,2
5,246,1.65,1
3,247,1.65,2
9,247,1.65,3
3,248,1.65,2
5,248,1.65,4
6,249,1.65,5
9,249,1.65,3
4,250,1.65,8
5,250,1.65,3
9,250,1.65,1
4,251,1.65,6
7,251,1.65,3
9,252,1.65,2
4,253,1.65,4
5,253,1.65,10
3,255,1.65,2
7,255,1.65,1
9,255,1.65,1
3,256,1.65,4
3,257,1.65,6
6,257,1.65,2
9,257,1.65,1
6,258,1.65,4
3,259,1.65,1
4,259,1.65,3
4,260,1.65,3
2,1,1.7,2
1,2,1.7,2
2,2,1.7,3
1,7,1.7,1
1,8,1.7,4
1,9,1.7,2
2,9,1.7,3
1,10,1.7,4
2,10,1.7,5
2,16,1.7,2
1,17,1.7,1
2,17,1.7,9
2,21,1.7,4
6,21,1.7,6
7,21,1.7,1
2,22,1.7,3
4,22,1.7,2
5,23,1.7,2
6,23,1.7,6
3,24,1.7,6
6,24,1.7,7
7,24,1.7,4
2,25,1.7,1
3,25,1.7,4
9,25,1.7,2
1,27,1.7,2
5,27,1.7,4
9,27,1.7,5
3,28,1.7,9
4,28,1.7,6
6,28,1.7,2
9,28,1.7,1
1,29,1.7,3
4,29,1.7,3
9,29,1.7,3
3,31,1.7,13
4,31,1.7,2
6,32,1.7,6
5,33,1.7,3
6,33,1.7,3
9,33,1.7,2
4,34,1.7,7
6,34,1.7,1
1,35,1.7,3
2,35,1.7,3
9,35,1.7,4
1,36,1.7,1
5,36,1.7,2
6,36,1.7,3
7,36,1.7,1
1,37,1.7,2
3,37,1.7,8
4,37,1.7,3
6,37,1.7,3
7,37,1.7,2
1,38,1.7,1
4,38,1.7,3
5,39,1.7,5
1,40,1.7,2
3,40,1.7,2
4,40,1.7,1
6,41,1.7,3
3,42,1.7,3
6,42,1.7,3
9,42,1.7,2
4,43,1.7,5
6,43,1.7,8
1,44,1.7,7
4,44,1.7,7
9,44,1.7,2
3,45,1.7,9
4,45,1.7,2
7,45,1.7,1
7,46,1.7,2
1,47,1.7,2
4,47,1.7,4
6,47,1.7,2
1,48,1.7,2
9,49,1.7,1
2,50,1.7,4
4,50,1.7,3
6,50,1.7,2
9,50,1.7,2
3,51,1.7,4
9,51,1.7,3
5,52,1.7,4
3,53,1.7,3
7,53,1.7,2
9,53,1.7,4
3,54,1.7,3
5,54,1.7,4
9,54,1.7,3
2,55,1.7,2
7,55,1.7,2
5,56,1.7,3
7,56,1.7,3
9,56,1.7,2
2,57,1.7,2
5,57,1.7,2
5,58,1.7,3
1,59,1.7,2
3,59,1.7,4
4,59,1.7,3
5,59,1.7,4
5,60,1.7,3
7,60,1.7,4
1,61,1.7,2
5,62,1.7,3
1,63,1.7,2
2,63,1.7,4
5,63,1.7,2
9,63,1.7,2
3,64,1.7,3
5,64,1.7,3
1,65,1.7,3
2,65,1.7,3
5,65,1.7,8
6,65,1.7,4
9,65,1.7,2
2,66,1.7,3
6,66,1.7,4
1,67,1.7,3
4,68,1.7,2
6,68,1.7,4
7,68,1.7,4
3,69,1.7,5
4,69,1.7,4
3,70,1.7,3
4,70,1.7,3
6,70,1.7,2
1,71,1.7,1
4,72,1.7,2
1,73,1.7,3
2,73,1.7,2
2,74,1.7,3
2,75,1.7,3
3,75,1.7,2
6,75,1.7,3
9,75,1.7,3
7,76,1.7,2
9,76,1.7,2
4,77,1.7,2
5,77,1.7,2
6,77,1.7,3
7,77,1.7,11
9,77,1.7,3
3,78,1.7,2
5,78,1.7,2
6,78,1.7,2
9,78,1.7,2
2,80,1.7,4
4,80,1.7,6
5,80,1.7,2
9,80,1.7,2
9,81,1.7,6
5,82,1.7,3
1,83,1.7,7
7,83,1.7,3
1,84,1.7,9
4,84,1.7,4
7,84,1.7,3
4,85,1.7,1
2,86,1.7,4
1,87,1.7,1
9,87,1.7,1
3,88,1.7,4
7,88,1.7,3
1,89,1.7,2
6,89,1.7,5
7,89,1.7,4
9,89,1.7,4
2,90,1.7,3
4,90,1.7,2
3,92,1.7,2
4,92,1.7,4
6,92,1.7,8
3,93,1.7,2
9,93,1.7,1
2,94,1.7,7
3,94,1.7,3
2,95,1.7,10
3,95,1.7,4
6,95,1.7,3
1,96,1.7,2
3,96,1.7,4
7,96,1.7,3
9,96,1.7,4
2,97,1.7,4
3,97,1.7,3
1,98,1.7,2
6,98,1.7,2
7,98,1.7,3
1,99,1.7,2
3,100,1.7,5
9,100,1.7,2
6,101,1.7,3
2,102,1.7,2
6,102,1.7,2
9,102,1.7,1
5,103,1.7,4
6,103,1.7,1
2,104,1.7,4
3,104,1.7,2
5,104,1.7,3
6,104,1.7,5
9,104,1.7,1
4,106,1.7,2
6,106,1.7,5
2,107,1.7,4
3,107,1.7,2
1,108,1.7,1
2,108,1.7,3
7,108,1.7,2
2,109,1.7,9
9,109,1.7,2
3,110,1.7,2
4,110,1.7,2
5,110,1.7,3
2,111,1.7,3
7,112,1.7,4
9,112,1.7,3
3,113,1.7,5
9,113,1.7,1
3,114,1.7,3
4,114,1.7,4
5,114,1.7,2
9,114,1.7,2
4,115,1.7,1
9,115,1.7,2
1,116,1.7,3
5,116,1.7,4
6,116,1.7,5
4,117,1.7,2
5,117,1.7,3
6,117,1.7,6
1,118,1.7,2
4,118,1.7,12
6,118,1.7,1
9,118,1.7,2
5,120,1.7,3
6,120,1.7,1
9,120,1.7,4
3,121,1.7,8
5,121,1.7,2
1,122,1.7,1
2,122,1.7,2
4,122,1.7,2
5,122,1.7,3
9,122,1.7,3
1,123,1.7,3
5,123,1.7,4
6,123,1.7,2
9,123,1.7,2
4,124,1.7,1
5,124,1.7,4
5,125,1.7,3
6,125,1.7,3
5,126,1.7,3
2,127,1.7,3
4,127,1.7,7
1,128,1.7,3
2,128,1.7,3
6,128,1.7,3
2,129,1.7,2
1,131,1.7,4
6,131,1.7,2
3,132,1.7,5
6,132,1.7,2
1,133,1.7,3
3,133,1.7,4
6,133,1.7,4
7,133,1.7,6
3,135,1.7,3
3,136,1.7,2
5,136,1.7,2
9,136,1.7,2
7,137,1.7,5
4,138,1.7,7
7,138,1.7,2
4,139,1.7,12
5,139,1.7,3
1,140,1.7,2
4,140,1.7,1
5,140,1.7,3
2,141,1.7,7
9,141,1.7,2
2,142,1.7,4
5,142,1.7,5
6,142,1.7,2
1,143,1.7,2
4,143,1.7,3
7,143,1.7,1
9,144,1.7,2
2,145,1.7,4
5,145,1.7,9
1,146,1.7,3
5,146,1.7,2
7,147,1.7,8
7,148,1.7,3
1,149,1.7,2
3,149,1.7,3
7,149,1.7,3
2,150,1.7,2
6,150,1.7,2
1,151,1.7,2
2,151,1.7,2
3,151,1.7,3
7,152,1.7,4
3,153,1.7,1
1,154,1.7,4
2,155,1.7,5
3,155,1.7,2
4,155,1.7,3
3,156,1.7,2
1,157,1.7,2
3,157,1.7,2
5,157,1.7,3
4,158,1.7,2
5,158,1.7,2
7,159,1.7,3
2,160,1.7,3
5,160,1.7,4
6,160,1.7,3
7,160,1.7,3
3,161,1.7,1
6,161,1.7,2
2,162,1.7,2
4,162,1.7,3
9,162,1.7,2
2,163,1.7,5
5,163,1.7,1
7,163,1.7,1
9,163,1.7,4
1,164,1.7,2
2,164,1.7,5
3,164,1.7,3
5,164,1.7,3
5,165,1.7,2
3,166,1.7,3
1,167,1.7,1
6,167,1.7,15
1,168,1.7,2
2,168,1.7,3
5,168,1.7,1
9,168,1.7,2
2,169,1.7,3
3,169,1.7,4
6,169,1.7,2
7,169,1.7,2
9,169,1.7,2
7,170,1.7,3
4,171,1.7,1
7,171,1.7,3
2,172,1.7,4
4,172,1.7,3
5,172,1.7,3
9,172,1.7,2
4,173,1.7,3
7,173,1.7,3
9,173,1.7,3
6,174,1.7,2
6,175,1.7,4
7,175,1.7,5
3,176,1.7,3
5,176,1.7,5
6,176,1.7,4
9,176,1.7,2
2,177,1.7,3
3,177,1.7,22
4,177,1.7,3
7,177,1.7,4
9,177,1.7,1
7,178,1.7,2
3,179,1.7,1
3,180,1.7,3
4,180,1.7,3
7,180,1.7,1
6,181,1.7,3
5,182,1.7,2
6,182,1.7,3
7,182,1.7,3
4,183,1.7,7
2,184,1.7,5
3,184,1.7,2
2,185,1.7,4
4,185,1.7,3
6,185,1.7,3
7,185,1.7,2
9,185,1.7,3
6,186,1.7,4
7,186,1.7,2
2,187,1.7,3
3,187,1.7,4
2,188,1.7,4
4,188,1.7,1
3,189,1.7,8
7,189,1.7,3
4,190,1.7,5
1,192,1.7,2
6,192,1.7,2
9,192,1.7,2
3,193,1.7,2
1,194,1.7,3
4,194,1.7,1
6,194,1.7,1
9,194,1.7,2
1,195,1.7,1
4,195,1.7,3
5,195,1.7,2
7,195,1.7,4
6,196,1.7,2
7,196,1.7,3
1,197,1.7,2
2,197,1.7,2
5,197,1.7,1
6,197,1.7,4
1,198,1.7,3
3,198,1.7,7
7,198,1.7,4
6,199,1.7,4
9,199,1.7,3
5,200,1.7,2
7,200,1.7,3
9,200,1.7,2
2,201,1.7,3
4,201,1.7,2
5,201,1.7,3
9,201,1.7,2
1,202,1.7,3
9,202,1.7,3
4,203,1.7,2
6,203,1.7,2
7,203,1.7,2
9,203,1.7,2
2,204,1.7,3
4,204,1.7,4
1,205,1.7,2
6,205,1.7,2
7,207,1.7,3
6,210,1.7,15
4,211,1.7,2
5,211,1.7,4
9,211,1.7,3
3,213,1.7,3
4,213,1.7,2
9,213,1.7,5
1,214,1.7,2
2,214,1.7,3
3,214,1.7,2
7,214,1.7,3
9,214,1.7,1
1,216,1.7,1
4,216,1.7,2
7,216,1.7,3
6,217,1.7,2
7,217,1.7,3
2,218,1.7,3
5,218,1.7,4
7,218,1.7,4
4,219,1.7,3
6,219,1.7,5
9,219,1.7,3
1,220,1.7,2
2,220,1.7,5
5,220,1.7,8
9,220,1.7,2
4,221,1.7,9
5,221,1.7,3
6,221,1.7,3
7,221,1.7,6
9,221,1.7,6
2,222,1.7,2
5,222,1.7,3
1,223,1.7,2
3,223,1.7,2
5,223,1.7,2
6,223,1.7,1
7,223,1.7,6
3,224,1.7,6
4,224,1.7,4
9,224,1.7,2
1,225,1.7,6
5,226,1.7,3
4,227,1.7,2
6,227,1.7,2
7,227,1.7,2
9,227,1.7,2
3,228,1.7,3
5,228,1.7,3
3,229,1.7,3
4,229,1.7,3
3,231,1.7,4
5,231,1.7,2
7,233,1.7,3
6,234,1.7,9
7,234,1.7,3
3,235,1.7,4
4,235,1.7,2
9,235,1.7,2
5,236,1.7,4
6,236,1.7,3
5,237,1.7,4
4,238,1.7,2
7,238,1.7,1
3,240,1.7,13
5,240,1.7,2
7,240,1.7,3
3,241,1.7,1
5,241,1.7,4
9,241,1.7,2
3,242,1.7,2
9,242,1.7,2
3,246,1.7,5
4,247,1.7,4
7,247,1.7,4
4,248,1.7,2
7,248,1.7,2
9,248,1.7,1
3,249,1.7,2
4,249,1.7,11
6,250,1.7,16
9,251,1.7,2
5,252,1.7,2
7,252,1.7,3
3,253,1.7,9
7,253,1.7,4
4,254,1.7,1
7,254,1.7,3
4,255,1.7,3
5,255,1.7,3
6,255,1.7,1
5,257,1.7,1
7,257,1.7,3
3,258,1.7,2
4,258,1.7,3
7,258,1.7,3
7,259,1.7,5
3,260,1.7,3
5,260,1.7,1
7,260,1.7,3
