participantNumber,trialNum,TargetPresent,beta,seed,x,y,RT
1,  1,1,1.60, 50,451,956,13.433
1,  2,1,1.70, 45,842,661, 1.188
1,  3,1,1.60, 18,312,195, 1.153
1,  4,1,1.65, 92,160,196, 0.938
1,  5,0,1.60, 19,NaN,NaN,-1.000
1,  6,0,1.60, 53,NaN,NaN,-1.000
1,  7,1,1.70,125,721,497, 0.739
1,  8,1,1.70,130,269,612, 1.113
1,  9,1,1.70,167,293,404, 0.840
1, 10,1,1.70,123,796,502, 0.861
1, 11,0,1.70,175,NaN,NaN,-1.000
1, 12,1,1.65, 68,735,710, 0.729
1, 13,1,1.65, 67,377,647, 1.740
1, 14,1,1.65,106,672,402, 1.684
1, 15,1,1.65, 69, 87,466, 1.374
1, 16,1,1.65, 80,865,179, 1.991
1, 17,1,1.70, 49,745,317, 1.074
1, 18,1,1.60, 40,444,232, 1.422
1, 19,1,1.65, 79,657,196, 1.092
1, 20,1,1.60,  1,622,498, 3.966
1, 21,1,1.60, 46,426,313, 1.796
1, 22,1,1.65, 84,470,891, 3.683
1, 23,0,1.70,176,NaN,NaN,-1.000
1, 24,0,1.65, 37,NaN,NaN,-1.000
1, 25,0,1.60, 18,NaN,NaN,-1.000
1, 26,1,1.65, 62,860,644, 4.566
1, 27,1,1.70,159,193,503, 0.755
1, 28,1,1.60, 25,842,661, 1.427
1, 29,1,1.70,170,742,289, 0.816
1, 30,1,1.65, 95,710,666, 0.948
1, 31,1,1.65, 61,700,218, 0.837
1, 32,1,1.60, 23,875,608, 2.986
1, 33,0,1.60, 17,NaN,NaN,-1.000
1, 34,1,1.65, 98,430,772, 2.781
1, 35,1,1.70,152,719, 95, 0.937
1, 36,1,1.70,153,436,385, 0.621
1, 37,1,1.70, 48,350,547, 0.625
1, 38,1,1.70,160,420,475, 0.525
1, 39,1,1.60, 13,867,538, 3.812
1, 40,1,1.70,156,891,788, 0.892
1, 41,0,1.65,120,NaN,NaN, 1.595
1, 42,1,1.60, 47,220,659, 2.168
1, 43,1,1.65, 28,312,195, 1.449
1, 44,1,1.70,131,769,758, 2.076
1, 45,0,1.70, 59,NaN,NaN,-1.000
1, 46,1,1.60, 14,208,689, 1.450
1, 47,1,1.70,124,191,718, 0.805
1, 48,1,1.70,166,316,422, 0.587
1, 49,1,1.60,  4,631,811, 6.869
1, 50,1,1.65,109,671,858, 0.973
1, 51,1,1.65, 70,453,362, 1.065
1, 52,1,1.65, 85,957,271, 1.737
1, 53,0,1.70,174,NaN,NaN,-1.000
1, 54,1,1.60, 21,155,715, 3.006
1, 55,1,1.65, 24,208,689, 0.699
1, 56,1,1.60, 12,456,955, 6.449
1, 57,1,1.65, 75,280,261, 1.427
1, 58,0,1.70, 51,NaN,NaN,-1.000
1, 59,1,1.70,161,626, 73, 0.729
1, 60,1,1.65,100,865,377, 1.923
1, 61,1,1.70,121,609,580, 0.695
1, 62,0,1.60, 57,NaN,NaN,-1.000
1, 63,1,1.70,149,337,490, 0.672
1, 64,1,1.65,108,407,424, 0.659
1, 65,1,1.70, 43,875,608, 0.672
1, 66,0,1.65,111,NaN,NaN,-1.000
1, 67,1,1.70,122,734,524, 0.635
1, 68,0,1.60, 59,NaN,NaN,-1.000
1, 69,1,1.65, 76,887,238, 1.389
1, 70,0,1.70,172,NaN,NaN,-1.000
1, 71,1,1.70,151,832,625, 0.611
1, 72,1,1.60, 32,712,637, 1.704
1, 73,1,1.70,145,550, 61, 0.744
1, 74,1,1.65, 83,403,606, 1.105
1, 75,0,1.60, 20,NaN,NaN,-1.000
1, 76,1,1.65, 77,825,931, 1.205
1, 77,0,1.60, 12,NaN,NaN,-1.000
1, 78,0,1.65, 40,NaN,NaN,-1.000
1, 79,1,1.60, 31,380,720, 2.145
1, 80,1,1.60, 28,350,547, 1.548
1, 81,1,1.60, 29,745,317, 1.209
1, 82,1,1.65, 64,622,646, 1.362
1, 83,1,1.70,141,920,773, 1.757
1, 84,1,1.70,127,375,144, 2.659
1, 85,0,1.70,178,NaN,NaN,-1.000
1, 86,1,1.65, 91,355,171, 2.208
1, 87,1,1.70,168,516,740, 0.689
1, 88,0,1.65, 39,NaN,NaN,-1.000
1, 89,1,1.70, 46,838,677, 0.715
1, 90,1,1.65,107,643,716, 0.590
1, 91,0,1.70, 57,NaN,NaN,-1.000
1, 92,1,1.65,101,636,749, 0.637
1, 93,1,1.65, 27,727,440, 0.621
1, 94,1,1.60, 15,698,389, 1.200
1, 95,0,1.65, 31,NaN,NaN,-1.000
1, 96,1,1.70, 44,509,922, 0.766
1, 97,0,1.70,173,NaN,NaN,-1.000
1, 98,1,1.70,126,118,681, 0.716
1, 99,1,1.70, 42,388,881, 0.609
1,100,0,1.65, 38,NaN,NaN,-1.000
1,101,0,1.65, 36,NaN,NaN,-1.000
1,102,1,1.65, 30,311,555, 0.730
1,103,0,1.65,117,NaN,NaN,-1.000
1,104,1,1.65, 22,456,955, 0.737
1,105,1,1.60, 39,528,342, 0.719
1,106,0,1.65, 35,NaN,NaN,-1.000
1,107,0,1.70,179,NaN,NaN,-1.000
1,108,1,1.70,147,419,486, 0.546
1,109,0,1.65,115,NaN,NaN,-1.000
1,110,0,1.70, 55,NaN,NaN,-1.000
1,111,0,1.60, 11,NaN,NaN,15.879
1,112,0,1.70, 60,NaN,NaN,-1.000
1,113,1,1.60, 44,803,698, 2.364
1,114,1,1.60, 41,594,779, 1.362
1,115,1,1.60, 24,509,922, 1.545
1,116,1,1.70,169,314,115, 0.985
1,117,0,1.65, 32,NaN,NaN,-1.000
1,118,1,1.70, 47,351,297, 0.840
1,119,1,1.65,104,241,562, 1.070
1,120,1,1.65, 66,700, 96, 1.891
1,121,0,1.70, 58,NaN,NaN,-1.000
1,122,1,1.70,132,443,650, 0.550
1,123,1,1.70,133,823, 86, 0.884
1,124,1,1.60, 34,278,259, 7.443
1,125,1,1.65, 71,158,692, 0.873
1,126,0,1.60, 56,NaN,NaN,-1.000
1,127,1,1.65,103,583,647, 5.428
1,128,1,1.70,164,252,602, 0.719
1,129,1,1.65, 25,698,389, 1.367
1,130,0,1.65, 34,NaN,NaN,-1.000
1,131,1,1.70,138,879,344, 1.114
1,132,1,1.60, 42,543,656, 7.943
1,133,1,1.70,135,895,526, 0.695
1,134,1,1.65, 86,165,894, 2.064
1,135,1,1.65, 90,753,704, 0.913
1,136,1,1.60,  6,181,416, 1.727
1,137,1,1.60, 19,199,699, 1.139
1,138,0,1.60, 55,NaN,NaN,-1.000
1,139,1,1.60, 11,279,204, 5.489
1,140,1,1.70,128,581,843, 0.610
1,141,1,1.60, 43,215,389, 0.648
1,142,1,1.60, 48,745,422,-1.000
1,143,1,1.70,134,617,260, 0.650
1,144,1,1.60, 36,916,204, 1.030
1,145,0,1.70, 53,NaN,NaN,-1.000
1,146,1,1.70,146, 92,278, 0.758
1,147,1,1.60, 10,204,619, 1.330
1,148,1,1.60,  9,143,208, 2.640
1,149,1,1.70, 41,155,715, 0.693
1,150,1,1.60,  7,958,939, 2.195
1,151,1,1.70,143,687,206, 0.563
1,152,0,1.60, 16,NaN,NaN,-1.000
1,153,0,1.60, 13,NaN,NaN,-1.000
1,154,1,1.70,154,171,854, 2.746
1,155,1,1.60, 37,306,678, 1.220
1,156,1,1.60,  8,421,916,10.574
1,157,1,1.70,140,632,117, 0.719
1,158,1,1.60, 38,292,481, 4.217
1,159,1,1.65, 89,441,912, 0.994
1,160,1,1.60, 33,536,902, 0.849
1,161,1,1.65, 78,238,246, 3.440
1,162,0,1.65,112,NaN,NaN,-1.000
1,163,1,1.65, 21,279,204, 4.117
1,164,1,1.70,162,322,623, 0.719
1,165,0,1.65, 33,NaN,NaN,-1.000
1,166,1,1.60,  2,913,781, 0.221
1,167,1,1.70,157,455,636, 0.680
1,168,1,1.70,142,811,835, 0.728
1,169,0,1.60, 60,NaN,NaN,-1.000
1,170,1,1.60,  5,944,756, 2.246
1,171,1,1.65, 65,380,589, 0.933
1,172,1,1.65, 63,137,213, 0.933
1,173,1,1.60, 35,897,756, 6.119
1,174,0,1.60, 15,NaN,NaN,-1.000
1,175,1,1.65, 72,716,745, 2.752
1,176,1,1.60, 17,727,440, 0.730
1,177,1,1.60, 27,351,297, 2.049
1,178,0,1.65,113,NaN,NaN, 0.673
1,179,0,1.65,118,NaN,NaN,-1.000
1,180,1,1.60, 16,852,515, 1.496
1,181,1,1.65, 29,199,699, 1.031
1,182,0,1.60, 51,NaN,NaN,-1.000
1,183,0,1.60, 54,NaN,NaN,-1.000
1,184,0,1.60, 58,NaN,NaN,-1.000
1,185,1,1.65, 74,734,915, 1.063
1,186,1,1.60, 26,838,677, 1.255
1,187,0,1.65,119,NaN,NaN,-1.000
1,188,1,1.65, 81,451,349, 0.551
1,189,0,1.70,177,NaN,NaN, 0.431
1,190,1,1.65, 94,503,836, 0.923
1,191,1,1.65, 73,124,462, 0.720
1,192,1,1.70,136,751,433, 0.587
1,193,0,1.70, 52,NaN,NaN,-1.000
1,194,1,1.70,148,931,611, 0.813
1,195,1,1.70, 50,859,582, 0.734
1,196,1,1.65, 97,641,751, 3.329
1,197,1,1.70,137,567,299, 0.531
1,198,1,1.70,144,280,642, 0.536
1,199,1,1.60, 20,311,555, 2.264
1,200,0,1.70,171,NaN,NaN,-1.000
1,201,1,1.65, 26,852,515, 1.103
1,202,1,1.70,155,859,463, 0.875
1,203,0,1.70, 54,NaN,NaN,-1.000
1,204,1,1.65,110,381,436, 0.744
1,205,1,1.70,139,366,511, 0.539
1,206,0,1.65,116,NaN,NaN,-1.000
1,207,1,1.60, 30,859,582, 6.303
1,208,0,1.70,180,NaN,NaN,-1.000
1,209,1,1.60,  3,842,456, 2.256
1,210,1,1.60, 22,388,881, 3.565
1,211,1,1.65, 96,410,204, 0.953
1,212,1,1.65, 87,244,662, 0.575
1,213,1,1.65, 23,867,538, 0.618
1,214,1,1.70,165,350,412, 0.544
1,215,1,1.65, 93,433,877, 2.201
1,216,1,1.70,129,369,562, 0.492
1,217,1,1.60, 45,814, 61, 2.655
1,218,1,1.65, 99,813,943, 0.936
1,219,1,1.65, 88,141,839, 1.332
1,220,1,1.70,163,180,636, 0.828
1,221,0,1.60, 14,NaN,NaN,-1.000
1,222,1,1.65, 82,322,374, 1.848
1,223,1,1.70,158,254,362, 0.676
1,224,1,1.65,102,199,927, 0.806
1,225,1,1.70,150,612,166, 0.924
1,226,0,1.60, 52,NaN,NaN,-1.000
1,227,0,1.65,114,NaN,NaN,-1.000
1,228,1,1.60, 49,763,275, 0.417
1,229,0,1.70, 56,NaN,NaN,-1.000
1,230,1,1.65,105,954,344, 0.825
2,  1,1,1.70,155,859,463, 0.758
2,  2,1,1.70,133,823, 86, 0.721
2,  3,1,1.60,  6,181,416, 1.899
2,  4,0,1.70, 56,NaN,NaN,-1.000
2,  5,1,1.65, 95,710,666, 0.746
2,  6,0,1.65, 34,NaN,NaN,-1.000
2,  7,1,1.65, 84,470,891, 5.718
2,  8,1,1.60, 15,698,389, 2.113
2,  9,1,1.70,158,254,362, 0.638
2, 10,1,1.70,148,931,611, 1.230
2, 11,1,1.65,104,241,562, 1.540
2, 12,1,1.65, 62,860,644, 2.063
2, 13,1,1.60, 20,311,555, 5.891
2, 14,1,1.65, 77,825,931, 1.103
2, 15,0,1.60, 55,NaN,NaN,-1.000
2, 16,1,1.70,125,721,497, 0.577
2, 17,1,1.70,130,269,612, 2.029
2, 18,1,1.65, 80,865,179, 1.594
2, 19,0,1.60, 19,NaN,NaN,-1.000
2, 20,0,1.65, 31,NaN,NaN,-1.000
2, 21,1,1.70,147,419,486, 0.637
2, 22,1,1.70, 41,155,715, 0.743
2, 23,1,1.65, 23,867,538, 1.201
2, 24,1,1.65, 30,311,555, 0.987
2, 25,1,1.70,139,366,511, 0.459
2, 26,1,1.60, 14,208,689, 2.541
2, 27,1,1.65,110,381,436, 0.923
2, 28,0,1.70,180,NaN,NaN,-1.000
2, 29,0,1.65,116,NaN,NaN,-1.000
2, 30,1,1.60, 35,897,756,48.571
2, 31,1,1.60, 41,594,779, 0.876
2, 32,0,1.60, 20,NaN,NaN, 2.157
2, 33,1,1.65, 67,377,647, 2.484
2, 34,1,1.65, 85,957,271, 1.844
2, 35,1,1.70,153,436,385, 0.624
2, 36,1,1.60, 26,838,677, 2.967
2, 37,0,1.70, 59,NaN,NaN,-1.000
2, 38,1,1.60, 10,204,619, 1.848
2, 39,1,1.65, 27,727,440, 0.926
2, 40,1,1.60,  4,631,811, 2.795
2, 41,0,1.60, 51,NaN,NaN,-1.000
2, 42,1,1.60, 42,543,656, 0.708
2, 43,0,1.70, 60,NaN,NaN,-1.000
2, 44,1,1.65, 25,698,389, 0.819
2, 45,1,1.60, 48,745,422, 1.827
2, 46,1,1.60, 30,859,582, 4.462
2, 47,1,1.65, 22,456,955, 1.753
2, 48,1,1.60, 47,220,659, 7.153
2, 49,0,1.65,115,NaN,NaN,-1.000
2, 50,1,1.70,170,742,289, 0.840
2, 51,1,1.60, 36,916,204, 0.754
2, 52,1,1.65, 71,158,692, 1.019
2, 53,0,1.65, 39,NaN,NaN,-1.000
2, 54,1,1.65, 61,700,218, 0.853
2, 55,1,1.70,134,617,260, 0.533
2, 56,0,1.70,171,NaN,NaN,-1.000
2, 57,1,1.70,122,734,524, 0.695
2, 58,0,1.70, 54,NaN,NaN,-1.000
2, 59,1,1.65, 28,312,195, 3.784
2, 60,0,1.65,112,NaN,NaN,-1.000
2, 61,0,1.65, 32,NaN,NaN,-1.000
2, 62,0,1.70,174,NaN,NaN,-1.000
2, 63,1,1.70,160,420,475, 0.676
2, 64,1,1.60, 28,350,547, 0.829
2, 65,1,1.70,132,443,650, 0.630
2, 66,1,1.70,140,632,117, 0.557
2, 67,0,1.70,172,NaN,NaN,-1.000
2, 68,1,1.60,  9,143,208,14.539
2, 69,0,1.65,117,NaN,NaN,-1.000
2, 70,1,1.60, 40,444,232, 6.044
2, 71,0,1.70, 58,NaN,NaN,-1.000
2, 72,0,1.65,118,NaN,NaN,-1.000
2, 73,1,1.70,144,280,642, 0.627
2, 74,1,1.70,135,895,526, 0.820
2, 75,1,1.70, 47,351,297, 0.507
2, 76,1,1.65, 81,451,349, 0.518
2, 77,1,1.65, 82,322,374, 0.603
2, 78,1,1.60, 11,279,204,33.564
2, 79,0,1.70,178,NaN,NaN, 2.038
2, 80,1,1.70,131,769,758, 0.986
2, 81,1,1.65, 24,208,689, 0.878
2, 82,1,1.60, 49,763,275, 2.403
2, 83,1,1.60, 43,215,389, 1.161
2, 84,1,1.60, 16,852,515, 4.070
2, 85,1,1.60,  5,944,756, 4.297
2, 86,1,1.70, 46,838,677, 0.649
2, 87,0,1.60, 52,NaN,NaN,23.902
2, 88,1,1.65,102,199,927, 1.229
2, 89,0,1.60, 56,NaN,NaN,-1.000
2, 90,1,1.70,166,316,422, 0.603
2, 91,0,1.60, 58,NaN,NaN, 0.856
2, 92,1,1.60,  8,421,916,42.812
2, 93,1,1.60, 27,351,297, 3.913
2, 94,1,1.70,126,118,681, 1.933
2, 95,1,1.70, 42,388,881, 2.258
2, 96,0,1.65,119,NaN,NaN,-1.000
2, 97,1,1.70, 43,875,608, 1.024
2, 98,0,1.70, 57,NaN,NaN,-1.000
2, 99,1,1.60, 13,867,538, 3.583
2,100,1,1.60, 21,155,715, 5.078
2,101,0,1.60, 17,NaN,NaN,-1.000
2,102,1,1.70,157,455,636, 0.767
2,103,0,1.60, 16,NaN,NaN,29.973
2,104,1,1.70,168,516,740, 0.805
2,105,0,1.65, 40,NaN,NaN,-1.000
2,106,1,1.60, 44,803,698, 9.127
2,107,1,1.70,138,879,344, 0.983
2,108,1,1.70, 50,859,582, 0.566
2,109,1,1.70,163,180,636, 1.799
2,110,1,1.65, 99,813,943, 1.152
2,111,1,1.70,146, 92,278, 1.010
2,112,1,1.65, 64,622,646, 0.963
2,113,1,1.60, 23,875,608, 0.987
2,114,0,1.65, 37,NaN,NaN,-1.000
2,115,1,1.65, 92,160,196, 2.566
2,116,1,1.60, 34,278,259,11.889
2,117,1,1.65, 72,716,745, 1.141
2,118,1,1.65,108,407,424, 0.697
2,119,1,1.65,103,583,647, 1.826
2,120,1,1.65, 90,753,704, 0.997
2,121,0,1.65,120,NaN,NaN,-1.000
2,122,1,1.70,137,567,299, 0.987
2,123,0,1.60, 12,NaN,NaN,-1.000
2,124,1,1.65, 88,141,839, 2.163
2,125,1,1.65,100,865,377, 6.934
2,126,0,1.60, 57,NaN,NaN,-1.000
2,127,1,1.70, 44,509,922, 0.808
2,128,1,1.70,167,293,404, 0.655
2,129,1,1.70, 48,350,547, 0.690
2,130,1,1.60, 24,509,922,23.269
2,131,1,1.65, 63,137,213, 1.081
2,132,1,1.60, 31,380,720, 1.596
2,133,1,1.60, 32,712,637, 0.986
2,134,1,1.65,106,672,402, 2.088
2,135,0,1.65, 38,NaN,NaN, 0.759
2,136,1,1.60,  7,958,939, 4.664
2,137,0,1.70,179,NaN,NaN,-1.000
2,138,1,1.60,  2,913,781, 0.941
2,139,0,1.70, 55,NaN,NaN, 0.600
2,140,0,1.65,111,NaN,NaN,-1.000
2,141,1,1.70,154,171,854, 1.606
2,142,1,1.70,151,832,625, 0.838
2,143,0,1.65,113,NaN,NaN,-1.000
2,144,1,1.65, 97,641,751, 0.863
2,145,1,1.70,129,369,562, 1.066
2,146,0,1.70,173,NaN,NaN,-1.000
2,147,1,1.65,107,643,716, 0.638
2,148,1,1.65, 86,165,894,14.807
2,149,0,1.60, 60,NaN,NaN,-1.000
2,150,1,1.70,121,609,580, 0.460
2,151,1,1.70,164,252,602, 0.520
2,152,1,1.60, 25,842,661, 4.477
2,153,0,1.60, 14,NaN,NaN,-1.000
2,154,1,1.65, 83,403,606, 0.758
2,155,1,1.70,169,314,115, 1.380
2,156,0,1.60, 59,NaN,NaN,-1.000
2,157,0,1.60, 11,NaN,NaN,-1.000
2,158,1,1.60, 12,456,955, 1.836
2,159,1,1.60, 33,536,902, 0.938
2,160,1,1.70, 49,745,317, 0.673
2,161,1,1.60, 29,745,317, 0.832
2,162,1,1.70,143,687,206, 0.589
2,163,1,1.70,142,811,835, 1.190
2,164,1,1.70,161,626, 73, 0.793
2,165,1,1.65, 29,199,699, 2.197
2,166,1,1.65, 91,355,171, 0.421
2,167,1,1.65, 26,852,515, 0.916
2,168,1,1.70,152,719, 95, 0.593
2,169,1,1.70,124,191,718, 0.651
2,170,1,1.60, 39,528,342, 0.010
2,171,1,1.65, 70,453,362, 0.865
2,172,1,1.70,159,193,503, 0.794
2,173,1,1.60, 50,451,956,-1.000
2,174,0,1.65,114,NaN,NaN, 3.265
2,175,1,1.65, 68,735,710, 0.531
2,176,1,1.65, 98,430,772, 3.362
2,177,1,1.70,149,337,490, 0.578
2,178,1,1.65, 65,380,589, 0.580
2,179,1,1.65,105,954,344, 1.294
2,180,0,1.70,177,NaN,NaN,-1.000
2,181,0,1.65, 36,NaN,NaN,-1.000
2,182,1,1.60, 18,312,195, 2.353
2,183,1,1.65, 94,503,836, 2.207
2,184,1,1.70,156,891,788, 0.818
2,185,1,1.70,127,375,144, 0.877
2,186,1,1.65, 96,410,204, 0.656
2,187,1,1.70,123,796,502, 0.641
2,188,1,1.70,141,920,773, 0.962
2,189,1,1.65, 75,280,261, 1.408
2,190,0,1.60, 15,NaN,NaN,-1.000
2,191,0,1.65, 33,NaN,NaN, 1.549
2,192,0,1.60, 54,NaN,NaN, 0.014
2,193,1,1.65,109,671,858, 1.733
2,194,1,1.65, 76,887,238, 1.034
2,195,0,1.70, 53,NaN,NaN,-1.000
2,196,1,1.65, 69, 87,466, 1.824
2,197,1,1.70,162,322,623, 0.769
2,198,0,1.70,175,NaN,NaN,-1.000
2,199,0,1.60, 18,NaN,NaN,-1.000
2,200,0,1.60, 53,NaN,NaN, 3.177
2,201,1,1.70,136,751,433, 0.915
2,202,1,1.60,  3,842,456, 2.712
2,203,1,1.65, 79,657,196, 1.194
2,204,1,1.70,145,550, 61, 0.602
2,205,0,1.70, 52,NaN,NaN,-1.000
2,206,1,1.60, 17,727,440, 0.627
2,207,1,1.65, 87,244,662, 0.693
2,208,1,1.65, 66,700, 96, 1.416
2,209,1,1.65, 89,441,912, 5.138
2,210,1,1.65, 93,433,877, 0.757
2,211,1,1.65,101,636,749, 0.528
2,212,0,1.70, 51,NaN,NaN,-1.000
2,213,1,1.65, 21,279,204, 0.517
2,214,1,1.70, 45,842,661, 0.880
2,215,1,1.60, 37,306,678, 1.980
2,216,0,1.65, 35,NaN,NaN,-1.000
2,217,1,1.60, 22,388,881,33.161
2,218,1,1.70,128,581,843, 0.542
2,219,1,1.60, 38,292,481,25.492
2,220,1,1.70,150,612,166, 1.146
2,221,1,1.65, 73,124,462, 2.238
2,222,1,1.70,165,350,412, 0.652
2,223,0,1.60, 13,NaN,NaN,-1.000
2,224,1,1.65, 74,734,915, 0.870
2,225,1,1.60, 45,814, 61, 2.903
2,226,0,1.70,176,NaN,NaN,-1.000
2,227,1,1.60, 46,426,313, 0.915
2,228,1,1.60, 19,199,699, 2.680
2,229,1,1.65, 78,238,246, 1.203
2,230,1,1.60,  1,622,498, 1.345
3,  1,1,1.65,122,443,650, 0.584
3,  2,1,1.60, 42,543,656, 1.109
3,  3,1,1.60,  4,631,811,18.045
3,  4,1,1.70,212,318,798, 1.369
3,  5,1,1.70,223,126,781, 0.895
3,  6,1,1.60,  2,913,781, 3.746
3,  7,0,1.70,236,NaN,NaN,-1.000
3,  8,1,1.70,182,731,234, 1.793
3,  9,0,1.70,233,NaN,NaN,-1.000
3, 10,0,1.65,159,NaN,NaN,-1.000
3, 11,1,1.70,226,905,279, 2.571
3, 12,0,1.60, 73,NaN,NaN,-1.000
3, 13,0,1.65,153,NaN,NaN,-1.000
3, 14,0,1.70,238,NaN,NaN,-1.000
3, 15,1,1.65,148,254,362, 6.655
3, 16,1,1.65,110,381,436, 0.633
3, 17,1,1.70,179,873,778, 2.005
3, 18,1,1.60, 52,860,644, 3.683
3, 19,1,1.65,137,419,486, 0.701
3, 20,1,1.70,227,430,219, 0.611
3, 21,1,1.60, 18,312,195, 4.155
3, 22,1,1.70,180,228,721, 1.084
3, 23,1,1.60, 36,916,204, 2.186
3, 24,1,1.65,138,931,611, 2.799
3, 25,1,1.70,217, 77,198, 2.572
3, 26,1,1.65, 86,165,894, 1.421
3, 27,0,1.65,160,NaN,NaN,-1.000
3, 28,1,1.60, 34,278,259, 4.802
3, 29,1,1.60, 26,838,677, 2.537
3, 30,1,1.60, 38,292,481, 4.931
3, 31,1,1.70,200,511,298, 0.845
3, 32,0,1.60, 76,NaN,NaN,-1.000
3, 33,1,1.70,178,376,310, 0.728
3, 34,1,1.70,198,240,956, 0.630
3, 35,1,1.60, 48,745,422,18.690
3, 36,0,1.70,240,NaN,NaN,-1.000
3, 37,1,1.65,145,859,463, 2.524
3, 38,1,1.60, 41,594,779, 1.566
3, 39,1,1.70,196,296,911, 0.657
3, 40,1,1.60, 20,311,555, 2.547
3, 41,1,1.60, 65,280,261,35.653
3, 42,0,1.65,157,NaN,NaN,-1.000
3, 43,0,1.60, 80,NaN,NaN,-1.000
3, 44,1,1.70,215,233,529, 0.692
3, 45,1,1.65,118,581,843, 0.692
3, 46,1,1.65,128,879,344, 2.084
3, 47,1,1.60, 22,388,881, 0.977
3, 48,1,1.65,115,721,497, 0.971
3, 49,1,1.70,161,626, 73, 0.907
3, 50,1,1.70,169,314,115, 1.170
3, 51,1,1.65, 96,410,204, 0.859
3, 52,1,1.65,117,375,144, 0.944
3, 53,1,1.65,125,895,526, 1.723
3, 54,1,1.60, 70,865,179, 2.425
3, 55,1,1.70,207,617,620, 0.682
3, 56,1,1.60, 10,204,619, 0.720
3, 57,1,1.65,107,643,716, 0.558
3, 58,1,1.70,193,581,125, 0.680
3, 59,1,1.60, 31,380,720, 3.915
3, 60,1,1.60, 19,199,699, 1.724
3, 61,1,1.60, 66,887,238,13.279
3, 62,1,1.65,150,420,475, 0.597
3, 63,1,1.65,105,954,344, 1.291
3, 64,0,1.65,155,NaN,NaN,-1.000
3, 65,1,1.60, 30,859,582,15.558
3, 66,1,1.65,147,455,636, 0.632
3, 67,1,1.60, 25,842,661, 2.106
3, 68,1,1.70,219,790,322, 0.935
3, 69,1,1.65,130,632,117, 2.167
3, 70,1,1.65, 93,433,877, 3.803
3, 71,0,1.60, 78,NaN,NaN,-1.000
3, 72,1,1.70,213,315,949, 0.786
3, 73,1,1.70,192,382, 76, 0.618
3, 74,1,1.70,221,116,832, 0.620
3, 75,1,1.70,177, 90,455, 0.645
3, 76,1,1.70,168,516,740, 0.690
3, 77,1,1.70,171,269,726, 0.472
3, 78,1,1.60, 53,137,213, 6.181
3, 79,1,1.60, 33,536,902, 3.048
3, 80,1,1.70,188,215,467, 1.506
3, 81,1,1.60, 35,897,756, 5.082
3, 82,1,1.60, 28,350,547, 1.166
3, 83,1,1.60,  1,622,498, 1.084
3, 84,1,1.70,167,293,404, 0.546
3, 85,1,1.65,106,672,402, 1.756
3, 86,1,1.60, 56,700, 96, 2.747
3, 87,1,1.70,162,322,623, 0.583
3, 88,1,1.65,146,891,788, 1.949
3, 89,1,1.60,  6,181,416, 2.908
3, 90,1,1.70,203,637,574, 0.619
3, 91,1,1.65, 82,322,374, 0.751
3, 92,1,1.65,124,617,260, 0.928
3, 93,1,1.70,222,931,161, 1.406
3, 94,1,1.70,218,389,284, 0.548
3, 95,1,1.65,100,865,377, 2.513
3, 96,0,1.60, 71,NaN,NaN,-1.000
3, 97,1,1.65, 92,160,196, 4.970
3, 98,1,1.60, 15,698,389, 1.220
3, 99,1,1.65, 90,753,704, 1.746
3,100,0,1.60, 79,NaN,NaN,-1.000
3,101,1,1.70,220,848,940, 1.266
3,102,1,1.60,  3,842,456, 1.528
3,103,1,1.60, 23,875,608, 2.454
3,104,1,1.60,  8,421,916, 3.081
3,105,1,1.60, 54,622,646,-1.000
3,106,1,1.60, 49,763,275, 1.922
3,107,1,1.60, 59, 87,466, 2.254
3,108,1,1.65,143,436,385, 0.884
3,109,1,1.65, 88,141,839, 2.657
3,110,1,1.65,104,241,562, 1.516
3,111,1,1.60, 51,700,218, 0.999
3,112,1,1.70,163,180,636, 1.457
3,113,1,1.70,208,676,188, 0.956
3,114,1,1.60, 16,852,515, 1.705
3,115,1,1.70,172,485,925, 0.606
3,116,1,1.70,173,462,824, 0.587
3,117,1,1.65,140,612,166, 1.584
3,118,1,1.60, 24,509,922, 5.876
3,119,1,1.65,126,751,433, 0.776
3,120,0,1.70,235,NaN,NaN,-1.000
3,121,1,1.65,142,719, 95, 2.679
3,122,1,1.60, 27,351,297, 0.635
3,123,1,1.60, 46,426,313, 0.681
3,124,1,1.65,131,920,773, 1.434
3,125,1,1.60,  5,944,756, 2.631
3,126,1,1.65,133,687,206, 2.994
3,127,1,1.65, 95,710,666, 1.945
3,128,1,1.60, 67,825,931, 4.738
3,129,1,1.70,189, 84,872, 0.682
3,130,1,1.65,101,636,749, 0.501
3,131,1,1.70,170,742,289, 0.488
3,132,1,1.65, 99,813,943, 1.440
3,133,1,1.70,216,470,721, 0.488
3,134,1,1.60, 64,734,915, 2.323
3,135,1,1.70,191,384,889, 0.484
3,136,1,1.70,230,235,883, 0.550
3,137,1,1.70,205,270,772, 0.621
3,138,1,1.60, 45,814, 61, 2.943
3,139,0,1.70,237,NaN,NaN,-1.000
3,140,1,1.65,139,337,490, 0.585
3,141,1,1.70,175,404,534, 0.585
3,142,0,1.70,234,NaN,NaN,-1.000
3,143,1,1.60, 63,124,462, 0.555
3,144,1,1.70,190,576,327, 0.500
3,145,1,1.65,149,193,503, 0.453
3,146,1,1.70,214,696, 77, 1.063
3,147,1,1.60, 37,306,678, 1.605
3,148,1,1.60, 14,208,689, 0.573
3,149,1,1.70,181,535,956, 1.075
3,150,1,1.65,135,550, 61, 2.102
3,151,1,1.65,132,811,835, 2.695
3,152,0,1.70,239,NaN,NaN,-1.000
3,153,0,1.60, 75,NaN,NaN,-1.000
3,154,1,1.60, 58,735,710, 2.632
3,155,1,1.60, 12,456,955, 4.687
3,156,1,1.70,174,849,171, 0.785
3,157,1,1.70,186,135,964, 5.345
3,158,1,1.65, 89,441,912, 1.160
3,159,1,1.70,165,350,412, 0.645
3,160,1,1.70,194,535,120, 0.521
3,161,1,1.60,  7,958,939, 5.899
3,162,1,1.65, 84,470,891, 2.251
3,163,1,1.60, 47,220,659, 1.819
3,164,1,1.70,224,740,668, 0.761
3,165,1,1.65,108,407,424, 0.466
3,166,1,1.60, 11,279,204, 3.424
3,167,1,1.70,195,789,385, 0.973
3,168,1,1.65,141,832,625, 0.801
3,169,1,1.70,199, 65,271, 1.638
3,170,1,1.60, 43,215,389, 2.358
3,171,1,1.65,112,734,524, 1.496
3,172,1,1.65, 94,503,836, 1.374
3,173,1,1.70,209,652,175, 0.489
3,174,1,1.65, 91,355,171, 0.498
3,175,1,1.60, 69,657,196, 3.147
3,176,1,1.65,103,583,647, 0.863
3,177,0,1.65,156,NaN,NaN,-1.000
3,178,1,1.70,187,719,869, 1.323
3,179,1,1.60,  9,143,208, 2.789
3,180,1,1.60, 68,238,246, 0.693
3,181,1,1.65,113,796,502, 0.838
3,182,1,1.65,121,769,758, 1.532
3,183,1,1.60, 60,453,362, 0.581
3,184,0,1.70,231,NaN,NaN,-1.000
3,185,1,1.65,127,567,299, 1.325
3,186,1,1.60, 17,727,440, 0.489
3,187,1,1.60, 55,380,589, 0.524
3,188,1,1.65,136, 92,278, 4.261
3,189,1,1.60, 57,377,647, 2.856
3,190,1,1.60, 61,158,692, 0.717
3,191,0,1.60, 72,NaN,NaN,-1.000
3,192,1,1.60, 62,716,745, 2.416
3,193,1,1.70,183,461,177, 0.581
3,194,1,1.70,210,553,639, 0.503
3,195,1,1.60, 39,528,342, 0.481
3,196,1,1.65,102,199,927, 0.624
3,197,0,1.65,152,NaN,NaN,-1.000
3,198,1,1.60, 40,444,232, 0.656
3,199,1,1.65,144,171,854, 1.322
3,200,1,1.65, 98,430,772, 0.678
3,201,1,1.60, 13,867,538, 2.969
3,202,1,1.65,134,280,642, 1.061
3,203,1,1.70,225,773,680, 0.691
3,204,1,1.70,184,917,294, 1.699
3,205,1,1.65,111,609,580, 0.826
3,206,1,1.60, 29,745,317, 2.155
3,207,0,1.60, 77,NaN,NaN,-1.000
3,208,1,1.70,204,250,842, 0.548
3,209,1,1.70,197,105, 67, 0.770
3,210,1,1.60, 32,712,637, 1.818
3,211,1,1.70,176,736,583, 0.788
3,212,0,1.65,151,NaN,NaN,-1.000
3,213,0,1.65,154,NaN,NaN,-1.000
3,214,1,1.65,114,191,718, 1.443
3,215,1,1.70,202,135, 98, 0.763
3,216,1,1.65, 97,641,751, 0.845
3,217,0,1.65,158,NaN,NaN,-1.000
3,218,1,1.65, 85,957,271, 1.748
3,219,0,1.70,232,NaN,NaN,-1.000
3,220,1,1.70,185,258,956, 2.938
3,221,1,1.70,164,252,602, 0.475
3,222,1,1.70,206,676,220, 0.547
3,223,1,1.65, 83,403,606, 0.579
3,224,1,1.65,120,269,612, 0.514
3,225,1,1.65,116,118,681, 0.630
3,226,1,1.70,211,703,694, 1.325
3,227,1,1.65,129,366,511, 0.548
3,228,1,1.65, 81,451,349, 0.480
3,229,1,1.70,228,871,349, 0.562
3,230,1,1.60, 50,451,956, 9.790
3,231,1,1.60, 44,803,698, 3.531
3,232,1,1.60, 21,155,715, 0.774
3,233,1,1.70,229,478,936, 2.464
3,234,0,1.60, 74,NaN,NaN,-1.000
3,235,1,1.65,119,369,562, 0.510
3,236,1,1.65,123,823, 86, 1.097
3,237,1,1.65,109,671,858, 1.096
3,238,1,1.70,166,316,422, 0.476
3,239,1,1.65, 87,244,662, 0.477
3,240,1,1.70,201,785,683, 0.726
4,  1,0,1.70,232,NaN,NaN,-1.000
4,  2,1,1.70,162,322,623, 0.987
4,  3,0,1.65,152,NaN,NaN,-1.000
4,  4,0,1.65,160,NaN,NaN,-1.000
4,  5,1,1.65,135,550, 61, 1.495
4,  6,1,1.60, 50,451,956,-1.000
4,  7,1,1.60, 65,280,261,17.496
4,  8,1,1.70,230,235,883, 1.602
4,  9,1,1.70,216,470,721, 0.927
4, 10,1,1.60, 11,279,204, 6.840
4, 11,1,1.70,206,676,220, 0.892
4, 12,1,1.65, 97,641,751, 4.267
4, 13,1,1.65,112,734,524, 5.665
4, 14,1,1.70,195,789,385, 1.888
4, 15,1,1.65,132,811,835, 3.083
4, 16,1,1.60,  4,631,811, 2.338
4, 17,1,1.70,187,719,869, 1.226
4, 18,1,1.70,225,773,680, 0.956
4, 19,0,1.70,236,NaN,NaN,-1.000
4, 20,1,1.70,223,126,781, 0.880
4, 21,1,1.60, 37,306,678, 1.565
4, 22,1,1.60,  7,958,939, 4.932
4, 23,1,1.70,209,652,175, 1.097
4, 24,1,1.70,169,314,115, 1.528
4, 25,1,1.70,183,461,177, 0.739
4, 26,1,1.60, 27,351,297, 0.819
4, 27,1,1.70,191,384,889, 0.883
4, 28,1,1.60, 40,444,232, 2.832
4, 29,1,1.60, 61,158,692, 1.467
4, 30,1,1.70,222,931,161, 0.929
4, 31,1,1.60, 53,137,213, 5.909
4, 32,1,1.65,138,931,611, 2.017
4, 33,0,1.65,151,NaN,NaN,-1.000
4, 34,1,1.60, 47,220,659, 2.174
4, 35,1,1.60, 12,456,955,11.381
4, 36,1,1.65,143,436,385, 2.053
4, 37,1,1.65,130,632,117, 1.998
4, 38,1,1.60, 68,238,246, 1.701
4, 39,1,1.70,165,350,412, 0.904
4, 40,1,1.60, 66,887,238,20.358
4, 41,1,1.65,116,118,681, 1.744
4, 42,1,1.65,129,366,511, 0.906
4, 43,1,1.60, 34,278,259,15.106
4, 44,1,1.65, 99,813,943, 2.679
4, 45,1,1.65, 96,410,204, 2.630
4, 46,1,1.60, 17,727,440, 1.124
4, 47,1,1.60, 20,311,555, 6.726
4, 48,1,1.70,180,228,721, 0.989
4, 49,1,1.70,219,790,322, 0.918
4, 50,1,1.70,201,785,683, 0.987
4, 51,1,1.65,100,865,377, 8.705
4, 52,1,1.70,193,581,125, 1.120
4, 53,1,1.65, 95,710,666, 1.828
4, 54,1,1.60, 64,734,915, 1.421
4, 55,1,1.65, 93,433,877, 3.323
4, 56,1,1.65,108,407,424, 1.004
4, 57,1,1.70,188,215,467, 0.954
4, 58,1,1.65,113,796,502, 1.327
4, 59,1,1.65, 98,430,772, 3.204
4, 60,1,1.70,226,905,279, 2.301
4, 61,1,1.60, 42,543,656, 1.904
4, 62,0,1.60, 71,NaN,NaN,-1.000
4, 63,0,1.65,156,NaN,NaN,-1.000
4, 64,1,1.70,214,696, 77, 1.192
4, 65,1,1.70,194,535,120, 0.860
4, 66,1,1.60, 59, 87,466,17.931
4, 67,1,1.65,115,721,497, 1.169
4, 68,1,1.65,141,832,625, 1.959
4, 69,1,1.65,124,617,260, 0.620
4, 70,1,1.70,227,430,219, 0.629
4, 71,0,1.70,239,NaN,NaN,-1.000
4, 72,1,1.70,181,535,956, 1.448
4, 73,0,1.60, 80,NaN,NaN,-1.000
4, 74,1,1.60,  1,622,498,14.695
4, 75,1,1.60, 23,875,608, 4.795
4, 76,1,1.60, 15,698,389, 2.196
4, 77,0,1.60, 73,NaN,NaN,-1.000
4, 78,1,1.60, 55,380,589, 0.759
4, 79,1,1.60,  5,944,756,39.440
4, 80,1,1.65, 88,141,839, 2.929
4, 81,1,1.60, 49,763,275, 4.875
4, 82,1,1.60, 33,536,902, 0.986
4, 83,1,1.65,134,280,642, 1.640
4, 84,1,1.65, 83,403,606, 0.727
4, 85,1,1.65,114,191,718, 1.098
4, 86,1,1.70,177, 90,455, 0.892
4, 87,0,1.60, 72,NaN,NaN,-1.000
4, 88,1,1.60, 22,388,881, 4.625
4, 89,1,1.60, 38,292,481, 3.634
4, 90,1,1.70,212,318,798, 1.070
4, 91,1,1.65, 86,165,894, 1.220
4, 92,1,1.60, 44,803,698, 3.703
4, 93,1,1.60, 63,124,462, 1.730
4, 94,1,1.70,173,462,824, 0.991
4, 95,1,1.70,178,376,310, 0.823
4, 96,0,1.65,157,NaN,NaN,-1.000
4, 97,1,1.70,167,293,404, 0.788
4, 98,1,1.70,189, 84,872, 3.180
4, 99,0,1.60, 76,NaN,NaN,-1.000
4,100,1,1.60, 10,204,619, 1.575
4,101,1,1.60, 69,657,196, 4.486
4,102,1,1.70,192,382, 76, 1.448
4,103,0,1.60, 75,NaN,NaN,-1.000
4,104,1,1.70,175,404,534, 0.688
4,105,1,1.65, 94,503,836, 2.812
4,106,1,1.60, 35,897,756,-1.000
4,107,1,1.70,199, 65,271, 1.635
4,108,1,1.60,  2,913,781, 1.912
4,109,1,1.65,133,687,206, 6.096
4,110,1,1.65,110,381,436, 0.963
4,111,1,1.60,  8,421,916, 1.900
4,112,1,1.60, 41,594,779, 1.285
4,113,0,1.60, 74,NaN,NaN,-1.000
4,114,1,1.65, 81,451,349, 0.715
4,115,1,1.65,126,751,433, 0.859
4,116,1,1.60, 45,814, 61, 7.788
4,117,1,1.65,102,199,927, 1.599
4,118,1,1.70,179,873,778, 1.625
4,119,1,1.70,174,849,171, 3.394
4,120,1,1.70,200,511,298, 0.847
4,121,1,1.65,117,375,144, 1.085
4,122,1,1.60, 31,380,720, 1.670
4,123,1,1.70,221,116,832, 0.986
4,124,0,1.65,154,NaN,NaN,-1.000
4,125,1,1.65,149,193,503, 1.196
4,126,1,1.65,144,171,854, 1.192
4,127,1,1.65,111,609,580, 1.252
4,128,1,1.60, 18,312,195, 1.972
4,129,1,1.65, 92,160,196, 3.470
4,130,1,1.65,119,369,562, 0.883
4,131,1,1.65, 91,355,171, 0.968
4,132,1,1.60, 14,208,689, 1.131
4,133,1,1.60, 24,509,922, 5.493
4,134,1,1.60, 62,716,745,12.166
4,135,1,1.70,204,250,842, 0.963
4,136,1,1.60, 29,745,317, 2.506
4,137,0,1.70,237,NaN,NaN,-1.000
4,138,1,1.70,172,485,925, 0.940
4,139,1,1.65,146,891,788, 2.557
4,140,1,1.60, 46,426,313, 0.821
4,141,1,1.65,121,769,758, 0.944
4,142,1,1.70,220,848,940, 0.942
4,143,1,1.65,139,337,490, 0.691
4,144,1,1.65,101,636,749, 0.716
4,145,0,1.70,231,NaN,NaN,-1.000
4,146,1,1.60, 70,865,179, 1.011
4,147,1,1.60, 26,838,677, 1.538
4,148,1,1.60,  6,181,416, 2.804
4,149,1,1.65,140,612,166, 1.157
4,150,1,1.60, 39,528,342, 0.927
4,151,1,1.70,168,516,740, 0.861
4,152,1,1.70,228,871,349, 0.835
4,153,1,1.70,198,240,956, 0.750
4,154,1,1.65,145,859,463, 1.032
4,155,1,1.65,106,672,402, 3.721
4,156,0,1.65,153,NaN,NaN,-1.000
4,157,1,1.70,208,676,188, 0.844
4,158,0,1.70,240,NaN,NaN,-1.000
4,159,1,1.60, 67,825,931,13.048
4,160,1,1.70,197,105, 67, 0.907
4,161,1,1.60, 21,155,715, 2.350
4,162,1,1.60, 54,622,646,26.149
4,163,1,1.70,186,135,964, 2.052
4,164,0,1.65,155,NaN,NaN,-1.000
4,165,1,1.70,210,553,639, 0.628
4,166,1,1.65,125,895,526, 2.214
4,167,1,1.65,142,719, 95, 5.758
4,168,1,1.70,171,269,726, 0.906
4,169,0,1.60, 77,NaN,NaN,-1.000
4,170,1,1.70,205,270,772, 1.636
4,171,1,1.60, 48,745,422, 3.934
4,172,1,1.60, 32,712,637, 0.860
4,173,0,1.70,233,NaN,NaN,-1.000
4,174,1,1.70,190,576,327, 0.644
4,175,1,1.70,224,740,668, 0.730
4,176,1,1.65, 90,753,704, 1.027
4,177,1,1.65, 85,957,271, 1.254
4,178,1,1.60, 58,735,710, 1.280
4,179,1,1.60, 56,700, 96, 1.407
4,180,0,1.70,234,NaN,NaN,-1.000
4,181,1,1.70,207,617,620, 0.552
4,182,1,1.60, 16,852,515, 0.704
4,183,1,1.70,211,703,694, 0.620
4,184,1,1.70,196,296,911, 0.741
4,185,1,1.65,137,419,486, 0.596
4,186,1,1.60,  9,143,208, 1.840
4,187,1,1.65,109,671,858, 1.300
4,188,1,1.60,  3,842,456,11.834
4,189,1,1.60, 19,199,699, 1.340
4,190,1,1.60, 30,859,582, 2.623
4,191,1,1.70,164,252,602, 0.859
4,192,0,1.70,235,NaN,NaN,-1.000
4,193,1,1.70,229,478,936, 0.851
4,194,1,1.60, 60,453,362, 4.433
4,195,0,1.60, 79,NaN,NaN,-1.000
4,196,1,1.70,182,731,234, 0.569
4,197,0,1.65,158,NaN,NaN,-1.000
4,198,1,1.65,150,420,475, 0.693
4,199,1,1.70,202,135, 98, 1.055
4,200,1,1.60, 13,867,538,22.614
4,201,1,1.70,185,258,956, 2.989
4,202,1,1.60, 36,916,204, 1.205
4,203,1,1.65,107,643,716, 0.728
4,204,1,1.70,217, 77,198, 1.062
4,205,1,1.65,131,920,773, 1.043
4,206,1,1.65,118,581,843, 0.849
4,207,1,1.70,176,736,583, 0.846
4,208,1,1.60, 57,377,647,25.777
4,209,1,1.70,161,626, 73, 0.945
4,210,1,1.65,147,455,636, 0.535
4,211,1,1.60, 51,700,218, 0.718
4,212,1,1.60, 28,350,547, 0.952
4,213,1,1.60, 25,842,661, 3.559
4,214,1,1.65,127,567,299, 4.198
4,215,1,1.70,215,233,529, 0.786
4,216,1,1.65,148,254,362, 5.960
4,217,1,1.65,103,583,647, 0.916
4,218,1,1.70,170,742,289, 0.907
4,219,1,1.65,136, 92,278, 1.131
4,220,1,1.65,105,954,344, 1.821
4,221,1,1.60, 43,215,389, 1.061
4,222,1,1.65,128,879,344, 0.893
4,223,1,1.65, 84,470,891, 0.976
4,224,1,1.65,122,443,650, 0.856
4,225,0,1.70,238,NaN,NaN,-1.000
4,226,1,1.65,120,269,612, 0.821
4,227,1,1.70,163,180,636, 1.025
4,228,1,1.70,166,316,422, 0.800
4,229,1,1.70,184,917,294, 2.415
4,230,1,1.65,123,823, 86, 2.658
4,231,1,1.65, 89,441,912, 1.897
4,232,0,1.65,159,NaN,NaN,-1.000
4,233,1,1.65, 82,322,374, 1.075
4,234,1,1.70,218,389,284, 0.679
4,235,1,1.70,203,637,574, 0.743
4,236,0,1.60, 78,NaN,NaN,-1.000
4,237,1,1.60, 52,860,644, 1.974
4,238,1,1.70,213,315,949, 1.137
4,239,1,1.65,104,241,562, 0.831
4,240,1,1.65, 87,244,662, 0.874
5,  1,1,1.60, 36,916,204, 2.440
5,  2,1,1.60, 41,594,779, 2.168
5,  3,1,1.70,167,293,404, 1.063
5,  4,0,1.65,155,NaN,NaN,-1.000
5,  5,1,1.65,142,719, 95, 1.517
5,  6,1,1.65,108,407,424, 1.014
5,  7,1,1.70,163,180,636, 1.279
5,  8,1,1.65, 86,165,894, 1.108
5,  9,1,1.60, 18,312,195, 4.786
5, 10,0,1.60, 75,NaN,NaN,-1.000
5, 11,1,1.60, 12,456,955, 3.452
5, 12,1,1.65,146,891,788, 1.556
5, 13,1,1.70,195,789,385, 0.988
5, 14,1,1.60, 52,860,644, 1.396
5, 15,1,1.60, 43,215,389, 1.032
5, 16,1,1.70,223,126,781, 0.893
5, 17,1,1.65, 93,433,877, 0.919
5, 18,1,1.65,138,931,611, 1.452
5, 19,1,1.70,193,581,125, 1.239
5, 20,1,1.60, 39,528,342, 0.920
5, 21,1,1.65, 84,470,891, 2.201
5, 22,1,1.65,106,672,402, 3.087
5, 23,1,1.65,101,636,749, 0.985
5, 24,1,1.65,112,734,524, 9.241
5, 25,1,1.65,107,643,716, 0.966
5, 26,0,1.60, 78,NaN,NaN,-1.000
5, 27,0,1.60, 79,NaN,NaN,-1.000
5, 28,1,1.65, 99,813,943, 1.340
5, 29,1,1.60, 38,292,481, 6.004
5, 30,0,1.65,158,NaN,NaN,-1.000
5, 31,1,1.60, 10,204,619, 1.454
5, 32,1,1.70,192,382, 76, 0.819
5, 33,0,1.70,236,NaN,NaN,-1.000
5, 34,1,1.70,220,848,940, 1.131
5, 35,1,1.65, 82,322,374, 2.343
5, 36,1,1.70,212,318,798, 0.876
5, 37,1,1.70,191,384,889, 0.666
5, 38,1,1.70,215,233,529, 0.821
5, 39,1,1.70,173,462,824, 1.038
5, 40,1,1.70,206,676,220, 0.931
5, 41,1,1.65, 85,957,271, 1.339
5, 42,1,1.70,211,703,694, 0.775
5, 43,1,1.70,187,719,869, 0.872
5, 44,1,1.70,230,235,883, 0.841
5, 45,1,1.70,188,215,467, 1.921
5, 46,1,1.65,136, 92,278, 3.404
5, 47,1,1.65,113,796,502, 0.986
5, 48,1,1.60, 66,887,238, 2.368
5, 49,1,1.60,  9,143,208, 1.239
5, 50,0,1.70,237,NaN,NaN,-1.000
5, 51,1,1.60, 65,280,261,-1.000
5, 52,0,1.70,232,NaN,NaN,-1.000
5, 53,1,1.60,  8,421,916, 5.999
5, 54,1,1.65,132,811,835, 2.361
5, 55,1,1.60, 50,451,956,13.482
5, 56,1,1.60, 13,867,538, 1.948
5, 57,1,1.70,190,576,327, 0.731
5, 58,1,1.70,216,470,721, 0.680
5, 59,1,1.65, 89,441,912, 0.893
5, 60,1,1.70,194,535,120, 0.692
5, 61,1,1.65, 98,430,772, 1.272
5, 62,1,1.70,181,535,956, 0.776
5, 63,1,1.60, 16,852,515, 1.590
5, 64,1,1.60, 14,208,689, 2.280
5, 65,0,1.70,239,NaN,NaN,-1.000
5, 66,1,1.60, 33,536,902, 1.026
5, 67,1,1.65, 92,160,196, 1.573
5, 68,1,1.65,149,193,503, 0.882
5, 69,1,1.60, 21,155,715, 1.169
5, 70,1,1.65, 87,244,662, 0.984
5, 71,0,1.65,151,NaN,NaN,-1.000
5, 72,0,1.60, 80,NaN,NaN,-1.000
5, 73,0,1.60, 71,NaN,NaN,-1.000
5, 74,1,1.65, 81,451,349, 0.845
5, 75,1,1.65,103,583,647, 4.204
5, 76,1,1.65, 90,753,704, 1.230
5, 77,1,1.60, 31,380,720, 1.212
5, 78,1,1.65,115,721,497, 0.831
5, 79,1,1.60, 47,220,659, 2.458
5, 80,0,1.65,153,NaN,NaN,-1.000
5, 81,1,1.60, 54,622,646,13.790
5, 82,1,1.60, 61,158,692, 1.255
5, 83,1,1.70,210,553,639, 1.117
5, 84,1,1.70,203,637,574, 0.762
5, 85,1,1.65,150,420,475, 0.967
5, 86,1,1.65,109,671,858, 0.943
5, 87,1,1.65,147,455,636, 0.868
5, 88,1,1.60, 11,279,204, 7.997
5, 89,0,1.60, 74,NaN,NaN,-1.000
5, 90,1,1.70,168,516,740, 0.914
5, 91,1,1.60, 34,278,259, 2.173
5, 92,0,1.70,235,NaN,NaN,-1.000
5, 93,1,1.60,  2,913,781, 1.218
5, 94,1,1.70,189, 84,872, 0.915
5, 95,1,1.65,131,920,773, 0.843
5, 96,1,1.70,214,696, 77, 0.894
5, 97,1,1.70,184,917,294, 0.859
5, 98,1,1.60, 20,311,555, 2.680
5, 99,1,1.65, 91,355,171, 2.380
5,100,1,1.70,224,740,668, 0.729
5,101,1,1.70,183,461,177, 0.702
5,102,1,1.70,170,742,289, 0.772
5,103,1,1.70,229,478,936, 0.942
5,104,1,1.70,221,116,832, 0.831
5,105,1,1.70,204,250,842, 0.655
5,106,1,1.70,169,314,115, 0.763
5,107,0,1.60, 76,NaN,NaN,-1.000
5,108,1,1.65,104,241,562, 2.419
5,109,1,1.60, 53,137,213,19.680
5,110,1,1.65,126,751,433, 1.078
5,111,0,1.65,152,NaN,NaN,-1.000
5,112,1,1.60, 23,875,608, 1.399
5,113,1,1.65,148,254,362, 2.320
5,114,1,1.60, 25,842,661, 6.126
5,115,1,1.65,102,199,927, 0.798
5,116,1,1.70,166,316,422, 0.692
5,117,1,1.60, 56,700, 96, 1.328
5,118,1,1.60, 46,426,313, 2.231
5,119,1,1.70,202,135, 98, 0.833
5,120,1,1.70,213,315,949, 0.883
5,121,1,1.65,119,369,562, 0.636
5,122,1,1.70,199, 65,271, 0.815
5,123,1,1.60, 48,745,422, 9.943
5,124,1,1.65,110,381,436, 0.632
5,125,1,1.70,197,105, 67, 2.092
5,126,1,1.70,227,430,219, 1.447
5,127,1,1.60, 32,712,637, 1.090
5,128,1,1.60,  3,842,456, 4.017
5,129,1,1.65,100,865,377, 1.295
5,130,1,1.65,133,687,206, 2.063
5,131,0,1.70,231,NaN,NaN,-1.000
5,132,1,1.65, 83,403,606, 0.714
5,133,1,1.60, 28,350,547, 1.084
5,134,1,1.65,118,581,843, 0.765
5,135,1,1.65, 88,141,839, 1.999
5,136,1,1.60, 63,124,462, 1.347
5,137,1,1.70,182,731,234, 0.916
5,138,1,1.70,162,322,623, 0.608
5,139,1,1.60, 24,509,922, 2.832
5,140,1,1.70,209,652,175, 1.011
5,141,1,1.65,137,419,486, 0.809
5,142,1,1.60, 29,745,317, 1.992
5,143,1,1.70,219,790,322, 0.570
5,144,1,1.70,198,240,956, 0.764
5,145,1,1.70,196,296,911, 0.656
5,146,1,1.65,117,375,144, 1.190
5,147,1,1.60, 64,734,915, 3.903
5,148,1,1.70,200,511,298, 0.631
5,149,1,1.60, 30,859,582, 5.464
5,150,1,1.65,140,612,166, 2.931
5,151,1,1.60, 19,199,699, 2.092
5,152,1,1.70,176,736,583, 1.134
5,153,1,1.60, 57,377,647, 0.956
5,154,1,1.60, 45,814, 61, 2.023
5,155,1,1.60, 69,657,196, 9.782
5,156,1,1.70,171,269,726, 1.276
5,157,1,1.60, 40,444,232, 7.601
5,158,1,1.60, 67,825,931, 5.184
5,159,1,1.65, 96,410,204, 2.451
5,160,1,1.65,114,191,718, 1.339
5,161,1,1.65,111,609,580, 0.729
5,162,1,1.70,172,485,925, 0.679
5,163,1,1.60, 37,306,678, 1.076
5,164,1,1.60, 60,453,362, 2.336
5,165,1,1.60, 27,351,297, 0.759
5,166,0,1.60, 72,NaN,NaN,-1.000
5,167,1,1.65,127,567,299, 1.038
5,168,1,1.60, 42,543,656, 0.999
5,169,1,1.60, 49,763,275, 2.006
5,170,1,1.65,128,879,344, 1.291
5,171,1,1.60,  1,622,498, 0.976
5,172,1,1.60,  6,181,416, 5.903
5,173,0,1.70,233,NaN,NaN,-1.000
5,174,0,1.65,160,NaN,NaN,-1.000
5,175,1,1.70,175,404,534, 0.656
5,176,1,1.65,139,337,490, 0.672
5,177,1,1.70,178,376,310, 0.644
5,178,1,1.65, 97,641,751, 0.832
5,179,1,1.65,130,632,117, 3.122
5,180,1,1.70,225,773,680, 0.713
5,181,1,1.70,161,626, 73, 0.690
5,182,1,1.65,123,823, 86, 1.124
5,183,1,1.65,129,366,511, 0.793
5,184,1,1.60, 17,727,440, 0.852
5,185,1,1.65,125,895,526, 0.731
5,186,1,1.60,  4,631,811,17.527
5,187,1,1.65, 95,710,666, 0.727
5,188,1,1.65,120,269,612, 0.995
5,189,1,1.60, 70,865,179, 1.018
5,190,1,1.60, 59, 87,466, 8.032
5,191,1,1.70,208,676,188, 1.282
5,192,0,1.65,159,NaN,NaN,-1.000
5,193,1,1.60, 51,700,218, 1.037
5,194,0,1.60, 77,NaN,NaN,-1.000
5,195,1,1.60, 62,716,745, 5.204
5,196,1,1.65,134,280,642, 0.979
5,197,0,1.65,154,NaN,NaN,-1.000
5,198,1,1.70,179,873,778, 0.797
5,199,0,1.65,157,NaN,NaN,-1.000
5,200,1,1.70,186,135,964, 1.900
5,201,1,1.70,177, 90,455, 0.621
5,202,1,1.70,185,258,956, 1.008
5,203,1,1.70,201,785,683, 0.677
5,204,1,1.60, 44,803,698, 1.009
5,205,1,1.65,141,832,625, 0.707
5,206,1,1.70,180,228,721, 0.842
5,207,1,1.60, 58,735,710, 1.431
5,208,1,1.70,226,905,279, 1.143
5,209,1,1.65,143,436,385, 1.095
5,210,1,1.65,145,859,463, 0.925
5,211,1,1.70,218,389,284, 0.709
5,212,1,1.65,135,550, 61, 3.689
5,213,1,1.60, 68,238,246, 2.100
5,214,1,1.65,105,954,344, 1.419
5,215,1,1.60, 35,897,756,20.926
5,216,1,1.70,217, 77,198, 0.860
5,217,1,1.70,228,871,349, 0.733
5,218,1,1.65,116,118,681, 0.687
5,219,1,1.60, 22,388,881, 5.928
5,220,1,1.70,205,270,772, 0.714
5,221,1,1.70,174,849,171, 1.124
5,222,1,1.60,  7,958,939, 1.338
5,223,1,1.65,121,769,758, 0.776
5,224,0,1.70,238,NaN,NaN,-1.000
5,225,0,1.70,234,NaN,NaN,-1.000
5,226,1,1.65,122,443,650, 0.651
5,227,1,1.60, 15,698,389, 0.988
5,228,1,1.65, 94,503,836, 1.159
5,229,1,1.60, 26,838,677, 0.766
5,230,1,1.65,144,171,854, 0.997
5,231,0,1.70,240,NaN,NaN,-1.000
5,232,1,1.70,164,252,602, 0.776
5,233,1,1.65,124,617,260, 1.921
5,234,1,1.60, 55,380,589, 0.620
5,235,1,1.70,222,931,161, 1.395
5,236,0,1.60, 73,NaN,NaN,-1.000
5,237,1,1.70,165,350,412, 0.537
5,238,1,1.60,  5,944,756, 1.451
5,239,0,1.65,156,NaN,NaN,-1.000
5,240,1,1.70,207,617,620, 0.641
6,  1,1,1.70,179,873,778, 1.821
6,  2,0,1.65,152,NaN,NaN, 4.280
6,  3,1,1.70,223,126,781, 1.611
6,  4,1,1.70,217, 77,198, 1.714
6,  5,1,1.60, 58,735,710, 7.809
6,  6,0,1.70,235,NaN,NaN,-1.000
6,  7,1,1.65,124,617,260, 4.302
6,  8,1,1.70,168,516,740, 0.655
6,  9,1,1.60, 66,887,238,32.870
6, 10,0,1.60, 71,NaN,NaN,-1.000
6, 11,1,1.65,139,337,490, 0.808
6, 12,1,1.70,188,215,467, 1.359
6, 13,1,1.70,208,676,188, 0.920
6, 14,1,1.70,164,252,602, 0.691
6, 15,1,1.60, 51,700,218, 2.236
6, 16,1,1.70,199, 65,271, 1.003
6, 17,1,1.70,202,135, 98, 0.893
6, 18,0,1.65,158,NaN,NaN,-1.000
6, 19,1,1.65,138,931,611, 4.274
6, 20,1,1.60, 46,426,313, 2.039
6, 21,1,1.70,182,731,234, 0.717
6, 22,1,1.70,170,742,289, 0.716
6, 23,1,1.70,229,478,936, 1.677
6, 24,1,1.60, 69,657,196,-1.000
6, 25,1,1.60, 44,803,698,22.560
6, 26,1,1.65, 91,355,171, 3.500
6, 27,1,1.70,212,318,798, 0.621
6, 28,1,1.60, 23,875,608, 1.353
6, 29,1,1.65,131,920,773, 2.811
6, 30,1,1.70,218,389,284, 0.784
6, 31,1,1.65,141,832,625, 1.492
6, 32,1,1.65,144,171,854, 2.913
6, 33,0,1.60, 73,NaN,NaN,-1.000
6, 34,1,1.60, 16,852,515, 3.050
6, 35,1,1.60, 30,859,582, 6.332
6, 36,1,1.60, 13,867,538, 1.532
6, 37,1,1.60, 10,204,619, 1.300
6, 38,1,1.65,121,769,758, 1.064
6, 39,1,1.65,115,721,497, 0.940
6, 40,1,1.65,135,550, 61, 8.240
6, 41,1,1.65,109,671,858, 3.052
6, 42,0,1.65,155,NaN,NaN,-1.000
6, 43,1,1.60,  7,958,939, 2.553
6, 44,1,1.60, 42,543,656, 2.493
6, 45,1,1.70,198,240,956, 0.864
6, 46,1,1.70,196,296,911, 0.955
6, 47,1,1.60, 62,716,745, 2.234
6, 48,1,1.70,177, 90,455, 1.274
6, 49,1,1.65,140,612,166, 1.504
6, 50,1,1.70,163,180,636, 0.835
6, 51,1,1.65,104,241,562, 0.956
6, 52,1,1.65,123,823, 86, 1.995
6, 53,1,1.65,148,254,362, 0.990
6, 54,1,1.65,133,687,206, 2.997
6, 55,1,1.70,205,270,772, 0.878
6, 56,0,1.70,233,NaN,NaN,-1.000
6, 57,1,1.70,162,322,623, 0.646
6, 58,1,1.70,215,233,529, 0.835
6, 59,1,1.60,  1,622,498, 1.775
6, 60,1,1.60, 60,453,362, 8.223
6, 61,1,1.65,146,891,788, 1.619
6, 62,1,1.60, 33,536,902, 4.119
6, 63,1,1.60, 31,380,720, 1.427
6, 64,1,1.60, 47,220,659, 0.979
6, 65,1,1.65, 88,141,839, 2.234
6, 66,1,1.60,  2,913,781, 2.815
6, 67,1,1.65, 96,410,204, 7.603
6, 68,1,1.65,119,369,562, 0.645
6, 69,1,1.70,206,676,220, 1.048
6, 70,1,1.60, 19,199,699,12.899
6, 71,1,1.60, 20,311,555, 1.085
6, 72,1,1.70,185,258,956, 1.704
6, 73,1,1.60, 18,312,195, 2.723
6, 74,1,1.65,107,643,716, 2.138
6, 75,1,1.70,224,740,668, 0.817
6, 76,0,1.60, 79,NaN,NaN,-1.000
6, 77,1,1.65,114,191,718, 2.380
6, 78,1,1.70,190,576,327, 0.560
6, 79,1,1.65,145,859,463, 1.718
6, 80,1,1.60, 28,350,547, 1.582
6, 81,1,1.70,211,703,694, 0.862
6, 82,1,1.70,180,228,721, 0.688
6, 83,1,1.70,216,470,721, 0.560
6, 84,1,1.70,184,917,294, 1.326
6, 85,1,1.60, 56,700, 96, 1.231
6, 86,1,1.70,193,581,125, 1.095
6, 87,0,1.60, 80,NaN,NaN,-1.000
6, 88,1,1.65,127,567,299, 1.923
6, 89,1,1.65, 82,322,374, 1.640
6, 90,1,1.65, 98,430,772, 0.745
6, 91,1,1.60,  8,421,916,13.714
6, 92,1,1.65, 92,160,196, 2.553
6, 93,1,1.65,137,419,486, 0.560
6, 94,1,1.65,112,734,524, 4.906
6, 95,1,1.60, 22,388,881,20.718
6, 96,1,1.70,219,790,322, 1.080
6, 97,1,1.70,214,696, 77, 1.294
6, 98,1,1.70,203,637,574, 0.584
6, 99,1,1.65, 97,641,751, 0.677
6,100,1,1.70,209,652,175, 0.552
6,101,0,1.65,151,NaN,NaN,-1.000
6,102,1,1.65,122,443,650, 0.606
6,103,1,1.70,200,511,298, 0.534
6,104,1,1.65,136, 92,278, 3.252
6,105,1,1.70,228,871,349, 0.836
6,106,1,1.65,134,280,642, 1.573
6,107,1,1.60, 61,158,692, 0.822
6,108,1,1.70,222,931,161, 0.811
6,109,1,1.60, 34,278,259,-1.000
6,110,1,1.65,126,751,433, 0.616
6,111,1,1.70,165,350,412, 0.559
6,112,1,1.70,191,384,889, 0.631
6,113,1,1.70,194,535,120, 0.884
6,114,1,1.65, 84,470,891, 0.619
6,115,1,1.60, 17,727,440, 0.707
6,116,1,1.65,113,796,502, 0.781
6,117,0,1.70,238,NaN,NaN,-1.000
6,118,1,1.60,  9,143,208, 2.102
6,119,1,1.60, 55,380,589, 0.536
6,120,1,1.60, 65,280,261,-1.000
6,121,0,1.60, 76,NaN,NaN,-1.000
6,122,1,1.70,192,382, 76, 0.639
6,123,0,1.65,154,NaN,NaN,-1.000
6,124,1,1.60,  4,631,811,14.070
6,125,1,1.65,130,632,117, 1.624
6,126,1,1.65,103,583,647, 0.728
6,127,1,1.65,106,672,402, 1.659
6,128,1,1.65, 89,441,912, 2.443
6,129,1,1.60, 36,916,204, 4.001
6,130,1,1.70,183,461,177, 0.678
6,131,1,1.65,100,865,377, 1.808
6,132,0,1.60, 78,NaN,NaN,-1.000
6,133,1,1.60, 57,377,647,-1.000
6,134,0,1.70,234,NaN,NaN,-1.000
6,135,0,1.70,232,NaN,NaN,-1.000
6,136,1,1.60, 52,860,644, 4.735
6,137,1,1.60, 54,622,646,49.347
6,138,1,1.60, 67,825,931, 7.583
6,139,1,1.65,147,455,636, 0.580
6,140,1,1.70,227,430,219, 0.572
6,141,1,1.70,207,617,620, 0.530
6,142,0,1.70,240,NaN,NaN,-1.000
6,143,1,1.65,116,118,681, 0.947
6,144,1,1.65,105,954,344, 1.444
6,145,0,1.65,157,NaN,NaN,-1.000
6,146,1,1.60, 29,745,317, 4.439
6,147,1,1.70,181,535,956, 3.682
6,148,1,1.65, 90,753,704, 1.720
6,149,1,1.70,172,485,925, 0.620
6,150,1,1.65,118,581,843, 0.536
6,151,1,1.60, 24,509,922,22.298
6,152,1,1.65,117,375,144,25.683
6,153,1,1.60, 39,528,342, 0.630
6,154,1,1.70,169,314,115, 0.644
6,155,1,1.70,189, 84,872, 1.121
6,156,1,1.70,176,736,583, 1.169
6,157,1,1.65, 95,710,666, 4.185
6,158,1,1.65,110,381,436, 0.531
6,159,0,1.70,237,NaN,NaN,-1.000
6,160,1,1.65, 99,813,943, 1.207
6,161,1,1.70,174,849,171, 0.800
6,162,1,1.70,167,293,404, 0.787
6,163,1,1.65,120,269,612, 0.749
6,164,1,1.60, 40,444,232, 5.670
6,165,1,1.70,225,773,680, 0.816
6,166,1,1.70,195,789,385, 1.208
6,167,1,1.65, 93,433,877, 0.836
6,168,1,1.60, 11,279,204, 7.764
6,169,1,1.60, 21,155,715, 5.210
6,170,1,1.65,129,366,511, 2.012
6,171,0,1.65,153,NaN,NaN,-1.000
6,172,1,1.70,171,269,726, 0.755
6,173,1,1.65, 85,957,271, 1.167
6,174,1,1.70,178,376,310, 0.704
6,175,0,1.65,159,NaN,NaN,-1.000
6,176,1,1.70,230,235,883, 0.716
6,177,1,1.70,221,116,832, 0.810
6,178,1,1.65,150,420,475, 1.252
6,179,1,1.70,220,848,940, 1.335
6,180,1,1.65,111,609,580, 0.763
6,181,1,1.60, 37,306,678, 0.835
6,182,1,1.65, 81,451,349, 0.558
6,183,1,1.70,204,250,842, 0.566
6,184,1,1.65,102,199,927, 0.690
6,185,1,1.70,173,462,824, 0.632
6,186,1,1.60, 43,215,389, 1.671
6,187,1,1.60, 45,814, 61, 1.980
6,188,1,1.65,101,636,749, 0.476
6,189,1,1.65,125,895,526, 1.833
6,190,1,1.70,213,315,949, 3.623
6,191,1,1.60, 41,594,779, 1.495
6,192,1,1.60, 25,842,661, 2.237
6,193,0,1.60, 72,NaN,NaN,15.981
6,194,0,1.65,156,NaN,NaN,-1.000
6,195,1,1.60, 38,292,481,11.445
6,196,1,1.60, 68,238,246, 4.836
6,197,1,1.70,201,785,683, 0.713
6,198,1,1.65, 86,165,894, 2.435
6,199,1,1.70,175,404,534, 1.168
6,200,1,1.60, 63,124,462, 1.612
6,201,1,1.70,186,135,964, 0.812
6,202,1,1.60,  3,842,456, 7.693
6,203,1,1.70,187,719,869, 0.688
6,204,1,1.65,143,436,385, 0.714
6,205,1,1.65, 94,503,836, 0.716
6,206,1,1.60, 48,745,422,31.291
6,207,1,1.70,166,316,422, 0.536
6,208,1,1.60, 27,351,297, 1.900
6,209,1,1.65,149,193,503, 2.344
6,210,1,1.65, 83,403,606, 0.629
6,211,1,1.60, 26,838,677, 1.928
6,212,0,1.60, 77,NaN,NaN,-1.000
6,213,1,1.60, 12,456,955, 1.805
6,214,1,1.70,226,905,279, 2.664
6,215,1,1.60,  5,944,756,20.714
6,216,1,1.70,161,626, 73, 0.833
6,217,0,1.60, 74,NaN,NaN,-1.000
6,218,1,1.60, 70,865,179, 2.823
6,219,0,1.70,239,NaN,NaN,-1.000
6,220,1,1.65,142,719, 95, 1.039
6,221,1,1.60, 15,698,389, 1.584
6,222,1,1.60, 35,897,756,15.528
6,223,0,1.70,231,NaN,NaN,-1.000
6,224,1,1.60, 64,734,915, 1.592
6,225,1,1.65,108,407,424, 2.661
6,226,1,1.60, 59, 87,466,24.778
6,227,1,1.60, 50,451,956, 7.252
6,228,0,1.70,236,NaN,NaN,-1.000
6,229,1,1.65, 87,244,662, 1.153
6,230,1,1.70,197,105, 67, 4.599
6,231,1,1.60, 32,712,637, 1.973
6,232,1,1.60, 14,208,689, 0.988
6,233,1,1.60,  6,181,416, 3.399
6,234,0,1.65,160,NaN,NaN,-1.000
6,235,1,1.70,210,553,639, 0.486
6,236,1,1.60, 49,763,275, 5.664
6,237,1,1.65,128,879,344, 0.839
6,238,1,1.65,132,811,835, 1.082
6,239,0,1.60, 75,NaN,NaN,27.198
6,240,1,1.60, 53,137,213, 1.445
7,  1,1,1.70,178,376,310, 0.584
7,  2,1,1.60, 14,208,689, 2.143
7,  3,1,1.65,148,254,362, 4.242
7,  4,1,1.70,193,581,125, 0.932
7,  5,1,1.65,147,455,636, 0.971
7,  6,1,1.60, 69,657,196,31.852
7,  7,0,1.60, 74,NaN,NaN,-1.000
7,  8,0,1.60, 80,NaN,NaN,-1.000
7,  9,1,1.65,114,191,718, 3.602
7, 10,1,1.60, 61,158,692, 3.400
7, 11,1,1.65, 92,160,196, 0.804
7, 12,0,1.65,158,NaN,NaN,-1.000
7, 13,1,1.65, 96,410,204, 2.303
7, 14,1,1.65,130,632,117,12.552
7, 15,1,1.65,121,769,758, 0.778
7, 16,1,1.70,201,785,683, 0.598
7, 17,1,1.70,167,293,404, 0.634
7, 18,1,1.65,109,671,858, 1.438
7, 19,1,1.65,127,567,299, 0.993
7, 20,0,1.65,157,NaN,NaN,-1.000
7, 21,1,1.65,123,823, 86, 2.188
7, 22,1,1.60, 46,426,313, 0.734
7, 23,1,1.60, 34,278,259, 2.008
7, 24,1,1.65,113,796,502, 1.211
7, 25,1,1.70,194,535,120, 0.770
7, 26,1,1.70,225,773,680, 0.673
7, 27,1,1.60, 27,351,297, 1.413
7, 28,1,1.65, 91,355,171, 8.982
7, 29,1,1.60, 23,875,608, 2.034
7, 30,1,1.60, 38,292,481,19.406
7, 31,0,1.70,239,NaN,NaN,-1.000
7, 32,0,1.60, 71,NaN,NaN,-1.000
7, 33,1,1.70,209,652,175, 0.613
7, 34,1,1.65, 82,322,374, 0.815
7, 35,1,1.70,191,384,889, 0.739
7, 36,1,1.70,163,180,636, 0.722
7, 37,1,1.65,144,171,854, 0.869
7, 38,0,1.70,238,NaN,NaN,-1.000
7, 39,1,1.60, 47,220,659, 1.132
7, 40,1,1.70,219,790,322, 0.992
7, 41,0,1.70,233,NaN,NaN,-1.000
7, 42,1,1.60,  4,631,811, 1.319
7, 43,1,1.60, 57,377,647, 1.232
7, 44,1,1.65,117,375,144,11.450
7, 45,1,1.60, 70,865,179, 1.543
7, 46,1,1.65,119,369,562, 0.684
7, 47,1,1.65,129,366,511, 0.918
7, 48,1,1.70,214,696, 77, 1.008
7, 49,0,1.65,160,NaN,NaN,-1.000
7, 50,1,1.60, 35,897,756,13.668
7, 51,1,1.65, 84,470,891, 2.597
7, 52,1,1.60, 11,279,204, 6.421
7, 53,1,1.60, 44,803,698, 5.117
7, 54,1,1.65,141,832,625, 1.320
7, 55,1,1.60, 16,852,515, 1.593
7, 56,1,1.70,168,516,740, 0.946
7, 57,1,1.70,217, 77,198, 2.705
7, 58,1,1.65, 90,753,704, 1.567
7, 59,1,1.65,124,617,260, 0.884
7, 60,1,1.60, 45,814, 61, 5.706
7, 61,1,1.60,  8,421,916, 3.763
7, 62,1,1.65,104,241,562, 2.267
7, 63,1,1.70,224,740,668, 0.900
7, 64,1,1.70,182,731,234, 0.863
7, 65,1,1.65,139,337,490, 0.900
7, 66,1,1.60, 17,727,440, 0.751
7, 67,1,1.65,102,199,927, 1.116
7, 68,1,1.70,229,478,936, 0.741
7, 69,1,1.70,213,315,949, 1.234
7, 70,1,1.65,108,407,424, 1.043
7, 71,1,1.65,107,643,716, 0.708
7, 72,1,1.65, 83,403,606, 0.707
7, 73,0,1.65,153,NaN,NaN,-1.000
7, 74,1,1.60, 65,280,261,12.836
7, 75,1,1.65,137,419,486, 0.626
7, 76,1,1.70,161,626, 73, 0.902
7, 77,0,1.60, 79,NaN,NaN,-1.000
7, 78,1,1.70,170,742,289, 1.772
7, 79,1,1.65,138,931,611, 3.699
7, 80,1,1.60, 32,712,637, 1.177
7, 81,1,1.65,125,895,526, 1.103
7, 82,1,1.60,  9,143,208, 3.117
7, 83,1,1.65,145,859,463, 2.144
7, 84,1,1.65,101,636,749, 0.898
7, 85,1,1.60, 48,745,422, 1.935
7, 86,1,1.60, 56,700, 96, 1.896
7, 87,1,1.60, 68,238,246, 0.972
7, 88,1,1.70,171,269,726, 0.755
7, 89,1,1.60, 53,137,213, 5.645
7, 90,1,1.65, 81,451,349, 0.827
7, 91,1,1.65,110,381,436, 0.803
7, 92,1,1.70,177, 90,455, 0.853
7, 93,1,1.65,140,612,166, 0.862
7, 94,1,1.65,116,118,681, 1.075
7, 95,1,1.65,143,436,385, 3.357
7, 96,1,1.60,  2,913,781, 1.938
7, 97,1,1.60,  7,958,939, 2.647
7, 98,1,1.65,122,443,650, 0.786
7, 99,1,1.65,100,865,377, 1.869
7,100,1,1.65, 88,141,839, 1.166
7,101,1,1.65,132,811,835, 2.464
7,102,1,1.65,146,891,788, 0.865
7,103,1,1.60, 60,453,362, 1.746
7,104,0,1.65,159,NaN,NaN, 0.433
7,105,1,1.60, 54,622,646,-1.000
7,106,1,1.60, 42,543,656, 1.217
7,107,1,1.65, 85,957,271, 1.627
7,108,1,1.60, 15,698,389, 0.886
7,109,1,1.60, 36,916,204, 1.939
7,110,1,1.60,  3,842,456, 0.981
7,111,1,1.60, 10,204,619, 1.447
7,112,1,1.65, 93,433,877, 1.053
7,113,1,1.70,184,917,294, 1.627
7,114,1,1.60, 50,451,956,24.715
7,115,1,1.60,  1,622,498, 1.678
7,116,1,1.65,142,719, 95,11.536
7,117,1,1.70,220,848,940, 1.288
7,118,1,1.70,176,736,583, 1.060
7,119,1,1.65,131,920,773, 1.042
7,120,0,1.70,231,NaN,NaN,-1.000
7,121,0,1.70,237,NaN,NaN,-1.000
7,122,1,1.65,150,420,475, 0.912
7,123,1,1.70,210,553,639, 0.901
7,124,1,1.60, 26,838,677, 1.419
7,125,0,1.65,151,NaN,NaN,-1.000
7,126,1,1.60, 29,745,317, 1.081
7,127,1,1.70,189, 84,872, 2.274
7,128,1,1.70,204,250,842, 0.933
7,129,1,1.70,227,430,219, 0.826
7,130,1,1.60, 24,509,922, 2.929
7,131,1,1.60,  6,181,416,27.414
7,132,1,1.70,180,228,721, 0.863
7,133,1,1.65,149,193,503, 0.877
7,134,1,1.60, 41,594,779, 1.036
7,135,1,1.60,  5,944,756, 6.100
7,136,1,1.65, 97,641,751, 0.927
7,137,1,1.60, 37,306,678, 0.801
7,138,1,1.65,112,734,524, 1.867
7,139,1,1.70,205,270,772, 0.818
7,140,1,1.70,172,485,925, 0.977
7,141,0,1.65,155,NaN,NaN,-1.000
7,142,1,1.60, 18,312,195, 1.461
7,143,1,1.70,207,617,620, 0.721
7,144,0,1.65,152,NaN,NaN,-1.000
7,145,1,1.60, 59, 87,466, 1.663
7,146,0,1.60, 75,NaN,NaN,-1.000
7,147,1,1.60, 43,215,389, 0.683
7,148,0,1.60, 76,NaN,NaN,-1.000
7,149,1,1.70,175,404,534, 0.598
7,150,1,1.70,183,461,177, 0.849
7,151,1,1.70,190,576,327, 0.841
7,152,0,1.70,240,NaN,NaN,-1.000
7,153,1,1.70,230,235,883, 0.892
7,154,1,1.60, 22,388,881, 2.407
7,155,1,1.70,226,905,279, 2.072
7,156,0,1.60, 78,NaN,NaN,-1.000
7,157,1,1.70,208,676,188, 0.874
7,158,1,1.70,166,316,422, 0.688
7,159,1,1.65, 98,430,772, 0.780
7,160,1,1.70,211,703,694, 0.786
7,161,0,1.60, 72,NaN,NaN,-1.000
7,162,1,1.70,223,126,781, 0.683
7,163,1,1.60, 39,528,342, 0.743
7,164,1,1.65,134,280,642, 0.913
7,165,1,1.70,196,296,911, 0.886
7,166,1,1.70,215,233,529, 0.767
7,167,1,1.60, 40,444,232, 3.659
7,168,0,1.70,236,NaN,NaN,-1.000
7,169,1,1.70,173,462,824, 1.106
7,170,1,1.60, 52,860,644, 2.873
7,171,0,1.65,156,NaN,NaN,-1.000
7,172,1,1.60, 55,380,589, 0.676
7,173,1,1.60, 58,735,710, 1.059
7,174,1,1.60, 67,825,931,11.416
7,175,1,1.70,186,135,964, 1.163
7,176,1,1.70,200,511,298, 0.672
7,177,1,1.60, 63,124,462, 1.624
7,178,1,1.70,195,789,385, 0.806
7,179,1,1.60, 62,716,745, 2.284
7,180,1,1.70,188,215,467, 0.973
7,181,1,1.60, 20,311,555, 1.166
7,182,1,1.65,103,583,647, 1.178
7,183,1,1.70,162,322,623, 1.224
7,184,1,1.65,135,550, 61, 4.758
7,185,1,1.60, 19,199,699, 1.693
7,186,1,1.65,115,721,497, 1.320
7,187,1,1.70,222,931,161, 1.249
7,188,1,1.65,136, 92,278, 1.321
7,189,1,1.60, 25,842,661, 2.040
7,190,1,1.65,128,879,344, 1.240
7,191,0,1.70,234,NaN,NaN,-1.000
7,192,1,1.60, 12,456,955,10.674
7,193,1,1.65,106,672,402, 3.113
7,194,1,1.70,199, 65,271, 1.121
7,195,1,1.60, 31,380,720, 1.144
7,196,1,1.70,187,719,869, 1.122
7,197,1,1.70,221,116,832, 0.842
7,198,1,1.70,206,676,220, 1.347
7,199,1,1.65,105,954,344, 1.658
7,200,1,1.60, 33,536,902, 1.085
7,201,1,1.70,179,873,778, 1.156
7,202,1,1.60, 28,350,547, 1.300
7,203,1,1.70,185,258,956, 2.287
7,204,0,1.60, 77,NaN,NaN,-1.000
7,205,1,1.60, 49,763,275, 4.048
7,206,1,1.65, 99,813,943, 1.732
7,207,1,1.70,192,382, 76, 0.656
7,208,0,1.60, 73,NaN,NaN,-1.000
7,209,1,1.60, 66,887,238, 5.054
7,210,1,1.65, 87,244,662, 0.626
7,211,0,1.70,235,NaN,NaN,-1.000
7,212,1,1.65, 95,710,666, 0.806
7,213,1,1.70,212,318,798, 0.818
7,214,1,1.70,218,389,284, 0.749
7,215,1,1.65,126,751,433, 1.017
7,216,1,1.65,120,269,612, 0.756
7,217,0,1.70,232,NaN,NaN,-1.000
7,218,1,1.70,198,240,956, 0.639
7,219,1,1.65, 86,165,894, 1.047
7,220,1,1.70,216,470,721, 0.701
7,221,1,1.60, 13,867,538, 1.696
7,222,1,1.60, 21,155,715, 1.507
7,223,1,1.65, 89,441,912, 1.828
7,224,1,1.65,118,581,843, 0.687
7,225,1,1.65, 94,503,836, 3.073
7,226,1,1.60, 64,734,915,10.056
7,227,1,1.70,174,849,171, 1.192
7,228,1,1.70,203,637,574, 0.751
7,229,1,1.60, 51,700,218, 0.980
7,230,0,1.65,154,NaN,NaN,-1.000
7,231,1,1.65,133,687,206, 0.760
7,232,1,1.70,164,252,602, 0.696
7,233,1,1.70,169,314,115, 1.207
7,234,1,1.70,228,871,349, 0.783
7,235,1,1.65,111,609,580, 0.592
7,236,1,1.60, 30,859,582, 2.117
7,237,1,1.70,181,535,956, 0.960
7,238,1,1.70,202,135, 98, 0.842
7,239,1,1.70,165,350,412, 3.583
7,240,1,1.70,197,105, 67, 0.683
9,  1,0,1.60, 80,NaN,NaN,-1.000
9,  2,1,1.60, 65,280,261,35.562
9,  3,1,1.60, 16,852,515, 1.652
9,  4,0,1.60, 71,NaN,NaN, 0.932
9,  5,1,1.70,186,135,964, 1.087
9,  6,1,1.65,123,823, 86, 1.969
9,  7,1,1.70,179,873,778, 1.461
9,  8,1,1.70,200,511,298, 0.791
9,  9,1,1.70,169,314,115, 0.727
9, 10,1,1.60, 39,528,342, 0.655
9, 11,1,1.60, 58,735,710, 2.013
9, 12,1,1.60, 18,312,195, 0.647
9, 13,1,1.70,178,376,310, 0.587
9, 14,1,1.60, 70,865,179, 0.610
9, 15,1,1.70,220,848,940, 1.216
9, 16,1,1.60, 60,453,362, 4.942
9, 17,1,1.60, 55,380,589, 0.670
9, 18,1,1.60, 38,292,481, 3.952
9, 19,1,1.65, 93,433,877, 1.326
9, 20,1,1.65,108,407,424, 0.668
9, 21,1,1.60, 69,657,196,28.058
9, 22,1,1.70,170,742,289, 0.772
9, 23,1,1.65, 95,710,666, 1.471
9, 24,1,1.70,209,652,175, 0.572
9, 25,1,1.65,143,436,385, 6.811
9, 26,0,1.65,151,NaN,NaN,-1.000
9, 27,1,1.60, 35,897,756, 6.041
9, 28,1,1.60, 13,867,538,24.403
9, 29,1,1.70,216,470,721, 0.771
9, 30,1,1.70,161,626, 73, 0.787
9, 31,1,1.70,223,126,781, 0.774
9, 32,1,1.65,106,672,402,11.115
9, 33,1,1.70,180,228,721, 1.120
9, 34,1,1.70,219,790,322, 0.806
9, 35,0,1.70,234,NaN,NaN,-1.000
9, 36,1,1.70,167,293,404, 0.619
9, 37,1,1.60, 64,734,915,23.227
9, 38,1,1.60, 31,380,720, 0.962
9, 39,0,1.65,158,NaN,NaN,-1.000
9, 40,1,1.60, 23,875,608, 5.012
9, 41,1,1.65,104,241,562, 4.111
9, 42,0,1.70,233,NaN,NaN,-1.000
9, 43,1,1.70,191,384,889, 0.569
9, 44,1,1.65,101,636,749, 0.678
9, 45,1,1.70,208,676,188, 0.655
9, 46,1,1.65,100,865,377,22.160
9, 47,0,1.70,232,NaN,NaN,-1.000
9, 48,1,1.60, 21,155,715,12.780
9, 49,1,1.65,122,443,650, 0.606
9, 50,1,1.65, 84,470,891, 3.880
9, 51,1,1.60,  9,143,208, 2.881
9, 52,0,1.65,153,NaN,NaN,-1.000
9, 53,1,1.65,145,859,463, 1.466
9, 54,1,1.60, 15,698,389,10.992
9, 55,1,1.70,165,350,412, 0.608
9, 56,1,1.70,206,676,220, 0.517
9, 57,1,1.70,187,719,869, 0.899
9, 58,1,1.70,213,315,949, 0.620
9, 59,1,1.65, 90,753,704, 3.296
9, 60,1,1.70,168,516,740, 0.657
9, 61,1,1.70,173,462,824, 1.624
9, 62,1,1.60, 41,594,779, 0.673
9, 63,1,1.60, 63,124,462, 1.232
9, 64,1,1.65,141,832,625, 1.508
9, 65,1,1.60,  7,958,939,11.385
9, 66,0,1.70,235,NaN,NaN,-1.000
9, 67,1,1.70,215,233,529, 0.528
9, 68,1,1.60, 46,426,313, 0.612
9, 69,1,1.70,174,849,171, 1.027
9, 70,1,1.60, 62,716,745, 3.660
9, 71,1,1.60, 27,351,297, 4.268
9, 72,0,1.60, 74,NaN,NaN,-1.000
9, 73,1,1.70,210,553,639, 0.562
9, 74,1,1.65,107,643,716, 0.512
9, 75,1,1.60, 68,238,246, 0.912
9, 76,1,1.70,217, 77,198, 1.448
9, 77,0,1.65,155,NaN,NaN,-1.000
9, 78,0,1.70,236,NaN,NaN,-1.000
9, 79,0,1.70,238,NaN,NaN,-1.000
9, 80,1,1.70,196,296,911, 0.701
9, 81,1,1.65, 91,355,171, 5.872
9, 82,1,1.70,166,316,422, 0.445
9, 83,1,1.60, 25,842,661, 9.031
9, 84,1,1.70,227,430,219, 0.606
9, 85,1,1.65,138,931,611, 0.829
9, 86,1,1.65,124,617,260, 0.786
9, 87,1,1.60, 36,916,204, 1.328
9, 88,1,1.65, 97,641,751, 2.312
9, 89,1,1.70,181,535,956, 0.647
9, 90,1,1.65,137,419,486, 0.489
9, 91,1,1.60, 59, 87,466, 3.045
9, 92,1,1.70,172,485,925, 0.756
9, 93,1,1.70,177, 90,455, 0.549
9, 94,1,1.70,205,270,772, 0.919
9, 95,1,1.70,198,240,956, 0.608
9, 96,1,1.60, 29,745,317, 1.174
9, 97,0,1.65,160,NaN,NaN,-1.000
9, 98,1,1.70,226,905,279, 0.981
9, 99,1,1.60, 34,278,259,14.439
9,100,1,1.70,195,789,385, 0.797
9,101,1,1.65, 82,322,374, 1.184
9,102,1,1.70,162,322,623, 0.587
9,103,1,1.70,221,116,832, 0.653
9,104,1,1.60, 44,803,698, 1.430
9,105,0,1.60, 77,NaN,NaN,-1.000
9,106,0,1.70,237,NaN,NaN, 3.901
9,107,0,1.70,239,NaN,NaN,-1.000
9,108,1,1.60, 51,700,218, 1.140
9,109,0,1.60, 75,NaN,NaN,-1.000
9,110,1,1.65,148,254,362, 1.964
9,111,1,1.60, 37,306,678, 2.881
9,112,1,1.65,112,734,524, 2.627
9,113,0,1.65,152,NaN,NaN,-1.000
9,114,1,1.65,142,719, 95, 1.066
9,115,1,1.60, 56,700, 96, 1.282
9,116,1,1.70,171,269,726, 0.795
9,117,1,1.65,125,895,526, 0.623
9,118,1,1.65,121,769,758, 2.280
9,119,1,1.65,103,583,647, 6.092
9,120,1,1.60, 17,727,440, 0.881
9,121,1,1.70,176,736,583, 0.663
9,122,1,1.60, 48,745,422, 1.321
9,123,0,1.60, 76,NaN,NaN,-1.000
9,124,1,1.70,194,535,120, 0.643
9,125,1,1.60, 52,860,644, 2.376
9,126,1,1.65,115,721,497, 0.776
9,127,1,1.65,113,796,502, 0.702
9,128,1,1.65, 94,503,836, 2.426
9,129,1,1.60, 43,215,389, 1.049
9,130,1,1.60,  5,944,756, 8.705
9,131,1,1.65,147,455,636, 0.610
9,132,1,1.60, 67,825,931, 2.224
9,133,1,1.60, 33,536,902, 0.874
9,134,0,1.70,231,NaN,NaN,-1.000
9,135,1,1.60, 28,350,547, 0.768
9,136,1,1.60, 57,377,647,10.812
9,137,0,1.65,159,NaN,NaN,-1.000
9,138,1,1.65,140,612,166, 0.895
9,139,1,1.65,109,671,858, 0.817
9,140,1,1.60, 20,311,555, 9.652
9,141,1,1.60, 30,859,582, 4.194
9,142,1,1.70,214,696, 77, 0.765
9,143,1,1.70,230,235,883, 1.392
9,144,1,1.65,139,337,490, 0.575
9,145,1,1.65,102,199,927, 0.623
9,146,1,1.60, 11,279,204, 4.804
9,147,1,1.65,150,420,475, 0.779
9,148,1,1.70,229,478,936, 0.694
9,149,1,1.70,218,389,284, 0.515
9,150,1,1.65,135,550, 61, 2.460
9,151,1,1.65, 83,403,606, 0.647
9,152,1,1.70,193,581,125, 0.910
9,153,1,1.70,197,105, 67, 0.996
9,154,0,1.70,240,NaN,NaN,-1.000
9,155,1,1.65, 92,160,196, 2.499
9,156,1,1.70,192,382, 76, 0.553
9,157,1,1.70,190,576,327, 0.525
9,158,1,1.60,  6,181,416,14.289
9,159,1,1.65,128,879,344, 1.257
9,160,1,1.60, 42,543,656, 7.083
9,161,1,1.65,126,751,433, 0.564
9,162,1,1.65,120,269,612, 0.788
9,163,1,1.65,110,381,436, 0.466
9,164,1,1.60, 53,137,213, 4.421
9,165,1,1.70,212,318,798, 0.595
9,166,0,1.65,157,NaN,NaN,-1.000
9,167,1,1.60, 24,509,922,13.596
9,168,1,1.60,  2,913,781, 4.828
9,169,1,1.65, 86,165,894, 0.884
9,170,1,1.60, 10,204,619, 0.704
9,171,1,1.60, 40,444,232, 1.084
9,172,1,1.70,204,250,842, 0.560
9,173,1,1.60, 47,220,659, 2.818
9,174,1,1.70,225,773,680, 0.721
9,175,1,1.60,  1,622,498, 0.885
9,176,1,1.65,105,954,344, 2.479
9,177,1,1.65,133,687,206, 0.775
9,178,1,1.60, 22,388,881, 2.153
9,179,1,1.70,188,215,467, 1.364
9,180,1,1.70,164,252,602, 0.546
9,181,1,1.70,222,931,161, 0.692
9,182,1,1.70,202,135, 98, 0.620
9,183,1,1.70,211,703,694, 0.585
9,184,1,1.65,129,366,511, 3.284
9,185,0,1.65,154,NaN,NaN,-1.000
9,186,1,1.60, 49,763,275, 1.913
9,187,1,1.65,117,375,144, 1.147
9,188,1,1.65,131,920,773, 1.028
9,189,1,1.65, 96,410,204, 2.645
9,190,1,1.65, 89,441,912, 7.454
9,191,1,1.70,189, 84,872, 1.146
9,192,1,1.60, 12,456,955,12.644
9,193,1,1.70,185,258,956, 1.777
9,194,1,1.70,182,731,234, 0.642
9,195,1,1.65,144,171,854, 1.193
9,196,0,1.60, 79,NaN,NaN,-1.000
9,197,1,1.60, 45,814, 61, 1.684
9,198,1,1.65, 88,141,839, 1.469
9,199,1,1.70,184,917,294, 0.897
9,200,1,1.70,175,404,534, 0.620
9,201,1,1.70,199, 65,271, 1.292
9,202,1,1.65,116,118,681, 0.690
9,203,0,1.65,156,NaN,NaN,-1.000
9,204,1,1.70,224,740,668, 0.625
9,205,1,1.65,130,632,117, 4.040
9,206,1,1.65,134,280,642, 1.544
9,207,1,1.70,203,637,574, 0.645
9,208,1,1.60,  4,631,811, 8.021
9,209,1,1.65,114,191,718, 1.194
9,210,1,1.65,127,567,299, 2.677
9,211,1,1.65, 87,244,662, 0.573
9,212,1,1.60, 50,451,956,20.568
9,213,1,1.65,146,891,788, 1.495
9,214,1,1.60, 32,712,637, 1.041
9,215,1,1.70,163,180,636, 0.800
9,216,1,1.65,149,193,503, 0.848
9,217,1,1.60, 14,208,689, 8.344
9,218,1,1.65, 98,430,772, 0.945
9,219,1,1.60, 26,838,677, 1.626
9,220,1,1.65, 99,813,943, 1.040
9,221,1,1.70,207,617,620, 0.644
9,222,1,1.70,201,785,683, 0.488
9,223,1,1.60, 66,887,238,40.348
9,224,1,1.60, 61,158,692, 1.207
9,225,1,1.65,136, 92,278, 4.622
9,226,1,1.60,  3,842,456, 5.701
9,227,1,1.65,132,811,835, 1.471
9,228,1,1.70,228,871,349, 0.726
9,229,1,1.65, 85,957,271, 0.920
9,230,1,1.65,111,609,580, 0.644
9,231,1,1.70,183,461,177, 0.496
9,232,1,1.65,119,369,562, 0.489
9,233,1,1.60,  8,421,916, 3.465
9,234,1,1.60, 54,622,646,18.758
9,235,1,1.65, 81,451,349, 0.516
9,236,0,1.60, 72,NaN,NaN,-1.000
9,237,1,1.65,118,581,843, 0.835
9,238,0,1.60, 73,NaN,NaN,-1.000
9,239,1,1.60, 19,199,699, 1.518
9,240,0,1.60, 78,NaN,NaN,-1.000
