Data properties:
 
Recording date: 20/06/2007
Recording time : 14:08:44:843 (corresponds to time 0)
Study: Alasdair
Subject: GW
Recording: gw1
Screen resolution: 1600 x 1200
Coordinate unit: Pixels
 
 
Filter settings:
 
Eye: Average
Validity level: Normal
Fixation radius: 30
Min duration: 100
 
Fix number	Timestamp	Duration	GazepointX	GazepointY
 
1	1213	140	801	597
2	1392	1595	832	534
3	3007	239	775	524
4	3386	139	604	139
5	3764	419	1036	198
6	4203	359	1196	306
7	4602	279	1164	222
8	4941	379	1233	731
9	5360	239	1057	889
10	5698	219	960	951
11	5978	379	1175	970
12	6416	339	612	1011
13	6815	239	705	940
14	7074	180	735	912
15	7313	399	783	852
16	7752	359	775	817
17	8171	159	659	747
18	8390	259	457	749
19	8689	319	416	599
20	9028	100	471	620
21	9227	279	412	310
22	9546	259	415	303
23	9925	199	324	282
24	10244	538	855	236
25	10842	239	768	-24
26	11201	160	752	651
27	11380	299	731	526
28	11739	120	687	699
29	11899	438	657	428
30	12457	1236	751	911
31	13733	638	905	764
32	14391	518	882	690
33	14929	259	864	612
34	15288	279	927	324
35	15587	160	898	231
36	15787	179	933	12
37	16006	299	1108	293
38	16345	279	1056	536
39	16684	319	1020	993
40	17023	160	1047	894
41	17222	419	1217	779
42	17700	319	1242	334
43	18119	140	1364	-127
44	18498	160	1218	969
45	18757	917	1205	730
46	19694	259	1122	701
47	19993	598	842	572
48	20631	219	1015	906
49	20910	698	835	544
50	21648	558	780	470
51	22266	219	629	154
52	22525	139	1158	87
53	22744	239	1115	912
54	23004	219	1033	884
55	23343	180	566	984
56	23562	140	717	1002
57	23761	438	756	1006
58	24260	359	379	954
59	24678	319	437	658
60	25077	160	1221	195
61	25456	140	1270	90
62	25715	279	1251	527
63	26054	239	1184	779
64	26433	857	1190	769
65	27470	179	868	586
66	27788	1755	843	549
67	29583	179	1128	496
68	29842	259	1182	828
69	30141	419	682	859
70	30620	459	568	668
71	31138	439	1174	988
72	31597	558	1147	974
73	32215	339	556	969
74	32633	299	501	185
75	33012	279	1215	87
76	33371	558	1143	333
77	33969	259	1065	-39
78	34288	140	678	688
79	34447	160	678	670
80	34647	279	739	512
81	34986	239	413	820
82	35385	219	1330	629
83	35624	499	1282	617
84	36641	777	871	551
85	37438	698	873	517
86	38176	160	460	533
87	38355	259	418	542
88	38654	479	858	586
89	39153	538	820	552
90	40030	1754	847	547
91	41824	299	575	627
92	42183	339	659	64
93	42542	239	666	367
94	42801	199	638	484
95	43020	299	601	521
96	43459	259	1196	143
97	43738	419	907	213
98	44197	359	1037	330
99	44595	478	642	305
100	45114	438	486	333
101	45592	279	642	436
102	45931	279	964	435
103	46270	379	1138	448
104	46768	1695	1161	532
105	48483	439	1117	492
106	48942	219	1110	551
107	49221	339	671	576
108	49600	538	373	596
109	50218	279	439	677
110	50537	439	662	713
111	51055	618	941	958
112	51713	299	952	963
113	52072	159	844	568
114	52371	499	826	590
115	52889	1435	830	548
116	54384	239	936	895
117	54683	459	925	880
118	55162	339	910	871
119	55521	439	848	841
120	56019	419	446	854
121	56478	219	386	660
122	56896	538	329	642
123	57495	498	1079	768
124	58033	319	957	619
125	58432	459	855	518
126	58950	379	737	309
127	59369	160	868	172
128	59608	459	619	250
129	60106	339	1051	185
130	60465	160	1107	190
131	60684	219	482	202
132	60964	100	614	885
133	61083	140	616	879
134	61263	319	791	575
135	61622	498	867	546
136	62160	1216	832	483
137	63436	299	873	71
138	63894	159	578	33
139	64074	239	563	123
140	64333	259	634	201
141	64612	339	605	212
142	64971	897	581	193
143	65888	339	419	162
144	66327	479	1230	199
145	66905	279	1195	532
146	67224	219	960	420
147	67483	339	660	408
148	67862	658	440	470
149	68560	279	593	481
150	68879	458	921	495
151	69357	379	961	565
152	69756	638	1145	585
153	70414	538	930	581
154	70992	479	623	581
155	71510	219	466	656
156	71769	459	938	758
157	72268	399	1003	996
158	72706	219	890	824
159	72986	339	433	976
160	73344	180	401	889
161	73624	139	598	105
162	73883	339	1117	5
163	74262	219	1321	188
164	74740	1136	809	541
165	75896	479	825	449
166	76454	359	846	495
167	76853	199	591	128
168	77113	239	1169	946
169	77431	518	1113	783
170	77990	279	1204	1032
171	78369	678	1124	790
172	79226	2093	845	499
173	81379	180	872	744
174	81618	139	871	774
175	81798	219	1075	957
176	82077	339	497	981
177	82575	179	483	107
178	82874	179	1038	7
179	83094	239	1096	144
180	83373	339	1055	-75
181	83771	139	964	227
182	83951	399	633	250
183	84409	199	653	442
184	84649	498	1089	451
185	85207	359	678	508
186	85586	219	578	534
187	85845	459	778	611
188	86343	598	954	579
189	86961	379	866	590
190	87380	399	1196	576
191	87859	140	940	831
192	88018	319	913	798
193	88417	319	580	988
194	88776	299	547	717
195	89095	439	549	721
196	89613	698	753	754
197	90371	319	792	768
198	90789	259	1116	979
199	91148	279	471	994
200	91527	259	683	394
201	91846	239	1080	194
202	92205	100	1208	61
203	92324	299	1013	180
204	92663	439	1158	1
205	93142	359	1288	335
206	93580	518	714	639
207	94278	1914	829	525
208	96232	219	719	452
209	96511	199	751	140
210	96770	299	1143	121
211	97129	100	1084	431
212	97289	558	1034	534
213	97887	359	1168	959
214	98325	219	726	1004
215	98585	399	473	1017
216	99023	459	740	917
217	99541	339	1165	927
218	99940	319	541	901
219	100279	239	566	857
220	100598	179	680	836
221	100917	378	820	808
222	101335	638	966	756
223	101994	399	985	707
224	102492	239	940	622
225	102811	379	901	603
226	103210	219	838	518
227	103489	319	462	537
228	103828	259	576	519
229	104147	219	930	420
230	104386	199	963	389
231	104625	319	1207	316
232	105503	160	541	89
233	105822	299	415	267
234	106161	219	673	581
235	106400	159	640	574
236	107157	100	457	56
237	107397	140	918	-45
238	107815	100	1252	10
239	108294	199	863	511
240	108533	1435	856	335
241	110008	439	909	225
242	110507	279	996	644
243	110846	120	939	865
244	111185	299	920	275
245	111524	100	839	520
246	112102	738	846	540
247	112919	738	802	464
248	113717	439	984	230
249	114215	199	501	490
250	114434	419	408	538
251	114873	259	695	564
252	115152	478	542	565
253	115950	1774	857	537
254	117764	160	741	468
255	118043	160	572	122
256	118282	100	356	12
257	118462	100	1155	-86
258	118701	339	1123	319
259	119060	399	945	380
260	119478	479	972	660
261	120037	199	949	637
262	120256	439	859	672
263	120734	419	935	768
264	121193	419	1015	851
265	121632	339	875	923
266	122010	459	778	740
267	122609	259	559	747
268	122987	678	519	864
269	123725	339	865	893
270	124104	718	986	852
271	124841	419	985	926
272	125300	279	1067	802
273	125659	120	687	276
274	125818	519	690	295
275	126576	718	851	540
276	127314	1236	817	540
277	128709	259	1191	388
278	129028	339	957	188
279	129407	139	859	210
280	129746	120	921	286
281	129925	259	883	30
282	130264	179	582	32
283	130563	319	1224	39
284	130942	180	922	199
285	131201	419	565	216
286	131680	339	608	575
287	132079	179	842	336
288	132278	459	969	365
289	132796	319	809	408
290	133155	239	683	483
291	133494	379	1075	453
292	133913	279	863	517
293	134232	199	697	543
294	134451	498	587	503
295	134989	259	877	519
296	135288	399	1119	533
297	135727	299	1036	421
298	136046	239	1072	490
299	136325	179	1212	541
300	136564	299	758	587
301	136923	239	898	627
302	137202	339	1141	626
303	137581	279	846	697
304	137880	219	795	685
305	138119	219	743	693
306	138379	319	534	729
307	138777	140	986	772
308	138937	439	995	763
309	139415	1077	1039	508
310	140532	299	557	535
311	140871	299	1065	492
312	141210	239	1018	502
313	141469	219	991	423
314	141708	977	1040	518
315	142745	339	1122	970
316	143104	399	906	1021
317	143542	179	533	991
318	143742	199	527	993
319	144340	598	830	585
320	144998	1216	814	480
321	146254	139	891	524
322	146473	299	909	885
323	146812	319	690	907
324	147191	120	708	781
325	147370	299	1219	440
326	147849	199	1236	116
327	148247	379	401	126
328	148666	319	287	25
329	149224	279	789	682
330	149543	120	793	526
331	149862	579	817	554
332	150481	618	1188	580
333	151198	478	1150	821
334	151816	359	1031	725
335	152235	399	460	875
336	152674	259	380	1023
337	153013	299	766	763
338	153331	319	674	712
339	153710	319	934	617
340	154069	239	1112	571
341	154368	319	1079	285
342	154747	439	598	194
343	155206	279	412	238
344	155544	478	1193	200
345	156063	239	1284	342
346	156382	339	1228	950
347	156760	239	1172	828
348	157139	139	1141	552
349	157319	219	1168	74
350	157658	159	1003	7
351	157877	419	609	394
352	158535	598	881	552
353	159173	1455	822	426
354	160668	180	710	280
355	160947	259	422	30
356	161266	459	1196	62
357	161785	379	1167	208
358	162263	359	1068	665
359	162702	159	1063	671
360	162981	219	1066	733
361	163360	179	1044	765
362	163639	199	963	489
363	163918	339	506	505
364	164277	239	428	459
365	164556	399	962	456
366	165014	399	1150	729
367	165573	439	1083	649
368	166051	160	909	650
369	166270	618	811	616
370	166948	319	967	680
371	167327	419	1112	694
372	167786	439	881	641
373	168264	399	785	848
374	168703	120	481	911
375	168962	279	1075	926
376	169281	259	985	749
377	169580	498	1242	667
378	170158	219	1156	1076
379	170497	120	998	906
380	170677	199	635	751
381	170976	159	455	456
382	171175	399	421	351
383	171653	379	424	969
384	172112	319	704	234
385	172471	259	559	362
386	172790	239	1059	314
387	173069	159	983	54
388	173268	319	729	114
389	173627	100	631	114
390	173827	100	461	53
391	173946	180	505	21
392	174205	618	934	823
393	175282	120	1189	-24
394	175441	180	560	-32
395	175641	359	479	-100
396	176099	219	925	863
397	176339	379	1148	868
398	176917	478	841	550
399	177435	1356	839	342
400	178831	140	1132	478
401	179090	100	1334	-116
402	179230	159	1384	-49
403	179509	160	921	1004
404	179708	219	681	840
405	180047	139	710	697
406	180266	239	476	418
407	180525	120	433	416
408	180785	239	399	86
409	181064	299	1013	17
410	181383	199	1177	115
411	181662	339	1324	220
412	182220	439	683	150
413	182698	239	601	246
414	182998	299	640	426
415	183356	339	930	296
416	183735	439	1130	408
417	184214	299	1203	456
418	184533	279	1077	481
419	184852	219	980	457
420	185111	359	699	470
421	185549	239	569	481
422	185849	319	674	644
423	186187	279	574	653
424	186506	279	727	494
425	186825	359	981	564
426	187204	279	1032	588
427	187563	219	1035	702
428	187862	379	1177	533
429	188301	419	615	634
430	188759	439	475	628
431	189377	259	648	700
432	189677	339	1016	716
433	190035	239	1161	736
434	190354	459	929	824
435	190873	498	506	812
436	191411	379	575	805
437	191850	299	996	823
438	192268	518	1141	864
439	192826	219	1249	790
440	193146	498	614	845
441	193684	319	882	1030
442	194043	239	1017	999
443	194322	219	1121	986
444	194581	160	1118	982
445	195060	458	1082	976
446	195538	219	1005	939
447	195777	239	775	923
448	196116	419	516	1005
449	196874	2014	842	542
450	198927	479	907	884
451	199465	419	953	320
452	199924	698	943	122
453	200701	718	920	926
454	201818	1894	826	518
455	203752	139	715	400
456	203911	100	672	412
457	204051	239	920	199
458	204330	100	941	165
459	204489	279	722	-16
460	205128	359	956	169
461	205526	100	958	180
462	205746	239	997	1009
463	206025	379	922	781
464	206563	159	920	206
465	206742	139	951	188
466	206922	658	962	143
467	208178	1435	831	433
468	209653	179	807	240
469	209872	299	1004	196
470	210231	219	746	154
471	210471	219	443	220
472	210750	299	614	563
473	211089	180	857	590
474	211328	439	1099	752
475	211826	259	1009	964
476	212125	259	760	801
477	212424	299	546	714
478	212803	499	571	664
479	213322	239	642	669
480	213661	359	757	646
481	214059	219	885	636
482	214318	558	1127	624
483	214936	319	1149	857
484	215315	439	740	742
485	215794	279	543	958
486	216093	279	447	886
487	216432	299	861	799
488	216850	558	1009	802
489	217429	618	1073	751
490	218087	439	930	990
491	218585	399	975	713
492	219044	199	611	585
493	219841	100	426	150
494	220000	279	712	-43
495	220359	239	297	-14
496	220678	359	905	-64
497	221097	438	1041	23
498	221595	518	687	151
499	222154	319	574	214
500	222552	319	602	176
501	222891	877	654	130
502	223828	319	1163	177
503	224187	339	1021	238
504	224566	359	866	369
505	224945	478	814	341
506	225463	279	1157	343
507	225762	239	1184	360
508	226101	339	494	371
509	226520	359	712	566
510	226998	199	877	422
511	227377	319	1060	452
512	227716	140	1175	478
513	227975	100	861	475
514	228135	139	854	505
515	228314	498	544	503
516	228852	339	695	563
517	229211	359	553	534
518	229630	299	885	544
519	230029	219	998	546
520	230288	239	1198	556
521	230567	439	760	603
522	231046	219	459	606
523	231305	499	756	607
524	231883	299	1234	601
525	232222	419	807	746
526	232700	179	812	907
527	232920	458	517	944
528	233418	379	443	807
529	233837	259	641	756
530	234176	459	1127	787
531	234694	199	1172	946
532	234913	339	995	989
533	235312	1415	1238	948
534	236767	339	1016	995
535	237246	439	491	999
536	237744	100	768	393
537	238004	2233	829	510
538	240296	140	567	729
539	240456	259	517	731
540	240775	299	1115	281
541	241114	299	1058	239
542	241472	319	912	51
543	241911	179	609	799
544	242111	159	560	759
545	242330	379	524	756
546	243187	359	802	550
547	243566	1535	832	498
548	245121	199	762	479
549	245360	140	598	392
550	245520	817	548	386
551	246437	339	779	110
552	247055	1795	851	447
553	248869	199	713	442
554	249188	179	361	11
555	249467	259	1079	-61
556	249786	239	1071	280
557	250045	259	930	222
558	250344	379	781	203
559	250783	897	762	247
560	251840	538	765	198
561	252637	379	768	217
562	253056	179	835	189
563	253255	698	753	200
564	254033	519	848	479
565	254611	299	1085	700
566	254970	758	1091	452
567	255787	399	504	492
568	256266	339	810	712
569	256824	339	724	785
570	257223	379	1137	612
571	257641	419	1064	724
572	258100	279	1059	848
573	258439	120	1024	832
574	258598	219	601	879
575	258838	279	701	861
576	259296	299	444	448
577	259655	140	393	599
578	259914	319	905	826
579	260453	399	1122	1007
580	260931	239	1182	504
581	261210	339	1084	317
582	261649	339	393	218
583	262067	120	492	1016
584	262267	139	483	1008
585	262446	259	573	820
586	262745	498	759	790
587	263303	259	408	553
588	263822	438	781	142
589	264460	818	868	492
590	265298	1076	811	432
591	266394	160	687	474
592	266573	558	666	520
593	267231	299	1225	27
594	267570	199	791	145
595	267869	239	535	42
596	268148	199	419	94
597	268447	180	746	119
598	268786	299	508	156
599	269145	399	1049	140
600	269564	259	1094	245
601	269923	259	1021	329
602	270740	339	579	434
603	271139	259	829	427
604	271438	359	332	440
605	271856	698	984	400
606	272574	239	1044	399
607	272833	299	1233	436
608	273232	339	946	468
609	273651	2372	881	445
610	276063	399	665	533
611	276542	319	1030	777
612	276940	239	1238	760
613	277279	279	1136	643
614	277618	479	723	712
615	278156	259	585	818
616	278436	180	550	959
617	278814	180	1083	970
618	279034	219	926	880
619	279432	478	757	871
620	279951	140	428	841
621	280310	837	763	861
622	281167	1077	758	861
623	282283	359	1070	947
624	282682	199	1204	933
625	282961	578	997	933
626	283559	159	958	918
627	283799	339	436	982
628	284177	219	498	1053
629	284496	598	967	1041
630	285134	159	665	808
631	285314	139	657	813
632	285493	239	546	784
633	285752	219	521	770
634	285992	279	358	769
635	286351	299	379	560
636	286689	279	417	497
637	287028	179	642	498
638	287228	259	658	528
639	287607	299	1103	556
640	287966	578	1150	608
641	288603	399	748	336
642	289142	100	829	526
643	289401	1794	824	511
644	291235	199	748	370
645	291474	120	1033	230
646	291614	478	1042	197
647	292132	419	1078	875
648	292571	140	1072	879
649	292990	877	844	512
650	293907	1017	817	423
651	294963	937	393	259
652	296179	339	950	474
653	296638	1495	837	409
654	298173	259	598	322
655	298512	179	392	598
656	298731	299	608	907
657	299270	299	1107	680
658	299629	319	733	836
659	300047	279	1218	999
660	300466	219	454	1010
661	300924	279	383	22
662	301283	299	1127	-9
663	301622	498	1030	130
664	302200	299	775	182
665	302559	259	474	101
666	302878	100	475	47
667	303018	219	1065	6
668	303277	259	945	120
669	303596	100	888	312
670	303716	160	892	275
671	303915	339	698	315
672	304294	379	1001	436
673	304692	219	1060	425
674	305031	179	1117	388
675	305450	219	997	642
676	305729	399	518	385
677	306168	299	780	641
678	306487	219	909	605
679	306766	578	745	681
680	307424	319	1153	587
681	307783	140	758	682
682	308002	658	736	673
683	308720	319	441	697
684	309158	299	614	862
685	309537	359	837	784
686	310116	937	845	525
687	311072	1037	807	479
688	312149	399	941	822
689	312607	239	599	462
690	312907	439	519	588
691	313844	1615	861	501
692	315518	957	663	216
693	316854	219	995	496
694	317113	1535	843	491
695	318688	498	694	596
696	319266	259	910	18
697	319625	120	538	-27
698	319785	159	362	-48
699	320104	239	740	512
700	320383	140	985	823
701	320542	1954	964	826
702	322516	239	904	807
703	322775	219	902	814
704	323074	179	1080	926
705	323274	239	1146	1046
706	323632	259	481	957
707	324390	1794	813	531
708	326244	339	644	912
709	326623	339	1111	1007
710	326982	558	1076	914
711	327580	219	770	889
712	327819	259	767	888
713	328118	399	905	864
714	328537	339	850	771
715	328916	459	837	686
716	329414	159	664	584
717	329634	239	619	461
718	329913	399	504	713
719	330351	399	1015	690
720	330790	279	1123	596
721	331109	319	1140	389
722	331508	299	1024	287
723	331846	439	848	234
724	332325	419	635	376
725	332824	359	388	379
726	333282	518	602	309
727	333820	219	679	324
728	334099	498	1018	232
729	334678	120	1071	303
730	334857	498	1150	264
731	335375	299	1109	243
732	335694	139	973	295
733	335914	439	898	329
734	336452	279	814	321
735	336811	359	446	558
736	337289	219	536	32
737	338246	1635	829	511
738	339901	100	760	496
739	340061	419	997	268
740	340499	259	913	348
741	340798	1395	1147	579
742	342613	598	857	492
743	343231	219	814	517
744	343490	758	816	434
745	344307	180	1016	198
746	344865	159	521	10
747	345124	459	714	281
748	345603	279	596	384
749	345922	279	803	292
750	346241	379	1058	352
751	346660	259	988	362
752	346979	578	561	372
753	347597	379	781	476
754	348075	319	969	461
755	348414	140	1093	642
756	348574	120	1140	761
757	348713	1137	1126	744
758	350069	2014	818	509
759	352102	160	782	470
760	352302	419	673	607
761	352760	219	780	943
762	353099	299	857	682
763	353558	259	473	177
764	353917	140	658	198
765	354156	877	1131	135
766	355073	279	956	147
767	355392	179	627	199
768	355611	279	475	205
769	355990	379	729	342
770	356409	299	1042	398
771	356808	100	1019	489
772	356987	120	1124	661
773	357127	319	1133	626
774	357486	259	1022	577
775	357784	299	1123	624
776	358223	219	1058	599
777	358502	219	1129	623
778	358741	1954	1148	628
779	360755	160	843	571
780	361234	499	864	515
781	361772	1176	806	398
782	362988	299	906	706
783	363367	219	627	275
784	363626	239	558	-42
785	363925	379	1145	-34
786	364344	179	972	76
787	364563	718	666	222
788	365341	458	872	377
789	365859	299	1067	379
790	366198	279	878	520
791	366497	179	852	469
792	366716	100	850	478
793	366916	1077	855	723
794	368112	1535	852	719
795	369667	1077	849	713
796	370823	957	835	970
797	372159	359	814	465
798	372558	399	821	528
799	372976	1057	818	426
800	374093	219	804	670
801	374392	279	550	255
802	374731	379	1027	27
803	375150	160	859	54
804	375488	518	1179	93
805	376067	120	1248	350
806	376266	100	1208	279
807	376445	598	1176	228
808	377183	439	518	242
809	377642	199	432	247
810	377881	758	831	323
811	378678	379	1083	338
812	379097	359	1176	345
813	379476	199	1128	411
814	379735	199	726	395
815	379974	299	463	390
816	380313	140	634	627
817	380493	299	687	745
818	380852	419	377	428
819	381330	399	838	476
820	381789	379	1081	481
821	382187	180	1250	494
822	382407	199	823	543
823	382626	299	754	541
824	382965	399	457	554
825	383403	459	717	592
826	383902	339	954	598
827	384281	359	1117	643
828	384660	379	868	664
829	385078	419	465	690
830	385517	299	600	736
831	385836	279	631	735
832	386175	319	980	736
833	386573	120	1036	715
834	386713	458	1200	725
835	387211	498	845	746
836	387730	439	631	779
837	388208	259	1005	800
838	388587	598	1184	874
839	389245	399	631	891
840	389664	159	805	960
841	389863	319	410	948
842	390222	299	832	990
843	390581	219	788	992
844	390840	319	763	1006
845	391179	199	754	999
846	391438	299	540	1014
847	391797	200	1052	976
848	392335	478	856	534
849	392834	658	792	554
850	393512	618	824	446
851	394169	199	593	521
852	394528	140	622	26
853	394688	279	833	199
854	394987	199	822	233
855	395425	160	1092	1006
856	395725	100	1074	846
857	395864	359	1112	506
858	396283	319	450	967
859	396642	419	675	844
860	397240	159	442	229
861	397619	199	1051	13
862	397858	160	595	93
863	398057	179	589	95
864	398296	319	1184	53
865	398675	140	1119	309
866	398914	180	1099	278
867	399154	379	628	259
868	399572	219	457	274
869	399851	279	872	367
870	400170	279	1067	357
871	400469	259	1223	380
872	400789	219	645	424
873	401088	339	816	485
874	401446	538	980	512
875	402005	279	922	580
876	402324	179	992	628
877	402543	219	803	645
878	402842	239	869	684
879	403141	518	823	780
880	403699	299	896	983
881	404118	179	922	1060
882	404337	279	834	840
883	404716	120	715	878
884	404935	319	840	1027
885	405274	160	797	978
886	405633	2053	818	441
887	407727	199	653	383
888	407966	259	858	603
889	408305	199	713	814
890	408524	259	682	817
891	408843	319	963	462
892	409222	120	805	100
893	409381	219	836	195
894	409660	140	423	99
895	409920	120	341	-11
896	410099	279	1075	0
897	410398	259	1225	116
898	410717	319	1060	216
899	411076	319	684	199
900	411455	219	680	357
901	411714	279	962	352
902	412093	299	1100	397
903	412432	379	830	436
904	412830	379	777	426
905	413249	339	548	457
906	413648	239	813	501
907	413927	558	988	534
908	414525	279	1178	625
909	414844	199	893	590
910	415103	399	509	606
911	415562	279	584	697
912	415901	518	1096	664
913	416439	379	1040	684
914	416838	419	923	742
915	417316	997	791	756
916	418333	558	677	750
917	418911	299	708	757
918	419310	399	787	768
919	419749	279	550	786
920	420147	459	937	818
921	420626	219	949	825
922	420865	179	917	846
923	421064	459	714	826
924	421583	618	570	839
925	422240	120	673	854
926	422380	319	823	849
927	422779	319	1115	914
928	423118	219	1151	1037
929	423377	120	1203	1027
930	423556	359	494	1005
931	423975	259	752	653
932	424334	100	1092	476
933	424494	179	1106	292
934	424912	1914	812	519
935	426866	179	659	264
936	427085	239	834	75
937	427384	259	1038	906
938	427703	299	1090	722
939	428022	100	1127	668
940	428182	239	411	712
941	428441	219	410	476
942	428680	160	427	458
943	428880	239	417	233
944	429218	180	491	141
945	429538	140	1071	77
946	429717	299	783	95
947	430076	299	1060	245
948	430395	479	776	280
949	430913	419	1126	420
950	431352	219	1009	381
951	431631	359	976	704
952	432030	219	981	530
953	432289	538	1206	426
954	432966	399	1226	447
955	433445	239	1169	432
956	433724	219	1231	514
957	434003	319	666	509
958	434342	359	609	449
959	434741	279	804	475
960	435100	279	929	522
961	435419	419	1137	635
962	435877	339	1018	692
963	436236	598	1016	645
964	436914	319	924	627
965	437253	239	1003	628
966	437532	259	888	950
967	437851	339	815	693
968	438230	219	745	640
969	438549	219	444	639
970	438848	279	679	663
971	439167	319	930	780
972	439526	399	1149	750
973	439984	459	803	759
974	440662	558	839	737
975	441280	180	874	730
976	441500	379	1135	735
977	441899	478	1230	775
978	442437	180	1139	851
979	442756	399	710	848
980	443194	419	828	1018
981	443633	698	823	1029
982	444889	459	844	557
983	445367	1176	813	544
984	446603	100	860	916
985	446723	279	851	916
986	447082	199	1025	171
987	447321	299	926	8
988	447680	359	1201	57
989	448059	180	1147	114
990	448318	339	561	117
991	448717	239	625	287
992	449036	319	1073	338
993	449395	399	1222	481
994	449813	459	973	605
995	450292	159	890	511
996	450511	279	634	447
997	450830	239	481	549
998	451169	219	589	653
999	451428	339	971	637
1000	451807	299	1112	694
1001	452126	1635	1047	720
1002	453801	199	1123	689
1003	454020	279	1106	616
1004	454319	160	1027	675
1005	454518	279	1025	712
1006	454877	518	721	672
1007	455455	379	1016	721
1008	455854	897	1035	733
1009	456871	359	927	975
1010	457330	239	1049	754
1011	457589	339	1027	733
1012	457948	239	1032	712
1013	458267	120	1036	722
1014	458406	678	1088	670
1015	459204	439	703	510
1016	459702	120	881	501
1017	459921	239	1037	688
1018	460240	459	977	305
1019	460779	219	1029	714
1020	461018	658	1024	741
1021	461756	180	1059	729
1022	461955	359	1121	718
1023	462334	1216	1039	722
1024	464048	219	843	553
1025	464307	1515	832	477
1026	465882	299	825	759
1027	466261	259	1052	997
1028	466660	239	615	32
1029	466979	120	1177	-15
1030	467477	319	867	260
1031	467816	319	771	240
1032	468195	319	859	494
1033	468554	399	868	369
1034	468993	279	838	319
1035	469292	199	775	282
1036	469531	399	648	521
1037	469969	299	653	356
1038	470308	239	878	312
1039	470588	259	1153	375
1040	470887	259	729	513
1041	471186	279	673	461
1042	471485	199	632	482
1043	471704	877	654	552
1044	472601	379	678	551
1045	473020	100	1047	772
1046	473139	199	1047	770
1047	473379	219	996	646
1048	473638	100	1002	875
1049	473758	160	997	886
1050	473957	180	902	900
1051	474176	239	570	990
1052	474495	179	655	988
1053	474794	359	1163	998
1054	475213	199	943	873
1055	475472	279	695	564
1056	475771	179	807	559
1057	475991	538	1257	692
1058	476569	100	853	513
1059	476848	1575	824	513
1060	478443	339	792	575
1061	478802	219	586	691
1062	479180	299	749	95
1063	479519	239	561	163
1064	479798	259	693	-44
1065	480177	399	1029	362
1066	480636	419	827	273
1067	481074	339	820	322
1068	481473	319	380	184
1069	481892	339	828	777
1070	482470	518	379	579
1071	483048	299	839	1019
1072	483367	200	871	874
1073	483626	379	1042	735
1074	484065	299	1049	803
1075	484424	399	1060	686
1076	484862	339	859	686
1077	485261	239	930	303
1078	485600	140	874	201
1079	485760	279	846	224
1080	486098	399	1207	37
1081	486537	498	1200	263
1082	487075	319	1042	102
1083	487534	279	424	10
1084	487973	179	619	231
1085	488192	339	1146	282
1086	488571	279	1254	366
1087	488910	638	505	355
1088	489588	359	671	618
1089	489986	538	1083	589
1090	490564	279	1087	818
1091	490863	439	1023	778
1092	491382	379	469	737
1093	491800	319	489	960
1094	492159	219	1035	1003
1095	492438	199	371	1023
1096	492698	359	1077	839
1097	493096	159	945	810
1098	493316	160	929	1011
1099	493515	120	933	1019
1100	493774	180	861	713
1101	493974	199	589	643
1102	494233	219	408	669
1103	494512	299	1186	619
1104	494831	558	1141	557
1105	495628	698	797	540
1106	496366	1156	860	439
1107	497642	159	607	-74
1108	497881	100	1203	-98
1109	498180	339	1020	255
1110	498539	199	959	223
1111	498798	399	493	202
1112	499237	299	336	323
1113	499616	279	310	293
1114	499915	419	316	349
1115	500393	199	1044	326
1116	500732	698	323	351
1117	501510	339	1125	383
1118	501889	319	840	474
1119	502227	339	702	433
1120	502606	419	605	676
1121	503085	279	809	997
1122	503464	199	956	815
1123	503683	359	1101	730
1124	504062	219	1143	666
1125	504321	459	1033	474
1126	504819	199	694	579
1127	505118	319	404	642
1128	505537	179	707	765
1129	505876	359	945	691
1130	506295	319	879	876
1131	506733	419	1192	694
1132	507212	299	526	763
1133	507531	179	630	829
1134	507730	219	642	840
1135	507989	239	912	995
1136	508248	239	903	1006
1137	508567	239	851	134
1138	508847	339	1088	50
1139	509464	219	411	-49
1140	509784	259	437	411
1141	510063	259	370	313
1142	510442	239	449	1075
1143	510740	279	466	817
1144	511039	439	488	896
1145	511518	479	957	828
1146	512016	538	1179	917
1147	512635	159	1151	902
1148	512814	957	1156	882
1149	513910	658	1167	875
1150	514608	279	1173	858
1151	514967	359	637	857
1152	515605	1994	825	547
1153	517619	199	888	465
1154	517938	239	1078	102
1155	518197	319	949	205
1156	518556	199	676	177
1157	518815	359	422	200
1158	519353	538	625	347
1159	519911	359	636	255
1160	520330	359	917	169
1161	520729	558	1076	201
1162	521327	538	1170	239
1163	521905	259	1258	242
1164	522244	299	466	122
1165	522563	159	402	189
1166	522782	219	650	411
1167	523022	120	632	392
1168	523181	379	974	331
1169	523580	339	880	374
1170	523959	259	1222	367
1171	524238	439	1135	492
1172	524816	199	652	509
1173	525055	518	449	535
1174	525593	179	534	525
1175	525833	379	566	523
1176	526251	299	812	532
1177	526610	279	976	523
1178	526909	638	1140	551
1179	527567	558	952	554
1180	528205	538	457	579
1181	528783	339	757	654
1182	529162	339	882	653
1183	529541	219	1161	666
1184	529780	678	879	664
1185	530498	219	1049	790
1186	530757	339	894	930
1187	531136	219	633	826
1188	531435	140	965	1063
1189	531614	239	898	1054
1190	532232	219	414	888
1191	532492	339	584	654
1192	532950	339	386	213
1193	533429	279	1030	69
1194	533728	219	1086	115
1195	534027	299	1224	415
1196	534366	379	1162	714
1197	534824	179	1048	911
1198	535063	399	927	1059
1199	535562	239	1165	943
1200	535821	459	1145	935
1201	536319	279	783	1021
1202	536638	339	939	1064
1203	536997	299	936	1078
1204	537356	140	765	749
1205	537655	159	765	759
1206	537894	379	767	362
1207	538353	219	804	71
1208	538592	179	883	47
1209	538832	299	625	420
1210	539310	1076	835	536
1211	540407	797	798	479
1212	541244	239	768	222
1213	541523	199	1058	906
1214	541742	139	1080	858
1215	541902	758	1082	841
1216	543158	1994	845	504
1217	545211	199	1013	891
1218	545530	179	1011	58
1219	545770	319	988	257
1220	546128	299	958	-62
1221	546487	339	424	223
1222	547145	199	994	266
1223	547424	339	1166	250
1224	547823	219	606	341
1225	548182	139	627	308
1226	548381	379	622	303
1227	548920	179	325	19
1228	549179	698	622	282
1229	549936	419	1025	361
1230	550395	120	824	378
1231	550654	140	753	435
1232	550893	199	1096	843
1233	551232	259	947	579
1234	551511	319	933	705
1235	551910	259	411	522
1236	552209	279	537	465
1237	552588	279	756	516
1238	552927	339	1041	535
1239	553286	379	1213	525
1240	553684	518	973	594
1241	554243	419	476	632
1242	554741	339	638	750
1243	555120	399	953	724
1244	555539	459	1088	756
1245	556017	618	1142	824
1246	556715	159	843	829
1247	556954	100	1180	869
1248	557074	319	1145	891
1249	557453	439	815	887
1250	557931	239	672	869
1251	558250	239	562	894
1252	558549	219	691	1017
1253	558808	319	862	1000
1254	559147	279	882	979
1255	559466	239	1034	1001
1256	559785	359	900	971
1257	560224	279	1136	997
1258	560523	219	1129	1003
1259	560762	159	968	1003
1260	560961	479	602	1007
1261	562098	1515	855	474
1262	563633	259	794	411
1263	563932	179	653	148
1264	564151	219	522	123
1265	564430	359	1181	117
1266	564849	219	858	375
1267	565108	797	767	338
1268	565946	219	582	331
1269	566245	399	801	513
1270	566703	419	588	549
1271	567182	159	830	625
1272	567381	498	876	759
1273	567919	199	1154	658
1274	568278	379	440	755
1275	568737	279	635	831
1276	569056	538	1141	823
1277	569634	459	1029	850
1278	570172	399	863	821
1279	570611	299	773	882
1280	570950	638	800	964
1281	571967	179	935	897
1282	572246	299	936	886
1283	572565	638	1027	839
1284	573382	319	570	826
1285	573761	379	484	894
1286	574200	478	722	986
1287	574738	239	1139	992
1288	575057	219	1126	302
1289	575336	120	1064	230
1290	575535	179	929	92
1291	575755	259	564	90
1292	576054	259	420	79
1293	576492	219	357	-45
1294	576771	299	644	53
1295	577609	498	809	407
1296	578147	917	751	289
1297	579104	100	580	292
1298	579284	120	1040	230
1299	579423	279	1077	214
1300	579822	339	1014	847
1301	580559	419	1079	187
1302	580998	219	1046	167
1303	581237	1077	1083	205
1304	582394	239	838	531
1305	582673	498	832	503
1306	583231	439	773	298
1307	583709	618	832	278
1308	584387	199	935	337
1309	584626	160	878	700
1310	584866	419	1297	141
1311	585384	239	828	78
1312	585703	339	553	127
1313	586082	319	623	102
1314	586461	359	789	323
1315	586839	359	728	599
1316	587298	319	682	214
1317	587657	239	792	247
1318	587936	678	991	330
1319	588634	638	1046	349
1320	589332	399	863	297
1321	589770	339	419	432
1322	590149	279	747	483
1323	590468	299	824	571
1324	590807	419	1034	583
1325	591266	239	773	619
1326	591584	439	730	891
1327	592103	219	664	758
1328	592362	239	615	761
1329	592661	498	689	642
1330	593239	439	993	832
1331	593718	558	1020	993
1332	594336	379	560	954
1333	594735	179	671	995
1334	595014	399	888	995
1335	595432	199	962	1002
1336	595711	219	1175	536
1337	596030	120	1278	111
1338	596210	379	497	23
1339	596648	140	456	205
1340	596848	718	809	416
1341	597785	1894	814	493
1342	599719	219	773	182
1343	599978	159	887	71
1344	600237	160	1058	903
1345	600437	179	1109	813
1346	600636	120	1135	826
1347	600775	339	814	715
1348	601154	339	642	901
1349	601653	100	591	1057
1350	601932	359	440	593
1351	602410	140	364	191
1352	602570	239	390	89
1353	602889	478	1091	56
1354	603447	120	1079	116
1355	603607	279	821	211
1356	603906	618	767	201
1357	604563	658	562	225
1358	605261	199	696	317
1359	605540	638	857	380
1360	606218	239	1002	385
1361	606477	359	1109	425
1362	606856	259	1039	523
1363	607155	279	797	519
1364	607474	179	527	546
1365	607733	339	727	596
1366	608132	219	696	707
1367	608411	439	1107	666
1368	608890	479	736	722
1369	609488	219	554	788
1370	609787	279	942	894
1371	610086	239	832	811
1372	610345	339	953	1018
1373	610724	239	875	981
1374	611103	319	412	1047
1375	611482	259	1084	959
1376	611781	299	1190	856
1377	612120	459	1102	673
1378	612638	179	1228	306
1379	612857	140	1266	78
1380	613076	718	1233	234
1381	613814	179	1201	203
1382	614113	140	1091	46
1383	614372	199	1192	199
1384	614592	578	1236	235
1385	615269	1156	1252	227
1386	616486	199	1242	66
1387	616745	498	363	221
1388	617423	1256	877	351
1389	618718	778	809	395
1390	619536	239	665	276
1391	619835	140	765	43
1392	620074	199	1214	120
1393	620373	140	872	198
1394	620533	319	845	233
1395	620952	279	417	217
1396	621290	379	664	312
1397	621729	498	1102	312
1398	622267	459	891	316
1399	622766	279	824	365
1400	623085	259	694	401
1401	623384	399	504	377
1402	623822	259	414	364
1403	624101	598	506	377
1404	624879	379	435	371
1405	625298	459	614	512
1406	625796	219	784	488
1407	626035	1136	679	520
1408	627311	638	804	894
1409	628029	538	1072	618
1410	628587	219	1014	578
1411	628827	219	1042	530
1412	629066	219	1098	543
1413	629345	419	471	586
1414	629804	199	679	565
1415	630083	239	899	637
1416	630402	180	888	639
1417	630601	140	860	643
1418	630820	459	1195	689
1419	631339	279	579	717
1420	631638	239	452	754
1421	631917	359	549	788
1422	632296	299	490	790
1423	632615	239	383	802
1424	632914	379	1034	775
1425	633352	239	855	906
1426	633651	279	794	886
1427	633990	180	691	920
1428	634249	199	777	907
1429	634489	279	1041	991
1430	634947	179	464	1064
1431	635465	319	899	574
1432	635904	199	893	598
1433	636124	1136	826	558
1434	637280	259	729	553
1435	637599	259	676	120
1436	638018	239	1074	941
1437	638277	140	1151	868
1438	638476	279	1143	703
1439	638815	439	617	823
1440	639393	179	1123	137
1441	639612	179	1052	-45
1442	639832	339	860	106
1443	640191	299	691	204
1444	640530	379	653	289
1445	640968	339	1134	274
1446	641327	319	1213	371
1447	641686	239	1101	392
1448	641965	279	850	421
1449	642304	299	596	427
1450	642643	379	456	650
1451	643121	179	726	589
1452	643321	937	774	552
1453	644278	140	802	515
1454	644537	678	686	334
1455	645275	120	961	647
1456	645414	100	968	636
1457	645574	1316	676	347
1458	646949	399	1104	653
1459	647388	439	893	850
1460	647886	499	586	1009
1461	648504	658	498	1009
1462	649222	159	895	984
1463	649442	578	1157	931
1464	650060	439	1078	1039
1465	650558	738	935	929
1466	651375	259	573	548
1467	651694	239	626	302
1468	651973	379	561	369
1469	652412	359	311	714
1470	653269	1695	846	469
1471	655004	199	754	371
1472	655263	179	692	66
1473	655502	259	426	249
1474	656060	319	1224	118
1475	656419	279	987	180
1476	656718	219	911	174
1477	656958	219	866	159
1478	657277	239	560	235
1479	657576	339	411	311
1480	657934	379	620	361
1481	658333	419	661	437
1482	658812	558	487	449
1483	659450	399	1108	402
1484	659888	219	1050	556
1485	660128	259	860	616
1486	660466	319	834	968
1487	660865	319	1162	926
1488	661284	379	1142	506
1489	661742	518	510	574
1490	662281	339	591	715
1491	662719	140	566	681
1492	662899	359	928	666
1493	663297	299	1119	751
1494	663656	339	606	726
1495	664035	399	892	801
1496	664514	379	1105	832
1497	664932	339	762	830
1498	665311	518	688	847
1499	665869	439	1066	849
1500	666328	299	1105	860
1501	666647	299	1089	949
1502	666986	159	1007	934
1503	667205	718	603	913
1504	667963	319	716	994
1505	668322	140	831	984
1506	668980	558	910	968
1507	669558	259	786	1041
1508	669877	279	449	1052
1509	670335	219	714	564
1510	671133	399	841	558
1511	671551	1057	806	490
1512	672668	199	980	233
1513	672987	219	883	151
1514	673266	239	803	972
1515	673565	159	833	858
1516	673784	558	842	948
1517	674362	140	838	966
1518	674721	439	819	414
1519	675200	279	814	494
1520	675499	1415	845	418
1521	676974	339	895	888
1522	677333	199	959	1049
1523	677592	399	1129	647
1524	678011	160	1112	620
1525	678190	478	1122	654
1526	678808	199	1152	240
1527	679028	339	986	262
1528	679446	259	954	554
1529	679865	279	447	-11
1530	680583	179	943	181
1531	680782	199	774	195
1532	681021	140	452	215
1533	681201	159	448	232
1534	681380	219	585	331
1535	681679	199	993	349
1536	681899	339	1207	365
1537	682277	339	932	355
1538	682756	439	1264	434
1539	683254	518	585	450
1540	683813	259	447	495
1541	684112	279	461	617
1542	684411	259	544	584
1543	684710	399	772	587
1544	685188	259	1039	590
1545	685527	180	1229	612
1546	685766	299	1038	684
1547	686125	419	489	694
1548	686683	379	587	818
1549	687102	160	831	807
1550	687282	100	830	802
1551	687461	219	958	817
1552	687780	538	936	1004
1553	688338	479	1028	958
1554	688877	299	407	979
1555	689255	339	584	961
1556	690113	219	827	628
1557	690372	1216	810	548
1558	691628	379	766	453
1559	692146	140	526	-219
1560	692326	120	491	-100
1561	692485	179	748	297
1562	692724	279	763	925
1563	693023	319	705	860
1564	693422	219	918	1088
1565	693741	239	1277	564
1566	694140	239	1199	194
1567	694419	219	882	130
1568	694758	179	394	241
1569	695276	199	416	225
1570	695516	418	628	383
1571	696034	219	917	292
1572	696293	499	1030	238
1573	696811	359	935	368
1574	697230	319	490	410
1575	697689	120	891	500
1576	697868	1176	504	448
1577	699523	319	820	481
1578	699862	658	837	392
1579	700560	658	789	313
1580	701237	199	681	308
1581	701516	159	634	181
1582	701796	259	837	806
1583	702075	140	727	853
1584	702294	239	404	957
1585	702593	279	1053	1052
1586	702912	279	977	884
1587	703291	239	1215	438
1588	703570	279	1246	92
1589	703909	379	395	-3
1590	704666	319	563	156
1591	705025	319	713	227
1592	705384	419	753	394
1593	705843	199	639	320
1594	706261	359	1041	303
1595	706640	179	929	319
1596	706860	518	835	400
1597	707418	319	853	489
1598	707876	179	775	451
1599	708215	199	643	455
1600	708534	379	1015	471
1601	708973	538	403	430
1602	709551	219	691	500
1603	709950	319	429	770
1604	710329	319	954	486
1605	710687	160	1020	485
1606	710867	518	1132	526
1607	711485	658	1120	672
1608	712163	120	1137	664
1609	712382	339	1133	624
1610	712781	459	848	749
1611	713299	379	1053	878
1612	713738	359	606	882
1613	714117	259	700	964
1614	714575	239	962	855
1615	714834	399	955	796
1616	715333	160	888	893
1617	715532	319	596	906
1618	715871	219	558	955
1619	716230	120	374	964
1620	716449	518	1017	937
1621	717107	439	785	600
1622	718024	618	846	512
1623	718682	857	777	421
1624	719619	239	667	837
1625	719918	179	698	862
1626	720476	239	549	414
1627	720775	100	829	162
1628	720915	120	835	163
1629	721095	379	1201	75
1630	721513	399	1005	262
1631	721952	279	738	296
1632	722251	259	574	289
1633	722670	299	372	391
1634	723008	279	752	373
1635	723327	239	961	395
1636	723646	359	1151	418
1637	724085	419	959	493
1638	724544	339	653	436
1639	724922	359	566	437
1640	725301	279	550	508
1641	725600	339	624	582
1642	725979	239	749	560
1643	726298	319	1110	593
1644	726637	239	1190	636
1645	726916	319	1015	686
1646	727255	319	915	663
1647	727634	459	548	666
1648	728132	459	402	612
1649	728611	638	697	715
1650	729289	219	392	795
1651	729648	459	1047	757
1652	730126	199	1133	790
1653	730365	239	963	799
1654	730744	140	704	796
1655	730904	100	707	790
1656	731023	100	690	852
1657	731163	1136	470	988
1658	732518	558	866	533
1659	733097	1415	807	498
1660	734552	259	748	678
1661	734951	339	580	71
1662	735330	219	916	144
1663	735589	498	1095	137
1664	736286	159	689	198
1665	736546	339	459	267
1666	737004	798	982	363
1667	737862	1515	1182	664
1668	739915	718	853	467
1669	740672	319	797	515
1670	741031	638	814	424
1671	741729	558	835	755
1672	742367	419	1107	1030
1673	742866	339	1226	201
1674	743304	359	1131	981
1675	743703	279	1185	1086
1676	744062	259	447	886
1677	744401	299	374	243
1678	745158	758	507	599
1679	746514	1595	838	465
1680	748169	239	707	655
1681	748468	140	911	715
1682	748707	199	1170	873
1683	749006	159	1070	830
1684	749325	179	1185	1038
1685	749564	359	1140	1009
1686	749963	180	1199	1067
1687	750163	479	1209	1082
1688	750701	259	1268	475
1689	750980	140	1246	466
1690	751159	299	1219	86
1691	751538	279	387	41
1692	752176	259	500	132
1693	752475	199	403	299
1694	752734	179	648	75
1695	752974	159	415	319
1696	753153	459	429	337
1697	754070	1675	813	464
1698	755785	239	661	443
1699	756064	319	648	636
1700	756483	199	457	167
1701	756722	219	399	100
1702	756981	439	1084	122
1703	757519	179	726	185
1704	757758	259	1150	120
1705	758038	239	1110	107
1706	758317	458	1215	346
1707	758795	160	1156	284
1708	759014	299	1208	716
1709	759433	219	637	340
1710	759672	339	598	320
1711	760031	259	552	277
1712	760350	239	366	414
1713	760629	239	503	262
1714	760909	379	910	408
1715	761327	319	662	407
1716	761686	458	1010	432
1717	762184	578	942	507
1718	762802	279	723	490
1719	763122	319	425	534
1720	763460	339	546	612
1721	763839	458	519	540
1722	764338	299	846	631
1723	764657	159	867	599
1724	764896	239	942	525
1725	765195	558	1092	553
1726	765793	259	895	624
1727	766072	399	864	619
1728	766511	160	516	638
1729	766770	160	895	614
1730	766949	199	832	597
1731	767169	518	877	598
1732	767727	319	575	596
1733	768086	359	752	665
1734	768505	239	761	728
1735	768764	359	683	744
1736	769162	339	930	597
1737	769541	518	1102	711
1738	770080	299	980	747
1739	770398	219	942	719
1740	770678	379	531	734
1741	771216	279	952	877
1742	771535	359	1100	840
1743	771934	419	999	1026
1744	772392	359	598	920
1745	772851	359	1095	1043
1746	773230	379	1140	951
1747	773668	459	469	985
1748	774167	239	447	1039
1749	774466	339	658	620
1750	774824	459	541	660
1751	775762	1575	808	491
1752	777376	259	685	466
1753	777695	339	560	127
1754	778074	359	1007	104
1755	778453	638	1138	233
1756	779131	518	630	238
1757	779669	518	496	267
1758	780227	299	436	273
1759	780586	359	849	362
1760	780965	359	901	373
1761	781344	339	980	377
1762	781723	379	1058	364
1763	782141	478	1138	448
1764	782660	219	1030	533
1765	782979	339	956	616
1766	783358	299	690	598
1767	783716	319	738	919
1768	784055	359	725	849
1769	784434	399	719	764
1770	784912	359	803	873
1771	785351	319	843	823
1772	785730	498	423	580
1773	786268	399	581	630
1774	786787	319	888	618
1775	787126	219	970	637
1776	787365	299	770	640
1777	787684	518	883	676
1778	788242	538	1077	653
1779	788860	419	1079	899
1780	789339	299	861	871
1781	789677	219	976	1021
1782	789917	159	976	1015
1783	790156	299	468	877
1784	790535	339	405	641
1785	790954	140	462	761
1786	791113	1715	471	804
1787	792927	399	787	862
1788	793366	399	1010	876
1789	793784	319	1107	963
1790	794143	179	950	1003
1791	794363	399	1083	1012
1792	794781	100	1143	1021
1793	794901	120	1155	1005
1794	795040	379	1238	1024
1795	795459	419	960	1017
1796	795898	199	914	1027
1797	796197	359	776	946
1798	796635	279	609	982
1799	796954	100	381	1015
1800	797074	160	383	1013
1801	797293	199	476	471
1802	797533	219	436	339
1803	797812	339	1120	241
1804	798191	339	1215	481
1805	798589	478	792	17
1806	799367	379	819	516
1807	799786	1475	794	483
1808	801301	259	754	191
1809	801580	199	730	114
1810	801819	319	1007	101
1811	802218	399	1188	175
1812	802656	239	725	284
1813	802936	299	392	290
1814	803294	379	673	339
1815	803713	459	416	379
1816	804231	419	1106	372
1817	804670	399	1123	443
1818	805149	339	447	419
1819	805527	319	605	492
1820	805886	239	788	497
1821	806145	319	910	499
1822	806504	140	1039	517
1823	806664	299	1214	522
1824	807022	399	582	549
1825	807481	419	814	539
1826	807920	339	768	537
1827	808279	179	835	521
1828	808498	339	1058	562
1829	808897	379	598	590
1830	809315	219	538	592
1831	809574	179	626	649
1832	809794	199	828	641
1833	810033	299	944	601
1834	810352	538	1053	605
1835	810930	179	1135	626
1836	811190	378	558	672
1837	811608	399	717	710
1838	812047	459	933	672
1839	812545	319	1030	702
1840	812884	199	951	692
1841	813103	259	1050	917
1842	813382	578	932	851
1843	814020	498	494	864
1844	814579	159	781	896
1845	814818	379	1234	748
1846	815217	140	1152	764
1847	815396	439	1090	957
1848	815894	479	583	940
1849	816453	239	780	599
1850	816732	399	777	611
1851	817509	1994	814	588
1852	819543	199	632	522
1853	819762	399	598	553
1854	820400	598	965	1000
1855	821656	279	863	488
1856	821975	1376	811	423
1857	823391	199	805	843
1858	823630	120	987	967
1859	823889	259	509	961
1860	824228	339	994	520
1861	824627	259	805	74
1862	824906	140	749	101
1863	825105	319	338	253
1864	825484	359	564	27
1865	825903	299	1173	32
1866	826262	299	655	144
1867	826680	319	361	249
1868	827059	120	1170	207
1869	827278	219	1171	206
1870	827558	159	1016	273
1871	827777	299	555	343
1872	828096	219	470	400
1873	828375	399	1064	460
1874	828794	219	1172	467
1875	829133	359	535	506
1876	829531	339	812	508
1877	829890	279	992	513
1878	830229	239	823	559
1879	830508	339	1108	682
1880	830987	140	510	609
1881	831146	279	483	613
1882	831465	359	576	706
1883	831864	259	921	683
1884	832163	100	1111	723
1885	832282	239	1110	751
1886	832562	140	716	773
1887	832961	379	489	797
1888	833379	279	566	860
1889	833678	180	523	838
1890	833898	538	1029	820
1891	834476	538	1099	662
1892	835054	199	1070	919
1893	835293	180	527	1007
1894	835492	120	525	999
1895	835752	299	1117	1028
1896	836689	100	819	535
1897	836828	1336	779	364
1898	838224	199	547	60
1899	838483	439	646	529
1900	839021	259	1194	174
1901	839340	199	616	-21
1902	839599	319	367	34
1903	839958	498	513	148
1904	840796	658	1016	348
1905	841533	199	1010	850
1906	841812	259	1010	659
1907	842111	140	1105	1092
1908	842271	159	1080	1057
1909	842550	239	815	805
1910	842809	179	704	615
1911	843008	259	654	581
1912	843348	399	482	973
1913	843806	100	414	1039
1914	843966	319	349	629
1915	844344	339	342	241
1916	844723	199	389	417
1917	845002	199	1065	112
1918	845262	140	370	519
1919	845421	219	401	486
1920	845780	2731	392	429
1921	848591	379	1071	134
1922	849030	219	1177	223
1923	849289	219	934	253
1924	849608	339	820	238
1925	850006	458	524	262
1926	850525	299	1016	335
1927	850904	299	1132	304
1928	851282	439	415	430
1929	851741	1416	386	420
1930	853216	219	887	436
1931	853475	379	1082	475
1932	853934	179	1005	741
1933	854173	160	483	437
1934	854373	239	413	396
1935	854672	3070	383	427
1936	857822	459	898	673
1937	858340	399	757	954
1938	858779	219	1047	845
1939	859058	399	468	1069
1940	859516	100	645	800
1941	859656	279	809	751
1942	859975	239	934	856
1943	860234	618	981	994
1944	860912	239	949	946
1945	861191	538	858	921
1946	862168	1775	803	512
1947	863982	159	596	373
1948	864162	140	497	412
1949	864441	299	1056	1023
1950	864939	179	464	121
1951	865218	239	1199	104
1952	865517	160	1033	294
1953	865757	399	1268	259
1954	866215	379	418	230
1955	866634	259	475	527
1956	866913	180	428	467
1957	867112	359	406	446
1958	867511	319	634	797
1959	867890	438	1134	485
1960	868368	299	1010	600
1961	868707	239	824	569
1962	869006	379	635	620
1963	869445	279	768	691
1964	869764	479	1043	682
1965	870262	179	1129	703
1966	870482	279	866	787
1967	870801	339	703	772
1968	871199	179	631	839
1969	871439	140	741	946
1970	871598	259	713	943
1971	871897	259	1111	971
1972	872256	299	565	1048
1973	873133	259	843	410
1974	873412	1356	804	344
1975	875007	219	463	88
1976	875286	140	834	999
1977	875446	140	833	996
1978	875605	180	883	814
1979	876004	299	1035	1080
1980	876363	279	1217	705
1981	876682	140	1241	527
1982	876861	299	1265	164
1983	877180	199	1250	129
1984	877440	439	562	85
1985	877918	339	867	67
1986	878277	359	774	114
1987	878676	259	667	148
1988	878955	180	664	218
1989	879274	319	982	241
1990	879653	179	1059	257
1991	879852	299	1192	300
1992	880191	259	1084	369
1993	880490	279	724	309
1994	880809	439	461	377
1995	881427	219	609	438
1996	881666	279	565	465
1997	881985	618	836	437
1998	882623	379	896	434
1999	883042	179	1078	471
2000	883301	180	1208	491
2001	883520	319	851	537
2002	883859	200	820	551
2003	884078	120	785	558
2004	884238	538	556	577
2005	884796	359	471	602
2006	885175	219	582	657
2007	885454	359	941	649
2008	885853	339	1053	655
2009	886232	359	929	703
2010	886630	319	652	714
2011	886989	279	480	708
2012	887328	359	569	777
2013	887747	299	833	777
2014	888086	279	1035	793
2015	888385	279	1113	801
2016	888684	120	1200	819
2017	888863	239	948	853
2018	889182	179	762	862
2019	889382	458	522	914
2020	889900	319	699	985
2021	890279	738	1088	999
2022	891057	259	1237	1030
2023	891395	339	536	1034
2024	891794	319	853	1034
2025	892153	499	1033	1074
2026	892990	498	918	749
2027	893648	618	798	620
2028	894287	239	865	654
2029	894605	199	811	602
2030	894864	299	755	357
2031	895323	199	783	383
2032	895562	319	564	192
2033	895961	299	581	726
2034	896300	339	808	978
2035	896699	299	1181	763
2036	897097	219	1141	147
2037	897357	299	557	82
2038	897915	319	796	294
2039	898254	100	823	288
2040	898393	339	1110	363
2041	898772	498	1126	578
2042	899290	718	1138	627
2043	900626	1077	808	481
2044	901743	160	811	464
2045	901922	498	774	433
2046	902460	160	756	101
2047	902700	439	589	870
2048	903178	598	580	889
2049	904155	239	900	493
2050	904434	1615	818	517
2051	906129	219	1014	982
2052	906368	100	975	925
2053	906547	598	1187	811
2054	907784	1136	860	426
2055	908960	379	860	416
2056	909418	239	1115	855
2057	909698	100	984	852
2058	909877	239	1027	1015
2059	910136	638	1059	1028
2060	910993	100	1222	440
2061	911173	279	586	98
2062	911512	259	774	16
2063	911831	299	1262	48
2064	912190	319	616	39
2065	912528	439	543	88
2066	913027	299	1043	329
2067	913346	379	1048	343
2068	914203	1415	820	472
2069	915638	339	808	386
2070	916017	140	911	653
2071	916217	578	1072	710
2072	917034	1894	814	541
2073	918988	120	946	733
2074	919227	219	944	1037
2075	919466	140	896	994
2076	919646	279	1158	840
2077	920005	279	504	130
2078	920384	359	812	99
2079	920782	299	915	224
2080	921121	379	1258	118
2081	921600	219	993	245
2082	921859	160	882	206
2083	922058	478	632	216
2084	922577	319	738	370
2085	922936	319	937	311
2086	923274	439	1138	362
2087	923733	279	979	411
2088	924052	160	903	423
2089	924251	100	496	445
2090	924590	877	919	424
2091	925547	259	423	470
2092	925846	219	729	513
2093	926125	120	429	540
2094	926305	139	398	551
2095	926464	518	394	550
2096	927322	259	952	531
2097	927621	379	850	540
2098	928039	1136	797	462
2099	929216	299	546	710
2100	929754	698	357	569
2101	930950	219	919	377
2102	931269	259	826	485
2103	931568	957	777	375
2104	932565	199	599	401
2105	932844	279	555	946
2106	933203	279	1109	979
2107	933522	180	1031	696
2108	933761	219	989	270
2109	934020	179	538	336
2110	934220	159	473	356
2111	934419	279	734	91
2112	934738	578	1127	73
2113	935416	179	983	594
2114	935835	140	570	276
2115	935994	199	420	345
2116	936213	219	489	353
2117	936453	299	606	361
2118	936812	339	999	367
2119	937190	279	808	536
2120	937490	239	804	476
2121	937788	299	1185	470
2122	938147	518	513	501
2123	938706	518	690	604
2124	939304	658	979	620
2125	940002	479	834	573
2126	940500	937	806	565
2127	941477	179	500	370
2128	941696	199	460	354
2129	941935	140	827	603
2130	942095	3250	809	570
2131	945584	518	816	547
2132	946142	897	787	420
2133	947079	419	708	325
2134	947538	120	581	49
2135	947737	299	1111	693
2136	948056	499	1148	740
2137	949113	159	977	534
2138	949312	1695	825	385
2139	951066	299	720	84
2140	951445	319	1114	75
2141	951824	618	1100	303
2142	952582	219	1301	258
2143	952881	399	433	256
2144	953379	279	703	266
2145	953718	299	592	326
2146	954077	279	833	397
2147	954376	259	784	366
2148	954695	479	1231	408
2149	955213	279	1052	452
2150	955512	239	998	472
2151	955792	219	744	481
2152	956070	479	517	465
2153	956589	199	431	563
2154	956848	339	756	606
2155	957207	259	712	655
2156	957486	359	699	591
2157	957865	140	694	535
2158	958024	339	646	458
2159	958383	239	497	453
2160	958662	439	617	429
2161	959201	419	464	373
2162	959659	279	500	167
2163	959998	379	981	112
2164	960397	738	972	75
2165	961713	1116	834	422
2166	962849	458	758	399
2167	963427	179	744	214
2168	963686	279	1025	100
2169	964065	339	831	698
2170	964464	179	869	979
2171	964683	179	1059	1046
2172	964903	279	1237	852
2173	965261	299	1202	342
2174	965620	359	380	235
2175	966019	259	526	332
2176	966398	179	741	240
2177	966637	518	1148	251
2178	967195	259	1070	36
2179	967554	179	410	74
2180	967833	160	461	337
2181	968053	339	700	359
2182	968411	179	574	349
2183	968631	439	424	289
2184	969109	379	912	351
2185	969548	479	841	344
2186	970126	259	1181	354
2187	970425	259	848	437
2188	970764	399	604	488
2189	971203	239	854	504
2190	971502	339	1144	512
2191	971920	379	486	577
2192	972339	479	805	572
2193	972837	339	955	607
2194	973296	199	1145	624
2195	973595	319	562	669
2196	973994	199	892	668
2197	974273	279	384	680
2198	974612	439	878	689
2199	975110	319	1121	734
2200	975469	179	958	773
2201	975669	100	944	770
2202	975808	458	693	785
2203	976307	359	965	782
2204	976705	479	751	865
2205	977244	299	689	812
2206	977582	478	448	886
2207	978081	399	646	893
2208	978619	439	1090	917
2209	979118	319	800	1054
2210	979456	219	884	937
2211	979716	478	1000	1062
2212	980294	758	1013	1066
2213	981072	100	993	1061
2214	981211	219	776	979
2215	981450	120	775	987
2216	981630	1356	1007	1069
2217	983005	817	999	1058
2218	983883	279	1163	914
2219	984341	259	433	945
2220	984620	259	436	944
2221	985398	518	826	541
2222	985936	1196	795	497
2223	987172	140	1070	485
2224	987332	778	1093	482
2225	988727	139	931	486
2226	988887	1336	822	470
2227	990262	259	1045	460
2228	990581	299	1105	143
2229	990940	139	1134	150
2230	991199	199	1343	63
2231	991478	180	453	153
2232	991798	219	598	300
2233	992296	239	578	750
2234	992715	299	488	283
2235	993034	120	443	266
2236	993173	120	443	262
2237	993313	219	329	264
2238	993592	239	484	210
2239	993891	139	639	453
2240	994110	299	663	542
2241	994469	319	591	199
2242	994828	319	897	207
2243	995167	259	976	226
2244	995446	279	880	305
2245	995765	279	1070	351
2246	996104	459	398	336
2247	996602	319	513	448
2248	996981	219	794	405
2249	997240	738	1126	443
2250	998038	478	927	463
2251	998536	538	682	538
2252	999094	439	820	445
2253	999593	339	415	543
2254	999952	359	537	645
2255	1000330	179	474	605
2256	1000570	339	840	611
2257	1000949	279	949	602
2258	1001248	239	1086	626
2259	1001547	319	948	638
2260	1001965	120	1203	654
2261	1002105	2113	965	623
2262	1004258	558	1140	643
2263	1004836	638	974	617
2264	1005514	459	431	692
2265	1006013	319	651	696
2266	1006391	299	821	710
2267	1006730	219	955	748
2268	1006969	199	1021	769
2269	1007189	319	1186	761
2270	1007548	498	731	801
2271	1008066	319	563	825
2272	1008405	160	578	844
2273	1008604	499	904	909
2274	1009143	399	1079	918
2275	1009581	100	1115	1049
2276	1009721	199	1107	1053
2277	1009940	199	1095	1011
2278	1010159	279	1127	957
2279	1010478	319	621	952
2280	1010937	678	560	981
2281	1011655	379	636	1042
2282	1012093	259	1105	1073
2283	1012432	239	1052	1060
2284	1012971	100	464	918
2285	1013190	179	420	446
2286	1013429	179	400	118
2287	1013648	160	590	521
2288	1013828	219	635	526
2289	1014087	319	506	405
2290	1014486	279	910	85
2291	1015203	1316	815	472
2292	1016539	458	811	420
2293	1017337	199	794	1074
2294	1017556	159	766	1028
2295	1017775	159	705	807
2296	1018015	199	434	203
2297	1018314	199	675	131
2298	1018573	359	992	161
2299	1018971	359	1073	-22
2300	1019390	379	891	275
2301	1019829	439	1161	368
2302	1020347	319	1186	601
2303	1020726	140	964	600
2304	1020925	319	477	414
2305	1021264	279	506	318
2306	1021723	159	929	636
2307	1021922	219	831	608
2308	1022241	179	557	460
2309	1022460	239	410	470
2310	1022720	199	353	485
2311	1022999	219	511	866
2312	1023298	339	350	423
2313	1023657	2871	332	449
2314	1026547	439	365	404
2315	1027006	459	335	430
2316	1027664	359	753	150
2317	1028122	219	1048	234
2318	1028382	319	824	597
2319	1028760	319	351	372
2320	1029099	239	314	429
2321	1029418	738	327	463
2322	1030216	439	864	477
2323	1030694	499	928	763
2324	1031233	359	967	991
2325	1031731	120	495	774
2326	1031911	199	388	553
2327	1032130	419	335	592
2328	1032628	459	849	599
2329	1033107	160	964	607
2330	1033346	259	713	632
2331	1033645	419	1048	705
2332	1034123	180	1046	748
2333	1034343	239	1237	752
2334	1034622	159	984	866
2335	1034801	219	779	845
2336	1035100	279	450	958
2337	1035420	219	940	780
2338	1035679	239	938	785
2339	1035938	459	967	775
2340	1036436	299	667	632
2341	1036815	180	573	978
2342	1037034	478	989	979
2343	1037553	179	994	1017
2344	1037752	419	1009	1036
2345	1038230	319	1249	1021
2346	1038629	160	529	1047
2347	1038809	140	534	1035
2348	1039048	199	668	262
2349	1039347	179	1002	120
2350	1039566	279	1182	143
2351	1039905	219	424	202
2352	1040184	459	1273	331
2353	1040703	259	1230	664
2354	1041122	379	404	190
2355	1042098	259	851	535
2356	1042377	558	830	471
2357	1042956	977	774	407
2358	1043972	259	592	257
2359	1044491	259	1045	59
2360	1044810	239	974	254
2361	1045129	159	484	256
2362	1045328	140	850	232
2363	1045507	199	966	236
2364	1045727	279	1021	244
2365	1046046	438	587	286
2366	1046524	399	759	392
2367	1046963	259	980	412
2368	1047242	279	1145	450
2369	1047561	120	530	489
2370	1047780	199	532	500
2371	1048020	319	800	542
2372	1048398	299	843	684
2373	1048777	179	632	1011
2374	1048996	339	495	947
2375	1049375	140	702	809
2376	1049714	139	1032	819
2377	1049874	179	898	1014
2378	1050073	299	845	1043
2379	1050392	319	844	1038
2380	1050950	518	842	442
2381	1051488	339	802	445
2382	1051847	1096	728	351
2383	1052984	279	798	807
2384	1053343	299	1059	1097
2385	1053722	259	1166	446
2386	1054060	299	1241	238
2387	1054439	419	461	134
2388	1054898	140	670	149
2389	1055117	319	828	264
2390	1055456	239	797	326
2391	1055735	239	632	361
2392	1056034	339	413	379
2393	1056413	459	658	347
2394	1056931	538	430	363
2395	1057549	479	1096	374
2396	1058068	638	887	447
2397	1058765	339	472	523
2398	1059144	339	551	690
2399	1059523	399	967	625
2400	1060022	239	1050	767
2401	1060340	379	569	787
2402	1060739	239	697	881
2403	1061018	299	761	1028
2404	1061377	419	1157	1061
2405	1062135	338	809	481
2406	1062574	279	1130	1000
2407	1062952	1276	822	398
2408	1064248	159	657	380
2409	1064447	1176	534	376
2410	1065763	758	535	368
2411	1066621	518	762	240
2412	1067199	359	1106	68
2413	1067598	379	911	83
2414	1068016	558	527	374
2415	1068594	817	534	374
2416	1069432	259	547	365
2417	1069711	1136	530	382
2418	1070907	259	957	910
2419	1071186	359	845	882
2420	1071605	259	365	955
2421	1071904	120	449	952
2422	1072123	219	526	1103
2423	1072402	319	1033	1049
2424	1072761	219	888	906
2425	1073000	179	865	888
2426	1073280	259	522	416
2427	1073638	1176	537	373
2428	1075293	419	801	459
2429	1075732	1176	725	419
2430	1076948	179	665	267
2431	1077207	140	911	195
2432	1077386	299	450	137
2433	1077745	259	1164	141
2434	1078044	259	1040	313
2435	1078344	319	911	341
2436	1078682	239	878	294
2437	1079021	339	916	837
2438	1079440	259	974	1057
2439	1079759	259	511	822
2440	1080078	199	448	478
2441	1080337	319	377	253
2442	1080736	259	545	424
2443	1081055	339	631	442
2444	1081434	459	1001	427
2445	1081932	359	1042	631
2446	1082391	219	799	522
2447	1082630	917	640	529
2448	1083607	299	1152	317
2449	1084165	100	1113	714
2450	1084324	379	518	550
2451	1084743	478	701	794
2452	1085262	259	595	766
2453	1085580	279	967	709
2454	1085880	219	1054	687
2455	1086139	100	1049	705
2456	1086278	259	1182	717
2457	1086597	558	509	751
2458	1087196	339	343	713
2459	1087594	399	936	767
2460	1088033	498	1047	789
2461	1088571	279	1138	852
2462	1088890	439	946	886
2463	1089349	758	906	831
2464	1090126	359	868	887
2465	1090505	379	785	860
2466	1090904	259	663	878
2467	1091183	239	546	954
2468	1091622	239	525	1012
2469	1091900	120	490	1017
2470	1092080	359	997	982
2471	1092479	518	1096	924
2472	1093017	359	1012	853
2473	1093436	498	1100	1058
2474	1094313	558	803	467
2475	1094891	558	846	455
2476	1095469	797	811	461
2477	1096306	259	755	763
2478	1096725	259	830	695
2479	1097024	239	547	596
2480	1097383	180	499	160
2481	1097622	359	1061	179
2482	1098061	179	818	214
2483	1098260	159	778	214
2484	1098460	299	1157	-20
2485	1098799	219	800	201
2486	1099038	219	772	221
2487	1099297	518	1012	457
2488	1099895	419	951	857
2489	1100354	140	470	935
2490	1100533	160	893	867
2491	1100713	119	935	877
2492	1100892	239	946	1045
2493	1101151	100	916	1038
2494	1101371	538	949	871
2495	1101989	399	605	350
2496	1102447	439	897	418
2497	1102926	299	1185	449
2498	1103424	219	945	517
2499	1103723	299	466	566
2500	1104042	299	489	590
2501	1104381	498	314	387
2502	1104939	179	483	734
2503	1105139	399	507	745
2504	1105597	339	1094	671
2505	1106056	319	966	863
2506	1106395	439	941	779
2507	1107052	279	521	766
2508	1107372	379	493	975
2509	1107790	359	959	999
2510	1108169	299	1027	936
2511	1109246	1555	855	435
2512	1110840	179	1209	594
2513	1111040	718	1243	671
2514	1112137	339	894	557
2515	1112515	758	846	460
2516	1113313	877	802	347
2517	1114270	279	1126	624
2518	1114588	199	934	246
2519	1114808	160	832	185
2520	1115007	359	610	28
2521	1115446	239	1207	121
2522	1115845	179	961	223
2523	1116044	239	829	205
2524	1116363	359	809	877
2525	1116782	199	918	1071
2526	1117081	160	413	994
2527	1117260	279	385	790
2528	1117559	219	479	752
2529	1117838	120	1033	703
2530	1117998	239	1170	746
2531	1118277	319	1232	804
2532	1118656	379	501	482
2533	1119075	219	525	285
2534	1119334	439	765	375
2535	1119812	319	1063	373
2536	1120171	279	900	102
2537	1120470	140	872	65
2538	1120709	239	418	117
2539	1121088	319	803	242
2540	1121487	419	1004	372
2541	1121945	459	800	427
2542	1122464	219	580	427
2543	1122763	359	781	383
2544	1123201	279	417	474
2545	1123520	538	901	500
2546	1124098	439	1202	499
2547	1124617	159	1039	557
2548	1124796	180	1066	582
2549	1125056	379	705	622
2550	1125454	259	809	651
2551	1125753	458	670	678
2552	1126272	339	478	802
2553	1126670	139	385	817
2554	1126930	339	1090	792
2555	1127308	100	896	1057
2556	1127428	199	892	1071
2557	1127687	459	730	984
2558	1128365	219	432	1082
2559	1128963	1296	846	459
2560	1130339	598	758	445
2561	1131196	199	499	-18
2562	1131495	299	940	239
2563	1131814	160	1079	211
2564	1132014	379	684	327
2565	1132432	219	563	218
2566	1132751	139	745	834
2567	1132930	100	688	854
2568	1133110	259	1006	974
2569	1133429	379	1099	721
2570	1133908	359	521	281
2571	1134306	279	822	309
2572	1134625	399	947	388
2573	1135064	478	1184	392
2574	1135602	120	522	410
2575	1135822	518	544	420
2576	1136380	498	751	485
2577	1136938	419	505	538
2578	1137416	658	710	551
2579	1138114	618	967	526
2580	1138752	578	867	523
2581	1139370	299	1111	583
2582	1139749	279	1206	606
2583	1140068	279	1240	685
2584	1140407	379	552	668
2585	1140826	219	384	698
2586	1141085	219	518	750
2587	1141344	179	798	748
2588	1141623	299	907	744
2589	1141962	299	1011	748
2590	1142281	618	1140	813
2591	1142959	658	542	834
2592	1143637	618	798	888
2593	1144295	399	828	1030
2594	1144753	439	1074	1050
2595	1145232	299	1145	969
2596	1145590	538	556	1015
2597	1146169	359	724	903
2598	1146567	199	878	974
2599	1146827	139	1101	1044
2600	1147006	478	1238	707
2601	1147544	458	428	968
2602	1148043	419	448	1094
2603	1148741	219	960	462
2604	1149219	339	803	480
2605	1149598	299	794	362
2606	1149917	758	785	400
2607	1150714	139	622	58
2608	1150934	140	585	9
2609	1151193	279	1047	1031
2610	1151552	100	924	690
2611	1151791	279	1053	1037
2612	1152269	279	830	435
2613	1152568	359	939	654
2614	1152967	239	1066	918
2615	1153266	399	1211	322
2616	1153705	200	1108	960
2617	1153924	199	1074	946
2618	1154243	538	469	966
2619	1154881	399	636	199
2620	1155340	359	1095	122
2621	1155798	179	1155	269
2622	1156097	219	763	282
2623	1156356	239	665	335
2624	1156636	598	716	441
2625	1157274	359	982	452
2626	1157672	219	1124	451
2627	1157951	319	1194	467
2628	1158330	518	637	464
2629	1158888	459	581	560
2630	1159387	458	888	572
2631	1159885	299	1147	606
2632	1160224	259	837	659
2633	1160523	379	632	675
2634	1160922	239	585	697
2635	1161261	140	648	1047
2636	1161560	219	786	739
2637	1161799	299	925	717
2638	1162118	538	1012	689
2639	1162676	259	1035	679
2640	1162976	319	764	721
2641	1163334	399	539	754
2642	1163773	478	852	783
2643	1164271	319	973	789
2644	1164610	259	935	824
2645	1164929	458	430	858
2646	1165428	299	822	876
2647	1165866	279	1008	916
2648	1166225	160	469	945
2649	1166544	100	472	950
2650	1166704	359	1035	1061
2651	1167102	399	816	1061
2652	1167641	598	1095	1019
2653	1168259	100	1095	1011
2654	1168976	837	822	505
2655	1169854	140	822	513
2656	1170033	139	826	516
2657	1170272	379	825	520
2658	1170711	100	969	888
2659	1171010	558	1093	722
2660	1172087	299	825	506
2661	1172426	638	795	452
2662	1173084	718	861	446
2663	1173841	219	601	396
2664	1174160	179	415	975
2665	1174419	239	984	1056
2666	1174678	180	935	1066
2667	1174918	339	836	952
2668	1175276	239	780	946
2669	1175596	319	1221	847
2670	1176034	299	637	901
2671	1176353	219	619	835
2672	1176592	299	793	814
2673	1176971	259	948	777
2674	1177270	299	1131	778
2675	1177609	199	783	719
2676	1177848	299	597	690
2677	1178187	419	671	632
2678	1178626	339	808	648
2679	1178985	239	921	633
2680	1179244	259	971	607
2681	1179543	259	833	512
2682	1179842	339	600	422
2683	1180221	379	453	519
2684	1180660	459	779	447
2685	1181158	299	926	448
2686	1181477	459	944	355
2687	1181995	319	546	376
2688	1182354	339	521	136
2689	1183032	239	928	49
2690	1183291	299	1109	222
2691	1183610	160	1058	148
2692	1183809	319	1196	375
2693	1184268	159	1255	155
2694	1184507	239	556	338
2695	1184886	199	518	923
2696	1185125	120	643	827
2697	1185265	279	594	773
2698	1185604	199	891	1018
2699	1185823	339	931	1085
2700	1186222	200	1207	889
2701	1186521	399	1225	189
2702	1187418	399	848	464
2703	1187837	1276	835	346
2704	1189192	359	1034	782
2705	1189691	259	374	224
2706	1189990	219	512	23
2707	1190309	299	1141	115
2708	1190648	319	1116	223
2709	1191026	399	526	198
2710	1191485	458	612	356
2711	1191964	897	605	408
2712	1192921	538	993	416
2713	1193479	239	839	459
2714	1193758	179	658	378
2715	1193957	698	599	407
2716	1194675	797	616	394
2717	1195492	817	607	375
2718	1196410	299	635	529
2719	1196748	160	626	538
2720	1196928	419	622	548
2721	1197386	179	760	532
2722	1197825	598	676	1018
2723	1199201	498	822	492
2724	1200238	518	781	417
2725	1200975	199	440	607
2726	1201194	259	403	511
2727	1201514	239	905	1020
2728	1201793	199	942	823
2729	1202012	100	1047	844
2730	1202231	319	977	504
2731	1202610	139	1045	639
2732	1202770	160	1058	656
2733	1203009	219	656	138
2734	1203268	159	542	93
2735	1203447	199	591	53
2736	1203706	279	1132	85
2737	1204046	199	913	252
2738	1204284	219	700	265
2739	1204564	219	651	249
2740	1204823	259	438	271
2741	1205122	199	707	376
2742	1205401	299	1036	403
2743	1205720	339	1213	426
2744	1206119	419	573	471
2745	1206577	379	836	516
2746	1206996	259	1021	596
2747	1207315	299	1087	642
2748	1207674	518	541	596
2749	1208232	199	417	741
2750	1208452	120	388	764
2751	1208631	339	651	552
2752	1209010	219	869	631
2753	1209329	399	1151	645
2754	1209767	299	1009	783
2755	1210086	518	972	876
2756	1210664	399	900	1046
2757	1211282	1096	732	680
2758	1212419	399	496	739
2759	1212838	179	524	760
2760	1213057	857	856	810
2761	1213954	140	806	973
2762	1214113	140	806	965
2763	1214293	479	714	740
2764	1214811	439	674	902
2765	1215330	518	1078	841
2766	1215908	439	595	959
2767	1216386	459	776	960
2768	1216905	379	1080	1046
2769	1217303	120	1020	963
2770	1217503	239	480	1041
2771	1217762	179	483	1043
2772	1218021	339	607	1015
2773	1218440	120	759	943
2774	1219337	359	776	955
2775	1219716	538	887	899
2776	1220294	120	827	847
2777	1220533	538	772	522
2778	1221390	498	840	487
2779	1221909	977	794	479
2780	1222926	100	789	495
2781	1223065	140	567	394
2782	1223225	638	511	392
2783	1224401	319	838	472
2784	1224740	1336	783	434
2785	1226295	259	412	988
2786	1226634	299	1164	1021
2787	1227033	199	1095	424
2788	1227272	239	727	179
2789	1227551	140	651	338
2790	1227730	339	783	491
2791	1228109	339	620	355
2792	1228488	319	431	104
2793	1228867	239	1101	96
2794	1229186	339	381	111
2795	1229584	259	705	236
2796	1229884	259	832	338
2797	1230183	219	777	354
2798	1230462	319	373	415
2799	1230821	120	552	402
2800	1230960	279	826	446
2801	1231279	339	1164	466
2802	1231658	399	772	614
2803	1232096	399	546	597
2804	1232675	379	1052	669
2805	1233133	120	1154	718
2806	1233293	179	907	744
2807	1233552	379	554	805
2808	1233970	319	674	921
2809	1234349	419	1052	1017
2810	1235187	319	930	968
2811	1235546	239	836	1042
2812	1236642	1376	867	635
2813	1238038	299	832	586
2814	1238357	678	799	576
2815	1239114	1236	827	559
2816	1240370	379	776	424
2817	1240809	299	1040	887
2818	1241507	199	399	774
2819	1241786	239	397	179
2820	1242105	319	1004	51
2821	1242464	459	1106	171
2822	1242962	259	683	189
2823	1243321	239	542	272
2824	1243580	319	799	427
2825	1243939	459	1093	399
2826	1244437	299	690	419
2827	1244776	778	545	520
2828	1245614	299	849	552
2829	1245933	518	1046	611
2830	1246511	439	662	632
2831	1247009	458	494	632
2832	1247508	379	745	655
2833	1247926	259	934	673
2834	1248206	379	1123	701
2835	1248804	439	541	751
2836	1249282	259	875	804
2837	1249581	319	1028	779
2838	1249920	200	1073	802
2839	1250199	100	1177	822
2840	1250359	419	661	831
2841	1250837	279	954	877
2842	1251136	359	1033	934
2843	1251515	299	969	984
2844	1251834	140	969	1040
2845	1252053	239	1244	831
2846	1252313	100	1211	838
2847	1252512	399	522	893
2848	1252970	239	544	1013
2849	1253270	478	996	1062
2850	1254226	538	846	505
2851	1254824	1336	760	270
2852	1256180	140	715	188
2853	1256380	319	836	936
2854	1256758	299	1122	518
2855	1257097	200	1202	705
2856	1257376	359	1222	195
2857	1257855	239	516	190
2858	1258174	159	540	198
2859	1258373	239	812	217
2860	1258692	359	1004	268
2861	1259131	339	753	336
2862	1259490	140	703	422
2863	1259669	379	1190	514
2864	1260068	199	1115	476
2865	1260327	379	742	495
2866	1260746	219	608	514
2867	1261025	299	589	628
2868	1261364	239	839	609
2869	1261623	100	1002	625
2870	1261743	339	995	639
2871	1262122	259	882	1029
2872	1262421	140	849	990
2873	1262620	179	1018	775
2874	1262839	478	1104	685
2875	1263378	319	731	685
2876	1263836	259	564	701
2877	1264115	239	560	753
2878	1264394	299	788	771
2879	1264733	319	1007	777
2880	1265072	239	1006	784
2881	1265331	199	1009	861
2882	1265551	299	880	894
2883	1265910	299	552	893
2884	1266228	259	500	885
2885	1266528	100	355	968
2886	1266667	100	354	968
2887	1266866	180	1002	1053
2888	1267066	199	977	1039
2889	1267285	159	867	1038
2890	1267465	100	864	1040
2891	1267664	179	1021	550
