Data properties:
 
Recording date: 20/06/2007
Recording time : 14:31:56:875 (corresponds to time 0)
Study: Alasdair
Subject: GW
Recording: gw2
Screen resolution: 1600 x 1200
Coordinate unit: Pixels
 
 
Filter settings:
 
Eye: Average
Validity level: Normal
Fixation radius: 30
Min duration: 100
 
Fix number	Timestamp	Duration	GazepointX	GazepointY
 
1	286	359	716	436
2	725	299	804	548
3	1184	319	820	542
4	1582	1356	795	500
5	2998	259	1025	183
6	3337	299	894	917
7	3696	179	490	923
8	4094	100	941	955
9	4214	100	899	933
10	4433	379	856	869
11	4852	439	1065	835
12	5530	199	1172	884
13	5849	299	838	224
14	6167	379	676	162
15	6566	678	692	203
16	7264	100	542	152
17	7464	897	687	194
18	8401	359	1170	146
19	8839	399	1186	542
20	9278	180	1231	653
21	9497	439	1155	960
22	10016	319	458	622
23	10494	239	401	76
24	10813	478	556	977
25	11351	259	1013	997
26	11630	259	1008	1002
27	11949	199	1087	819
28	12209	498	1028	631
29	12727	399	983	605
30	13185	259	1268	460
31	13504	219	1164	942
32	13764	239	1072	875
33	14023	239	1019	836
34	14342	219	995	842
35	14681	100	594	964
36	14820	339	586	956
37	15339	419	800	944
38	15817	299	509	658
39	16256	179	403	166
40	16515	199	578	173
41	16754	219	482	397
42	16993	259	397	442
43	17312	299	894	358
44	17651	2034	814	530
45	19725	120	766	391
46	19924	359	705	807
47	20323	299	1034	925
48	20682	319	1164	763
49	21160	259	797	118
50	21439	319	640	114
51	21798	319	434	123
52	22177	399	1129	50
53	22656	239	1203	200
54	22935	359	996	356
55	23333	140	926	312
56	23533	239	1240	658
57	23832	479	506	420
58	24330	219	638	577
59	24649	100	1167	526
60	24809	160	1224	687
61	24988	738	1256	698
62	25746	140	1263	699
63	26085	1296	829	433
64	27400	718	749	334
65	28158	199	727	709
66	28378	179	681	721
67	28716	239	491	57
68	29015	578	1169	89
69	29614	419	1223	227
70	30112	498	433	218
71	30650	419	534	338
72	31129	458	939	331
73	31607	618	1130	374
74	32265	419	920	427
75	32704	279	801	417
76	33023	319	508	477
77	33362	439	484	549
78	33840	399	708	587
79	34259	598	813	584
80	34897	239	998	607
81	35176	538	1212	665
82	35734	219	1167	669
83	35993	319	946	683
84	36352	199	875	678
85	36611	359	608	680
86	36990	658	463	715
87	37688	359	569	765
88	38087	100	829	785
89	38745	179	1016	793
90	38944	179	1024	796
91	39143	419	1075	806
92	39602	419	1243	820
93	40060	379	1016	836
94	40459	259	910	844
95	40738	239	818	856
96	40997	200	893	850
97	41257	379	462	882
98	41715	219	733	949
99	42154	857	643	943
100	43031	279	658	960
101	43370	219	1066	990
102	43809	179	466	1040
103	44008	219	463	1033
104	44746	359	806	446
105	45164	399	814	309
106	45603	897	762	377
107	46600	259	757	916
108	46939	279	810	1069
109	47238	179	817	1045
110	47557	359	820	1017
111	47936	219	814	1069
112	48215	299	1137	740
113	48574	239	1149	831
114	48893	259	633	140
115	49192	180	707	102
116	49690	419	593	-97
117	50129	439	530	106
118	50627	459	1127	98
119	51106	319	914	97
120	51464	359	598	157
121	51863	259	665	300
122	52202	319	801	296
123	52561	439	1058	337
124	53039	1595	720	263
125	54674	399	1083	410
126	55093	279	833	416
127	55412	419	586	393
128	55871	299	444	472
129	56309	299	835	496
130	56628	259	1021	480
131	56927	359	1162	501
132	57306	499	1097	505
133	58084	339	545	547
134	58442	658	789	575
135	59120	479	911	620
136	59619	299	957	662
137	59938	478	958	729
138	60456	618	916	805
139	61114	339	657	698
140	61533	618	1073	990
141	62210	140	782	627
142	62390	120	784	639
143	62529	1695	814	594
144	64264	159	680	864
145	64443	140	654	917
146	64662	339	1204	533
147	65061	299	675	954
148	65520	160	739	25
149	65759	140	878	215
150	65958	339	550	415
151	66357	259	691	875
152	67194	1336	812	573
153	68630	259	785	555
154	68929	299	730	875
155	69268	179	895	905
156	69487	219	563	796
157	69746	319	468	603
158	70125	319	588	164
159	70484	199	775	158
160	70723	160	737	517
161	70903	219	661	584
162	71202	399	1074	778
163	71760	199	1252	287
164	71999	199	1180	20
165	72258	359	460	-30
166	72657	399	590	227
167	73096	259	803	345
168	73415	638	1175	120
169	74093	199	1096	19
170	74332	239	1004	-101
171	74611	578	1135	127
172	75249	339	1101	73
173	75668	139	1112	47
174	75887	100	994	-76
175	76126	279	1093	25
176	76425	499	1121	50
177	76983	199	449	51
178	77761	299	637	553
179	78100	439	402	244
180	78638	199	417	310
181	78917	239	342	621
182	79316	638	818	862
183	80373	199	830	731
184	80712	100	827	719
185	80951	179	637	589
186	81330	240	887	1024
187	81929	320	833	851
188	82606	219	893	767
189	82965	379	960	743
190	83364	259	1013	718
191	83642	439	918	770
192	84121	399	892	835
193	84559	339	489	898
194	84918	319	605	1031
195	85257	219	535	966
196	85576	459	1186	825
197	86075	399	1200	700
198	86513	299	1112	607
199	86892	219	579	465
200	87151	100	428	460
201	87371	419	679	529
202	87829	558	921	566
203	88407	279	906	592
204	88786	120	903	602
205	88946	179	1135	711
206	89185	478	905	577
207	89703	439	1207	718
208	90182	279	1018	810
209	90501	359	469	743
210	90939	279	741	973
211	91258	179	1043	979
212	91458	159	1048	964
213	91657	339	966	920
214	92076	279	665	1020
215	92534	140	592	256
216	92694	159	546	113
217	93113	179	643	509
218	93332	199	833	525
219	93591	439	1041	813
220	94089	100	771	376
221	94349	2053	814	477
222	96502	518	775	931
223	97080	478	375	953
224	97618	239	352	378
225	97957	140	332	200
226	98535	199	870	-19
227	98794	718	1203	51
228	99732	339	1207	489
229	100110	279	1237	873
230	100409	558	1183	1073
231	101007	359	944	800
232	101506	140	868	691
233	101785	120	803	521
234	101945	618	805	524
235	102642	618	653	410
236	103340	478	536	326
237	103858	518	413	411
238	104397	179	466	438
239	104636	598	1019	567
240	105274	279	939	575
241	105593	478	834	772
242	106111	279	749	691
243	106430	738	534	774
244	107188	259	471	797
245	107527	279	421	149
246	107826	399	437	124
247	108265	399	930	143
248	108683	239	1031	165
249	109002	298	1138	457
250	109321	220	1051	516
251	109600	518	1026	928
252	110159	279	882	620
253	110458	459	887	566
254	110956	658	724	336
255	111773	638	830	496
256	112431	1296	767	435
257	113807	219	740	846
258	114086	179	625	372
259	114385	160	469	161
260	114584	778	465	211
261	115820	140	887	479
262	115980	1495	799	404
263	117515	159	472	421
264	117715	957	400	456
265	118931	219	927	417
266	119170	997	834	431
267	120187	478	768	386
268	120705	199	646	383
269	120924	199	625	367
270	121243	319	914	-10
271	121622	259	841	882
272	121921	419	702	757
273	122400	339	480	461
274	122758	279	593	419
275	123197	279	395	-143
276	123596	379	1127	50
277	124015	100	1144	159
278	124194	159	686	348
279	124373	498	620	392
280	124892	339	398	339
281	125271	2133	627	406
282	127444	478	1053	495
283	128002	219	828	507
284	128241	120	796	554
285	128401	578	691	769
286	129019	279	1005	884
287	129338	160	795	759
288	129557	399	1187	580
289	129996	299	1094	714
290	130354	359	692	830
291	130753	479	541	878
292	131272	120	463	836
293	131471	239	422	635
294	131730	219	561	604
295	131989	239	889	651
296	132308	259	1051	829
297	132587	319	977	902
298	132926	259	860	969
299	133225	259	703	1013
300	133524	259	566	1079
301	133823	339	690	959
302	134202	279	756	1052
303	134521	299	669	847
304	134840	160	668	855
305	135020	219	690	814
306	135319	359	1093	756
307	135718	618	1173	918
308	136375	180	912	979
309	136575	140	908	978
310	136794	199	945	501
311	137193	219	1134	259
312	137552	359	1224	136
313	138170	119	973	-257
314	138967	1495	822	540
315	140522	199	716	363
316	140762	219	509	830
317	141001	179	521	842
318	141240	718	798	568
319	142197	1595	822	517
320	143852	160	530	423
321	144051	219	340	377
322	144370	239	410	895
323	144689	180	998	946
324	144948	439	1042	867
325	145506	259	1108	312
326	145825	179	671	51
327	146045	618	584	94
328	146683	100	661	376
329	146882	120	675	323
330	147022	239	630	297
331	147361	359	319	68
332	147759	219	768	97
333	148038	179	1164	40
334	148258	180	1211	-469
335	148517	339	1093	309
336	148916	399	702	241
337	149354	219	635	293
338	149593	359	680	348
339	150052	598	1034	427
340	150690	279	1184	439
341	151049	379	856	448
342	151448	259	732	526
343	151747	498	659	581
344	152285	319	749	631
345	152624	479	671	664
346	153142	419	893	713
347	153681	299	1162	735
348	154079	279	933	813
349	154398	419	731	827
350	154877	299	820	970
351	155196	259	774	944
352	155495	219	685	882
353	155734	160	679	895
354	155914	259	811	900
355	156213	359	1053	917
356	156591	698	1143	955
357	157389	359	1044	1002
358	157808	359	562	971
359	158206	120	802	1038
360	158346	239	799	1045
361	158605	139	795	1044
362	158784	160	403	1065
363	158964	538	386	1053
364	159522	100	377	1042
365	159682	439	971	1030
366	160360	578	836	464
367	161018	1256	802	483
368	162293	219	707	366
369	162552	199	662	89
370	162931	139	1047	-438
371	163290	140	992	148
372	163529	239	507	75
373	163948	160	451	337
374	164227	219	742	293
375	164506	339	939	317
376	164885	419	1053	350
377	165344	479	1105	368
378	165862	219	833	425
379	166201	259	534	472
380	166500	439	914	514
381	166979	299	1171	512
382	167377	239	919	573
383	167696	160	777	543
384	167876	399	659	543
385	168314	319	528	575
386	168673	419	708	648
387	169112	339	931	627
388	169471	199	974	630
389	169690	558	1098	662
390	170288	279	1232	680
391	170627	598	577	689
392	171285	279	818	710
393	171584	239	815	685
394	171863	299	964	707
395	172202	319	761	761
396	172541	299	680	759
397	172920	439	847	933
398	173478	120	1009	964
399	173657	419	526	978
400	174136	379	1010	1015
401	174554	100	843	815
402	175212	1695	794	486
403	176947	120	661	340
404	177146	219	453	829
405	177445	379	1117	921
406	178024	159	1162	3
407	178263	339	402	64
408	178641	179	701	124
409	178841	120	703	133
410	179000	160	665	209
411	179200	199	544	218
412	179479	439	1020	287
413	180017	279	1182	302
414	180356	797	594	379
415	181313	219	402	481
416	181572	140	411	474
417	181732	159	467	424
418	181951	239	808	446
419	182230	459	1109	459
420	182729	279	991	480
421	183048	558	858	513
422	183686	618	624	566
423	184323	219	589	614
424	184563	359	540	587
425	184981	538	583	717
426	185580	199	733	672
427	185839	458	992	645
428	186317	499	1101	666
429	186856	239	1218	673
430	187195	419	441	679
431	187633	299	597	692
432	187972	419	850	736
433	188431	319	945	714
434	188829	339	1052	764
435	189228	399	1022	893
436	189687	239	527	852
437	190026	120	489	798
438	190165	159	486	785
439	190464	319	701	946
440	190823	458	1038	916
441	191301	299	998	956
442	191920	1336	769	396
443	193295	718	662	356
444	194093	219	774	986
445	194332	219	750	879
446	194631	279	1155	454
447	194950	518	895	427
448	195568	239	385	261
449	196126	279	1104	9
450	196445	279	1227	157
451	196864	359	427	231
452	197263	259	394	320
453	197562	319	799	385
454	197901	199	933	385
455	198140	379	1141	456
456	198578	319	841	504
457	198937	259	667	498
458	199236	498	419	564
459	199755	239	516	577
460	200054	259	902	590
461	200333	219	1097	640
462	200592	239	1189	720
463	200911	279	1178	931
464	201250	399	608	831
465	201729	379	687	1073
466	202566	478	791	554
467	203064	658	826	551
468	203802	498	772	496
469	204320	219	659	696
470	204579	299	1080	955
471	204919	120	1119	795
472	205078	239	795	668
473	205357	379	415	1020
474	206294	160	505	200
475	206553	419	1146	140
476	207091	159	1217	239
477	207371	439	564	282
478	207849	359	620	406
479	208288	339	799	436
480	208667	339	1034	396
481	209045	239	1179	411
482	209324	259	788	521
483	209604	160	696	509
484	209803	339	497	515
485	210281	199	507	888
486	210541	498	484	536
487	211079	279	664	585
488	211398	199	894	597
489	211697	339	1031	595
490	212135	339	1152	634
491	212514	439	839	674
492	212993	359	1049	719
493	213392	339	760	713
494	213770	459	486	705
495	214289	259	689	761
496	214568	359	800	786
497	214967	299	894	764
498	215286	259	939	800
499	215625	239	871	850
500	215924	438	535	827
501	216382	259	497	832
502	216661	259	423	1000
503	216960	379	898	978
504	217479	1077	728	1006
505	219233	120	915	572
506	219373	678	809	542
507	220090	678	786	390
508	220848	160	736	855
509	221087	279	366	929
510	221506	239	362	-30
511	221805	399	1108	0
512	222383	100	1128	137
513	222543	399	523	152
514	223001	478	676	548
515	223539	359	867	465
516	223938	538	972	731
517	224596	578	1101	909
518	225194	299	1135	974
519	225573	199	1184	184
520	225812	159	1191	207
521	225992	219	1265	237
522	226331	140	1344	-357
523	226610	299	579	285
524	227008	219	747	407
525	227248	419	900	500
526	227726	379	1123	519
527	228165	399	735	555
528	228603	379	551	551
529	229042	379	1046	599
530	229461	299	1157	612
531	229780	199	999	646
532	230039	459	680	645
533	230517	239	730	732
534	230816	598	1099	741
535	231454	259	1222	786
536	231753	439	684	816
537	232292	259	572	893
538	232571	299	446	884
539	232930	219	798	909
540	233189	419	1138	877
541	233628	339	950	959
542	234026	259	1117	891
543	234345	199	1104	916
544	234604	259	875	992
545	234903	279	642	984
546	235222	319	482	1022
547	235621	239	1033	1064
548	235940	219	883	216
549	236199	259	946	47
550	236498	219	1283	69
551	236777	419	394	250
552	237256	140	399	265
553	237615	538	927	420
554	238173	1395	822	364
555	239589	120	711	302
556	239768	120	1177	477
557	239908	778	1253	586
558	241223	319	837	435
559	241602	219	972	437
560	241861	957	824	534
561	243396	199	1058	844
562	243636	180	766	846
563	243855	439	437	973
564	244353	419	359	496
565	244852	319	1144	732
566	245310	140	740	286
567	245530	180	906	135
568	246148	299	872	323
569	246487	339	749	373
570	246865	319	787	479
571	247224	319	1099	515
572	247623	379	1040	664
573	248022	219	946	645
574	248261	419	957	791
575	248740	299	1083	927
576	249158	359	534	998
577	249537	100	536	1005
578	249876	1156	847	486
579	251052	817	788	500
580	251910	219	763	941
581	252248	180	1152	451
582	252548	179	1182	112
583	252787	498	449	102
584	253305	219	472	288
585	253544	658	490	382
586	254362	279	299	-5
587	254800	219	1048	271
588	255080	219	1055	572
589	255379	558	736	523
590	255957	299	820	600
591	256296	219	980	691
592	256535	319	948	995
593	256874	180	857	1033
594	257153	439	569	567
595	257611	179	703	639
596	257831	339	1019	689
597	258190	399	841	814
598	258668	339	664	917
599	259047	259	964	1017
600	259366	239	1265	862
601	259685	479	480	1037
602	260542	2053	787	451
603	262675	319	906	974
604	263174	299	444	66
605	263672	339	1137	-4
606	264370	139	906	-352
607	264569	419	523	150
608	265008	199	486	169
609	265248	259	640	309
610	265526	179	751	442
611	265726	219	780	459
612	265985	279	812	291
613	266324	1635	1048	369
614	267999	279	1142	389
615	268338	658	541	448
616	269035	698	627	501
617	269773	399	441	524
618	270212	379	693	553
619	270610	399	740	557
620	271029	518	799	589
621	271587	359	928	791
622	271986	299	833	548
623	272345	359	497	614
624	272744	478	1033	654
625	273242	299	871	699
626	273581	419	543	740
627	274079	478	997	752
628	274578	359	792	775
629	274976	319	621	858
630	275315	558	609	896
631	275913	459	1093	923
632	276432	339	570	989
633	276791	259	567	998
634	277130	319	393	1045
635	277528	239	742	722
636	278266	199	868	603
637	278505	160	804	551
638	278724	379	787	307
639	279363	299	795	414
640	279682	379	786	241
641	280120	240	783	57
642	280400	259	998	38
643	280738	120	961	188
644	280938	239	734	188
645	281217	339	517	275
646	281615	259	920	274
647	281915	439	1168	322
648	282393	558	697	323
649	282971	239	636	358
650	283350	259	944	471
651	283629	219	973	464
652	283928	279	1105	451
653	284267	478	530	502
654	284805	359	741	564
655	285264	219	626	535
656	285543	359	944	537
657	285922	199	1027	571
658	286161	259	791	599
659	286460	419	571	624
660	286919	199	682	627
661	287198	259	943	654
662	287636	139	1131	636
663	287816	219	1223	646
664	288095	379	518	679
665	288533	299	789	706
666	288952	319	835	957
667	289411	359	768	631
668	289810	538	1011	754
669	290408	180	558	734
670	290726	100	1093	968
671	290846	120	1090	957
672	291006	299	804	795
673	291404	259	589	931
674	291743	379	804	1056
675	292162	299	1096	1036
676	292561	279	1094	831
677	292900	319	1131	198
678	293278	159	853	53
679	293498	219	381	79
680	293797	439	415	506
681	294873	1754	799	512
682	296708	100	979	842
683	296847	239	1101	563
684	297126	140	1050	475
685	297346	160	1171	63
686	297605	279	391	87
687	298003	120	933	13
688	298143	279	1155	58
689	298442	140	1093	37
690	298641	339	680	37
691	299439	219	841	-294
692	299698	319	978	-277
693	300077	459	1038	328
694	300555	179	970	356
695	300795	478	624	440
696	301293	239	717	499
697	301572	339	855	590
698	301951	299	988	628
699	302469	219	907	950
700	302729	339	606	884
701	303127	120	705	1028
702	303347	139	710	1018
703	303546	200	390	651
704	303765	199	486	566
705	304384	438	999	588
706	304842	379	785	628
707	305241	299	909	681
708	305580	359	1122	685
709	306038	379	471	724
710	306457	299	720	818
711	306796	319	966	794
712	307155	219	1070	815
713	307474	199	816	922
714	307693	199	740	898
715	307952	179	517	888
716	308171	419	916	912
717	308610	239	1082	939
718	308889	180	823	1009
719	309208	239	521	1026
720	310025	618	784	563
721	310683	1176	797	393
722	311900	439	765	904
723	312458	399	521	54
724	312896	239	549	520
725	313215	159	551	543
726	313454	419	308	570
727	313913	359	547	562
728	314332	219	1114	501
729	314730	120	1224	-371
730	314890	100	1087	196
731	315468	199	769	208
732	315688	139	741	242
733	315867	239	1095	327
734	316146	479	1212	407
735	316684	319	1147	375
736	317143	239	543	418
737	317402	259	364	497
738	317721	279	1114	486
739	318040	419	1219	598
740	318538	160	345	556
741	318718	339	312	562
742	319156	339	1058	576
743	319615	299	845	635
744	319954	259	669	658
745	320253	339	796	668
746	320632	458	941	722
747	321130	458	762	765
748	321629	339	1058	834
749	321987	140	1060	813
750	322187	439	1151	766
751	322745	279	581	925
752	323064	319	436	765
753	323423	359	718	810
754	323802	199	746	806
755	324041	160	967	794
756	324280	339	1126	813
757	324679	160	1063	895
758	324878	498	850	911
759	325417	319	724	976
760	325835	239	618	964
761	326134	319	1036	1013
762	326473	319	1130	947
763	326832	200	1020	1026
764	327052	140	1013	1019
765	327211	120	1012	1022
766	327989	159	780	569
767	328168	299	832	528
768	328487	598	792	469
769	329105	479	756	445
770	329683	179	610	138
771	329942	339	1165	-23
772	330441	339	1215	900
773	330879	199	836	520
774	331198	419	393	234
775	331637	1176	411	370
776	333551	1356	792	496
777	334947	279	606	491
778	335305	279	608	804
779	335624	199	965	947
780	335884	239	598	1086
781	336222	199	1197	801
782	336442	199	1132	888
783	336681	419	837	1023
784	337140	160	802	858
785	337339	179	745	783
786	337538	379	756	795
787	338077	139	567	200
788	338475	538	1029	50
789	339054	279	879	131
790	339472	179	695	-338
791	339751	319	469	208
792	340190	299	862	300
793	340509	239	857	271
794	340788	419	1139	280
795	341227	399	889	345
796	341665	478	652	343
797	342184	339	483	345
798	342582	319	891	368
799	343121	279	1151	402
800	343420	399	1245	396
801	343918	518	693	433
802	344456	279	600	423
803	344775	259	372	435
804	345094	339	859	451
805	345473	219	985	477
806	345772	379	1155	463
807	346171	259	1286	465
808	346490	498	523	541
809	347068	339	876	560
810	347487	299	1056	581
811	347826	219	1182	614
812	348085	259	825	605
813	348384	239	635	605
814	348663	299	433	651
815	349042	239	820	645
816	349341	279	1005	620
817	349640	319	1121	655
818	349979	259	1177	688
819	350318	319	800	705
820	350677	319	574	730
821	351016	339	465	751
822	351374	219	618	782
823	351634	219	432	798
824	351992	399	972	777
825	352431	219	1118	848
826	352670	738	1099	878
827	353567	1994	1107	891
828	355661	379	629	859
829	356060	1615	545	894
830	358173	598	820	578
831	358851	259	786	394
832	359130	698	784	386
833	359868	140	1173	329
834	360027	857	1221	331
835	361144	1715	790	500
836	362898	180	1047	442
837	363217	140	919	922
838	363436	379	557	1074
839	363895	140	462	879
840	364114	279	987	933
841	364613	120	687	681
842	364952	120	508	242
843	365131	279	851	13
844	365430	199	905	-24
845	365669	240	798	196
846	366048	279	1267	-384
847	366447	299	1114	202
848	366806	399	630	226
849	367344	319	512	221
850	367683	359	458	270
851	368102	439	805	283
852	368560	259	877	266
853	368859	439	1119	285
854	369337	259	1033	330
855	369617	299	758	351
856	370015	738	1056	326
857	370793	120	928	337
858	370952	478	742	402
859	371471	319	576	386
860	371810	319	528	517
861	372169	319	936	527
862	372508	239	1002	567
863	372767	439	1111	576
864	373245	379	1206	590
865	373644	259	1165	601
866	373943	140	939	613
867	374122	817	1168	606
868	374980	339	994	683
869	375338	219	924	594
870	375618	239	627	662
871	375897	259	691	648
872	376176	498	583	697
873	376694	219	558	802
874	376953	100	550	797
875	377113	239	931	748
876	377372	339	1050	755
877	377771	339	1150	780
878	378169	399	588	812
879	378608	319	807	867
880	378967	399	453	975
881	379426	479	1079	966
882	379944	319	955	1053
883	380283	518	914	1047
884	380921	778	1160	978
885	381798	299	508	1003
886	382237	718	1266	807
887	383592	1555	824	566
888	385347	618	497	243
889	386623	1156	799	404
890	387799	359	744	361
891	388218	279	614	171
892	388557	279	1071	29
893	388896	379	1157	386
894	389314	160	992	354
895	389534	478	567	506
896	390052	319	635	389
897	390411	299	902	466
898	390730	160	955	510
899	390989	438	1020	684
900	391527	239	1054	1042
901	391806	259	854	752
902	392125	359	472	764
903	392564	279	336	551
904	392923	239	569	913
905	393202	259	677	850
906	393501	279	915	815
907	393820	279	1182	828
908	394139	259	1101	985
909	394478	299	430	990
910	394897	120	547	273
911	395196	538	1199	185
912	396232	219	762	586
913	396492	538	854	416
914	397229	777	834	422
915	398086	299	984	903
916	398764	399	835	681
917	399283	459	720	46
918	400160	160	525	630
919	400359	359	816	472
920	400738	160	818	491
921	401894	339	867	340
922	402273	259	617	744
923	402672	299	804	518
924	403051	159	370	687
925	403489	159	855	60
926	403788	399	1092	80
927	404267	140	623	119
928	404526	100	370	166
929	404725	239	829	920
930	405044	339	1016	715
931	405483	359	1071	325
932	405902	379	522	693
933	406320	319	510	895
934	406659	199	430	876
935	406938	199	1077	959
936	407198	219	397	688
937	407437	120	361	693
938	407616	439	1060	619
939	408593	299	827	551
940	408912	1336	769	423
941	410367	798	424	614
942	411803	618	811	417
943	412441	817	761	353
944	413318	299	549	603
945	413697	319	625	815
946	414056	120	747	1003
947	414195	100	751	983
948	414415	219	591	895
949	414754	339	415	358
950	415172	877	1106	373
951	416628	498	919	361
952	417146	1077	828	373
953	418282	120	931	204
954	418422	718	980	212
955	419459	259	886	269
956	419738	259	914	242
957	420037	239	786	447
958	420316	1097	846	342
959	421452	199	845	39
960	421672	778	836	56
961	423107	119	817	349
962	423267	598	821	225
963	423885	478	800	265
964	424443	219	610	871
965	424722	120	494	930
966	424881	199	927	911
967	425101	877	911	971
968	426337	718	863	392
969	427074	997	811	326
970	428111	239	733	808
971	428390	259	895	790
972	428729	279	902	981
973	429048	120	613	970
974	429308	339	408	633
975	429766	140	385	98
976	429966	319	1154	32
977	430364	139	1046	37
978	430564	339	844	131
979	431022	479	574	46
980	432218	100	904	3
981	432438	140	593	38
982	433056	279	663	253
983	433375	558	1184	278
984	434053	279	967	533
985	434352	140	913	487
986	434531	239	743	368
987	434810	419	602	335
988	435269	299	782	397
989	435687	140	931	485
990	435867	339	1065	468
991	436226	219	1159	465
992	436525	259	1047	764
993	436804	219	1054	818
994	437083	219	642	605
995	437342	299	483	539
996	437661	439	753	578
997	438140	379	997	619
998	438538	459	1144	654
999	439057	219	923	691
1000	439316	319	690	707
1001	439675	379	547	763
1002	440073	219	661	763
1003	440313	299	902	771
1004	440632	199	934	773
1005	440871	459	1151	773
1006	441349	259	1049	840
1007	441628	100	1037	835
1008	441768	419	588	838
1009	442247	239	434	933
1010	442566	199	931	942
1011	442785	120	925	953
1012	442984	259	986	1047
1013	443283	179	838	995
1014	444001	837	882	535
1015	444858	478	828	549
1016	445377	219	822	537
1017	445795	857	521	320
1018	447151	319	799	420
1019	447490	1276	759	376
1020	448866	299	469	989
1021	449224	299	1092	946
1022	449583	200	774	959
1023	449802	179	824	1065
1024	450002	1077	814	1074
1025	451118	219	711	1063
1026	451358	857	809	1080
1027	452235	478	816	1065
1028	452733	638	804	1062
1029	453411	159	803	1066
1030	453591	1156	812	1079
1031	455046	239	490	39
1032	455345	379	1070	148
1033	455764	180	958	135
1034	456023	120	695	312
1035	456202	379	615	410
1036	456601	120	721	351
1037	456760	459	1070	355
1038	457259	219	956	314
1039	457558	239	1009	605
1040	457997	219	632	539
1041	458236	658	606	484
1042	458954	239	335	558
1043	459253	199	1034	556
1044	459532	180	320	572
1045	459731	339	357	590
1046	460130	319	1019	585
1047	460489	239	1159	651
1048	460768	658	712	770
1049	461446	299	843	734
1050	461765	419	852	711
1051	462243	399	915	797
1052	462682	738	783	861
1053	463499	359	658	1020
1054	463918	299	1188	950
1055	464257	239	1119	895
1056	464516	140	1051	877
1057	464695	239	750	998
1058	464995	897	808	1069
1059	465912	678	827	1071
1060	466629	379	847	1069
1061	467028	439	844	1073
1062	467706	359	523	1009
1063	468105	239	422	995
1064	468483	179	741	1073
1065	468703	279	797	1068
1066	469022	538	798	1073
1067	469660	180	810	1074
1068	469879	359	811	1073
1069	470536	1236	799	1056
1070	471972	458	831	426
1071	472471	758	765	240
1072	473268	778	629	206
1073	474086	120	659	112
1074	474265	399	1087	138
1075	474883	200	1165	-177
1076	475142	439	567	279
1077	475601	319	477	301
1078	475960	957	596	603
1079	476977	379	1051	378
1080	477375	299	1118	617
1081	477694	120	1090	558
1082	477854	199	1026	499
1083	478113	339	475	555
1084	478591	259	548	640
1085	478930	379	670	896
1086	479349	219	855	1012
1087	479608	219	1078	1008
1088	479847	100	1076	1005
1089	480007	299	399	1007
1090	480406	279	726	501
1091	480824	279	1033	546
1092	481123	1116	924	565
1093	482259	260	921	582
1094	482559	478	917	570
1095	483097	697	906	588
1096	484812	219	873	515
1097	485051	558	811	562
1098	486905	299	778	581
1099	487264	299	493	843
1100	487643	518	956	966
1101	488221	439	852	276
1102	488899	299	351	436
1103	489218	219	367	397
1104	489517	299	943	803
1105	489876	159	1203	988
1106	491132	199	600	189
1107	491371	219	729	51
1108	491610	558	777	74
1109	492208	199	641	58
1110	492447	399	587	190
1111	492886	140	409	430
1112	493046	200	394	467
1113	493365	498	986	439
1114	493943	299	1122	889
1115	494262	498	869	969
1116	494820	299	809	597
1117	495139	399	744	519
1118	495578	259	776	679
1119	495877	479	964	651
1120	496415	259	1097	636
1121	496714	259	1194	653
1122	497033	319	1185	865
1123	497392	319	921	916
1124	497731	160	789	890
1125	497970	458	493	843
1126	498568	379	566	883
1127	498987	259	484	690
1128	499286	279	385	447
1129	499625	419	1188	972
1130	500083	199	1036	956
1131	500303	339	1037	1013
1132	500681	239	583	1051
1133	500941	120	581	1038
1134	501080	419	550	941
1135	501599	558	858	933
1136	502216	379	1228	874
1137	502635	339	588	821
1138	502994	159	570	791
1139	503193	339	637	691
1140	503672	179	886	722
1141	503891	279	1104	717
1142	504210	219	1007	652
1143	504469	160	857	634
1144	504669	419	633	648
1145	505207	359	510	557
1146	505626	339	833	579
1147	506004	359	1029	601
1148	506383	219	952	543
1149	506642	179	823	532
1150	506902	398	436	507
1151	507360	319	618	387
1152	507699	219	425	456
1153	507938	179	421	487
1154	508138	877	490	322
1155	509055	239	969	391
1156	509314	239	1005	378
1157	509593	140	1181	242
1158	509773	239	1216	184
1159	510072	219	647	183
1160	510331	219	435	190
1161	510570	139	502	187
1162	510849	140	391	147
1163	511288	179	779	101
1164	511567	299	1146	118
1165	512045	100	445	-233
1166	512444	778	717	182
1167	514518	837	796	363
1168	515415	798	1149	346
1169	516392	279	984	315
1170	516870	359	886	230
1171	517249	498	926	187
1172	517767	658	784	229
1173	518485	239	920	413
1174	518784	179	612	937
1175	519003	219	425	821
1176	519362	319	1133	919
1177	519721	199	1045	850
1178	520000	439	769	1009
1179	520558	199	1030	302
1180	520798	219	1179	122
1181	521077	399	422	173
1182	521755	299	658	82
1183	522094	439	909	116
1184	522572	538	638	196
1185	523210	100	556	225
1186	523509	618	1112	238
1187	524187	498	597	268
1188	524725	419	974	336
1189	525164	439	1218	355
1190	525622	199	1142	376
1191	525862	239	965	415
1192	526141	279	731	442
1193	526440	319	516	456
1194	526779	259	584	628
1195	527217	219	848	561
1196	527476	439	1136	552
1197	527955	399	981	610
1198	528394	279	716	651
1199	528733	419	474	653
1200	529191	379	687	689
1201	529630	199	923	712
1202	529849	379	827	729
1203	530248	319	1037	720
1204	530607	159	1166	744
1205	530846	339	872	795
1206	531225	199	625	790
1207	531444	259	430	792
1208	531743	239	623	898
1209	532022	439	952	871
1210	532501	339	1120	874
1211	532919	279	508	910
1212	533278	439	1105	1046
1213	533777	379	528	921
1214	534235	239	643	1031
1215	534614	199	1105	1028
1216	534873	299	1118	1019
1217	535192	379	1131	1071
1218	536089	279	810	530
1219	536408	1296	835	399
1220	537744	100	862	232
1221	537864	837	871	192
1222	539000	738	852	324
1223	539758	458	774	291
1224	540236	399	839	286
1225	540694	359	690	550
1226	541253	997	824	972
1227	542329	219	816	457
1228	543087	139	827	506
1229	543246	698	828	351
1230	543964	279	827	361
1231	544303	1635	600	230
1232	545958	1495	609	240
1233	547473	120	658	201
1234	547692	120	872	697
1235	548051	778	831	1054
1236	548849	219	826	1042
1237	549148	339	819	622
1238	549746	1336	809	546
1239	551122	239	761	359
1240	551401	199	792	136
1241	551680	339	347	85
1242	552098	219	833	60
1243	552358	259	1093	135
1244	552677	219	802	404
1245	552976	239	605	706
1246	553334	379	530	396
1247	553773	239	966	365
1248	554052	379	1166	441
1249	554511	339	1035	548
1250	554930	239	930	551
1251	555248	299	1187	894
1252	555647	299	455	955
1253	556006	259	434	405
1254	556325	279	610	559
1255	556644	219	703	606
1256	556923	439	942	608
1257	557402	219	1071	678
1258	557661	359	1121	849
1259	558080	259	883	927
1260	558399	339	464	698
1261	558817	299	591	999
1262	559156	399	1083	1035
1263	559734	379	603	1003
1264	560213	179	505	358
1265	560432	140	489	133
1266	560691	359	1167	216
1267	561130	399	1065	543
1268	561748	817	822	489
1269	562585	319	850	417
1270	562924	977	785	350
1271	564001	219	780	819
1272	564260	120	669	767
1273	564439	339	1173	1052
1274	564798	438	1174	1084
1275	565376	219	1155	22
1276	565636	100	1204	88
1277	565795	319	556	48
1278	566154	279	452	148
1279	566473	299	786	246
1280	566832	259	708	273
1281	567151	319	1094	292
1282	567569	478	826	465
1283	568068	558	774	417
1284	568726	219	983	434
1285	568985	359	1116	465
1286	569364	179	1044	446
1287	569563	219	1046	449
1288	569822	419	943	478
1289	570281	419	723	495
1290	570719	538	550	581
1291	571278	399	603	544
1292	571756	219	806	573
1293	572115	518	803	608
1294	572673	319	915	577
1295	573032	379	1051	555
1296	573491	359	479	632
1297	573909	299	743	689
1298	574288	439	1067	678
1299	574767	239	860	796
1300	575046	538	503	742
1301	575624	219	583	747
1302	575923	279	890	757
1303	576242	738	1063	755
1304	577000	498	1151	783
1305	577518	359	1061	744
1306	577957	359	811	787
1307	578455	399	635	795
1308	578894	459	793	858
1309	579372	259	681	797
1310	579830	339	489	877
1311	580249	438	943	885
1312	580708	339	863	870
1313	581186	199	657	896
1314	581585	199	438	926
1315	581824	100	881	992
1316	582024	100	881	1003
1317	582323	319	1167	929
1318	582682	259	1043	1051
1319	582981	199	708	1040
1320	583260	100	1153	516
1321	583439	239	1232	548
1322	583878	458	554	322
1323	584376	339	364	258
1324	585214	140	915	532
1325	585373	160	850	496
1326	585592	399	798	262
1327	586031	797	780	489
1328	586928	120	540	29
1329	587267	199	568	827
1330	587666	239	1236	826
1331	587985	498	542	484
1332	588543	160	635	952
1333	588762	199	632	923
1334	589022	179	1077	1016
1335	589241	100	1075	1026
1336	589420	339	1108	27
1337	589819	319	1250	300
1338	590198	658	645	258
1339	590975	259	501	19
1340	591593	219	741	227
1341	591852	299	980	241
1342	592191	279	776	347
1343	592889	239	415	-78
1344	593208	499	957	421
1345	593726	279	886	483
1346	594046	339	551	510
1347	594424	259	539	602
1348	594724	339	856	660
1349	595102	479	1137	663
1350	595640	618	524	686
1351	596338	179	627	709
1352	596578	339	900	716
1353	596936	339	975	707
1354	597355	359	536	746
1355	597754	259	779	797
1356	598093	199	836	788
1357	598651	319	702	846
1358	599010	299	548	868
1359	599349	459	788	910
1360	600087	199	885	921
1361	600386	379	533	974
1362	600804	399	1002	1068
1363	601223	199	1006	1064
1364	601542	738	830	585
1365	602459	1176	801	569
1366	603715	139	581	254
1367	603894	798	491	222
1368	605489	1316	808	390
1369	606845	239	608	358
1370	607164	140	636	874
1371	607364	857	797	996
1372	608400	817	798	495
1373	609238	1216	814	504
1374	610494	179	705	407
1375	610773	239	806	939
1376	611052	458	1203	931
1377	611630	319	388	155
1378	612009	339	1132	112
1379	612447	299	830	322
1380	612786	399	800	470
1381	613225	259	697	423
1382	613544	379	820	550
1383	613962	239	971	539
1384	614282	120	1054	595
1385	614421	120	1053	583
1386	614580	199	950	648
1387	614800	140	1011	722
1388	614999	199	556	665
1389	615278	598	1038	723
1390	615936	239	708	725
1391	616255	299	596	782
1392	616594	100	576	960
1393	616714	179	569	968
1394	616973	379	1083	758
1395	617391	279	813	634
1396	617710	299	911	1013
1397	618110	219	867	949
1398	618369	120	623	760
1399	618508	339	622	769
1400	618907	797	1061	785
1401	619744	140	869	815
1402	620043	279	641	849
1403	620342	100	646	850
1404	620502	219	859	863
1405	620781	439	1151	900
1406	621279	159	629	983
1407	621558	140	633	993
1408	621818	359	1057	1036
1409	622336	259	692	213
1410	622615	279	534	240
1411	622934	279	387	124
1412	623313	179	347	133
1413	623592	179	881	40
1414	623831	279	950	574
1415	624170	439	1008	92
1416	624629	718	938	274
1417	625386	339	848	385
1418	625765	478	769	522
1419	626283	100	756	529
1420	626443	359	762	521
1421	626842	299	817	472
1422	627161	518	751	427
1423	627759	140	817	898
1424	627918	299	771	903
1425	628237	678	774	908
1426	628935	837	790	904
1427	630370	1555	811	526
1428	632005	140	954	191
1429	632165	2053	1008	173
1430	634238	280	985	221
1431	636412	557	780	509
1432	637049	140	771	530
1433	643987	320	857	520
1434	650148	160	498	554
1435	650348	498	585	595
1436	650925	159	736	619
1437	651444	338	1020	666
1438	651822	320	1026	667
1439	652182	139	966	756
1440	654035	100	661	1046
1441	654155	101	661	1035
1442	654434	239	934	824
1443	654912	120	1082	936
1444	655053	120	1115	991
1445	655491	180	1088	827
1446	655990	160	472	844
1447	656268	100	713	942
1448	656507	260	875	1029
1449	656807	140	737	1037
1450	657126	239	670	406
1451	658282	239	828	617
1452	658541	240	818	612
1453	658821	318	741	590
1454	659198	379	805	608
1455	659658	298	789	405
1456	659977	319	789	405
1457	660336	1097	1127	569
1458	661472	179	832	653
1459	661731	120	815	580
1460	662030	100	837	574
1461	662250	817	834	586
1462	663087	399	787	527
1463	663685	240	556	798
1464	664024	200	568	805
1465	664243	518	572	796
1466	665041	100	1100	1818
1467	665460	239	712	433
1468	665838	359	758	127
1469	666316	578	760	133
1470	666994	399	819	909
1471	667433	299	925	1004
1472	667792	219	423	963
1473	668111	199	604	220
1474	668390	239	754	-7
1475	668669	339	1144	51
1476	669048	299	1018	240
1477	669387	259	733	390
1478	669766	259	490	201
1479	670065	359	675	484
1480	670882	359	1229	76
1481	671261	279	1286	118
1482	671580	219	1063	246
1483	671859	259	469	192
1484	672158	120	472	204
1485	672338	259	598	273
1486	672637	259	731	429
1487	672936	419	955	412
1488	673394	459	1077	461
1489	674172	100	1080	195
1490	674331	319	950	221
1491	674710	180	937	759
1492	674929	199	1114	982
1493	675268	219	955	594
1494	675528	139	564	587
1495	676046	220	808	630
1496	676385	259	643	837
1497	676684	199	540	818
1498	676943	239	578	1048
1499	677322	219	888	868
1500	677561	459	1008	765
1501	678040	339	1048	805
1502	678418	439	1103	946
1503	678877	279	963	916
1504	679216	319	489	873
1505	679555	219	549	798
1506	679794	160	553	805
1507	680073	259	727	1016
1508	680392	279	1133	1025
1509	680751	159	714	237
1510	680950	279	553	122
1511	681329	239	679	502
1512	681648	299	416	97
1513	681967	279	433	127
1514	682306	598	1200	88
1515	683303	658	847	496
1516	684001	319	787	471
1517	684758	319	786	372
1518	685117	179	702	113
1519	685336	937	614	63
1520	686373	120	807	444
1521	686852	239	750	-17
1522	687170	179	789	406
1523	687649	279	816	288
1524	688048	100	777	409
1525	688247	100	677	124
1526	688426	299	524	921
1527	688905	160	1102	883
1528	689124	1037	1193	710
1529	690659	478	820	479
1530	691158	459	742	452
1531	691816	478	729	306
1532	692394	160	1071	-217
1533	692653	160	879	813
1534	692992	917	587	981
1535	694168	1276	833	378
1536	695504	558	754	289
1537	696102	199	581	348
1538	696362	219	496	881
1539	696840	299	1078	904
1540	697418	140	1236	122
1541	697617	219	625	41
1542	697896	419	472	85
1543	698355	379	452	103
1544	698834	399	849	-113
1545	699252	359	1031	-155
1546	699651	319	1127	301
1547	699990	339	1204	354
1548	700369	140	1042	356
1549	700548	259	839	347
1550	700847	219	532	357
1551	701086	299	472	335
1552	701425	359	693	374
1553	701844	359	909	444
1554	702223	439	971	440
1555	702701	319	1154	439
1556	703080	339	746	503
1557	703459	399	435	481
1558	703878	359	550	493
1559	704296	359	953	529
1560	704675	339	1062	584
1561	705074	359	890	584
1562	705453	120	836	580
1563	705612	419	531	592
1564	706071	259	791	594
1565	706509	478	856	587
1566	707008	339	795	612
1567	707366	299	853	597
1568	707686	219	915	589
1569	707945	279	1101	634
1570	708264	180	1096	639
1571	708543	219	1255	644
1572	708822	459	511	656
1573	709300	199	672	657
1574	709540	618	858	754
1575	710198	359	790	856
1576	710616	399	882	670
1577	711055	439	1089	691
1578	711513	339	1138	700
1579	711872	239	1064	738
1580	712151	279	702	744
1581	712450	478	557	763
1582	712949	399	500	758
1583	713368	199	536	756
1584	713627	419	927	773
1585	714125	199	1099	784
1586	714364	120	1220	809
1587	714624	299	760	892
1588	714943	219	717	856
1589	715202	259	720	1010
1590	715481	299	694	986
1591	716119	658	705	981
1592	716836	239	1182	1007
1593	717136	259	778	974
1594	717435	399	709	968
1595	717953	259	1073	499
1596	718272	219	561	186
1597	718591	578	406	8
1598	719747	179	804	509
1599	720066	817	734	-247
1600	720904	479	744	-120
1601	721462	239	510	374
1602	721781	239	664	871
1603	722060	379	996	980
1604	722498	159	751	1009
1605	722957	199	1237	796
1606	723216	259	1234	283
1607	723515	120	1105	208
1608	723675	299	498	199
1609	724073	160	376	45
1610	724432	140	563	248
1611	725170	219	1099	329
1612	725409	239	978	344
1613	725688	279	843	450
1614	726067	479	621	475
1615	726586	538	767	554
1616	727144	219	725	569
1617	727383	239	683	588
1618	727662	279	930	625
1619	728021	359	1039	616
1620	728559	299	741	653
1621	728878	299	574	680
1622	729197	439	894	751
1623	729676	219	1074	778
1624	729935	139	1072	772
1625	730134	518	912	876
1626	730693	359	710	960
1627	731091	339	1073	1027
1628	731510	319	461	1002
1629	731929	239	763	607
1630	732527	578	808	541
1631	733125	1416	803	454
1632	734620	160	811	913
1633	734859	140	540	963
1634	735118	319	1195	907
1635	735557	239	1223	156
1636	735936	100	585	-45
1637	736215	219	1238	536
1638	736554	259	671	654
1639	736853	399	1004	650
1640	737292	279	703	537
1641	737611	140	545	560
1642	738189	100	401	-188
1643	738428	199	962	190
1644	739126	1615	810	481
1645	740801	199	630	210
1646	741100	219	1015	946
1647	741379	219	798	712
1648	741618	379	829	793
1649	742715	140	433	-212
1650	743412	259	617	395
1651	743731	379	939	299
1652	744170	139	1103	281
1653	744568	678	1264	123
1654	745366	678	602	199
1655	746144	319	859	282
1656	746522	897	680	594
1657	747519	199	778	570
1658	747758	499	865	617
1659	748297	439	856	739
1660	748755	120	856	746
1661	748935	359	504	879
1662	749314	319	508	966
1663	749892	100	348	-223
1664	750011	319	324	-255
1665	750410	179	1076	101
1666	750729	319	1160	141
1667	751088	139	1118	338
1668	751327	498	1158	276
1669	752025	279	785	372
1670	752384	299	534	792
1671	752743	180	499	583
1672	753002	379	1000	575
1673	753460	239	1046	838
1674	753759	180	948	803
1675	753979	259	832	735
1676	754318	239	942	1046
1677	754597	159	750	890
1678	754776	339	760	836
1679	755135	199	704	845
1680	755354	299	692	747
1681	755693	339	903	1027
1682	756072	179	1172	1003
1683	756272	160	1260	1044
1684	756491	459	435	1021
1685	757448	678	819	542
1686	758146	1176	820	560
1687	759402	160	949	928
1688	759621	199	1177	642
1689	759860	199	1197	591
1690	760139	120	667	50
1691	760299	199	669	43
1692	760598	179	1060	90
1693	760797	100	1079	41
1694	761196	239	403	241
1695	761515	259	692	286
1696	761834	319	1003	317
1697	762173	239	744	382
1698	762432	159	688	399
1699	762612	239	442	467
1700	762970	159	727	578
1701	763150	658	848	548
1702	763868	219	472	572
1703	764186	219	779	633
1704	764466	239	903	608
1705	764725	319	1026	625
1706	765064	299	1148	670
1707	765522	339	564	673
1708	765901	259	783	757
1709	766260	219	956	872
1710	766619	439	1081	690
1711	767097	219	981	752
1712	767356	299	731	778
1713	767675	359	617	832
1714	768074	199	831	863
1715	768353	239	974	892
1716	768672	279	1063	1047
1717	769011	279	403	983
1718	769310	239	491	985
1719	769569	339	433	1002
1720	769948	279	348	998
1721	770287	100	887	1000
1722	770427	239	1036	1020
1723	770686	219	1117	1056
1724	770945	219	1267	778
1725	771304	140	1275	98
1726	771503	578	488	33
1727	772580	419	804	585
1728	773038	977	777	436
1729	774215	339	752	456
1730	774594	219	756	223
1731	774873	199	822	925
1732	775152	658	878	930
1733	776129	1794	808	591
1734	778003	359	479	487
1735	778381	159	506	501
1736	778561	100	521	538
1737	780415	479	493	513
1738	780914	159	494	499
1739	781153	140	487	522
1740	782150	100	398	452
1741	782289	179	473	505
1742	782608	219	487	522
1743	782927	339	483	507
1744	783585	1037	495	514
1745	784821	299	746	466
1746	785360	179	757	474
1747	785579	459	703	371
1748	786077	758	610	475
1749	786895	219	788	922
1750	787154	219	643	859
1751	787433	319	1161	882
1752	787852	159	875	635
1753	788031	120	872	641
1754	788210	199	1256	565
1755	788470	239	1118	154
1756	788749	159	1264	667
1757	788948	618	1275	611
1758	789586	538	1272	579
1759	790224	259	419	183
1760	791739	379	890	143
1761	792158	538	1295	183
1762	792776	419	467	204
1763	793294	120	489	362
1764	793613	439	876	350
1765	794231	179	1015	328
1766	794670	279	839	353
1767	795089	379	1210	369
1768	795487	119	1182	445
1769	795647	100	1010	500
1770	795886	379	741	496
1771	796305	339	448	512
1772	796704	259	686	575
1773	797002	339	803	579
1774	797381	379	1057	575
1775	797780	2053	1270	591
1776	800073	179	901	590
1777	800312	180	1234	585
1778	800511	538	1276	599
1779	801130	199	921	698
1780	801369	219	757	649
1781	801608	219	727	646
1782	801867	359	468	709
1783	802266	120	600	743
1784	802425	2393	426	727
1785	804858	120	624	1007
1786	805037	259	603	967
1787	805396	299	1057	833
1788	805715	139	1041	816
1789	805874	279	1032	768
1790	806213	219	430	767
1791	806453	778	416	729
1792	807250	977	421	719
1793	808247	399	431	732
1794	808686	100	399	710
1795	808805	399	378	686
1796	809224	1874	423	733
1797	811158	359	1073	771
1798	811556	239	906	802
1799	811856	339	836	967
1800	812234	319	707	1049
1801	812613	239	1244	1033
1802	812952	199	460	720
1803	813171	937	427	730
1804	814168	259	677	583
1805	814926	478	800	603
1806	817537	299	989	373
1807	817876	199	1186	300
1808	818175	219	1027	947
1809	818414	140	929	911
1810	818614	359	645	966
1811	819013	219	423	1040
1812	819352	140	448	387
1813	820029	279	1009	147
1814	820348	319	1055	393
1815	820707	199	1165	45
1816	821006	239	992	404
1817	821266	857	1044	398
1818	822741	239	827	450
1819	823020	1435	769	428
1820	824535	778	469	826
1821	825851	120	893	459
1822	826050	379	811	529
1823	826449	817	790	442
1824	827406	219	797	453
1825	827665	139	422	694
1826	827825	1156	357	739
1827	829480	179	765	534
1828	829679	937	809	497
1829	830656	259	608	557
1830	831015	180	843	990
1831	831254	159	636	770
1832	831473	219	385	544
1833	831752	738	369	569
1834	832988	239	831	414
1835	833347	518	828	432
1836	833886	678	771	414
1837	834643	279	537	830
1838	834982	299	1118	1032
1839	835381	120	1142	700
1840	835540	399	886	796
1841	835979	299	669	929
1842	836378	239	589	57
1843	836717	139	1063	62
1844	836896	817	1089	362
1845	837773	159	1233	497
1846	838032	399	567	420
1847	838471	299	775	551
1848	838850	239	1002	609
1849	839169	299	1111	953
1850	839528	359	580	984
1851	839907	359	368	1055
1852	840584	240	1160	1043
1853	840943	199	1017	1039
1854	841282	239	418	1063
1855	841541	299	375	1061
1856	842458	199	817	502
1857	842698	359	857	404
1858	843096	917	786	461
1859	844053	120	832	284
1860	844193	1136	1160	263
1861	845668	1615	731	456
1862	847343	199	724	695
1863	847582	219	572	984
1864	847881	279	1096	486
1865	848180	279	1069	256
1866	848519	379	1196	904
1867	848918	199	1144	1060
1868	849297	339	470	83
1869	849755	399	1045	59
1870	850194	498	908	242
1871	850732	439	547	266
1872	851211	299	728	455
1873	851550	518	1183	365
1874	852108	179	1203	426
1875	852387	359	1070	555
1876	852806	439	598	580
1877	853284	319	915	649
1878	853683	219	1019	741
1879	853962	299	841	832
1880	854321	339	1062	747
1881	854700	319	943	667
1882	855078	379	1138	647
1883	855537	199	1133	854
1884	855876	239	529	834
1885	856155	259	794	959
1886	856474	120	1071	986
1887	856634	439	645	838
1888	857152	120	1048	1034
1889	857311	219	1046	1039
1890	857571	538	757	1014
1891	858129	120	757	1017
1892	858547	559	939	491
1893	859146	498	816	522
1894	859664	877	760	528
1895	860581	259	509	268
1896	860860	698	488	289
1897	862296	120	708	463
1898	862455	1017	820	392
1899	863512	140	470	430
1900	863671	219	317	432
1901	863950	279	875	892
1902	864269	140	795	814
1903	864449	199	679	626
1904	864668	239	488	464
1905	864927	160	463	374
1906	865565	279	1113	103
1907	865884	379	1033	253
1908	866323	299	1084	716
1909	866702	180	769	442
1910	866921	319	548	416
1911	867300	299	842	504
1912	867639	339	972	495
1913	868017	319	1133	527
1914	868396	459	472	571
1915	868895	279	407	649
1916	869234	259	567	779
1917	869533	399	1003	786
1918	869951	279	1041	766
1919	870350	419	481	810
1920	871147	459	730	705
1921	871666	419	1155	774
1922	872144	319	1163	1019
1923	872503	279	1144	967
1924	872842	419	561	820
1925	873301	518	496	850
1926	873839	319	531	934
1927	874278	199	921	921
1928	874676	319	889	852
1929	875035	339	1071	1016
1930	875414	199	993	988
1931	875673	339	473	1012
1932	876112	120	551	1066
1933	876929	1575	825	533
1934	878544	239	659	724
1935	878803	259	890	993
1936	879102	160	1079	965
1937	879601	419	677	74
1938	880059	319	744	288
1939	880438	399	1135	287
1940	880896	219	890	458
1941	881156	219	664	435
1942	881395	299	514	447
1943	881754	339	692	614
1944	882113	478	941	565
1945	882631	399	681	593
1946	883110	159	566	686
1947	883289	359	926	731
1948	883688	279	1146	752
1949	884046	319	1006	959
1950	884405	399	611	992
1951	884844	478	803	920
1952	885382	379	387	665
1953	885861	299	914	935
1954	886180	419	859	896
1955	886878	2113	796	469
1956	889071	180	1036	926
1957	889330	399	392	634
1958	889788	120	736	707
1959	889968	219	719	946
1960	890347	120	1191	668
1961	890486	180	1193	622
1962	890725	259	952	178
1963	891024	120	789	7
1964	891164	1376	752	97
1965	892560	199	712	89
1966	892898	837	754	97
1967	893776	638	755	102
1968	894433	558	787	106
1969	895072	239	1257	149
1970	895630	279	737	395
1971	895949	478	619	570
1972	896487	359	966	613
1973	896886	379	1051	876
1974	897284	219	978	921
1975	897564	439	458	910
1976	898042	239	364	1046
1977	898461	180	782	337
1978	898899	598	840	480
1979	899517	518	809	510
1980	900056	678	794	479
1981	900874	358	799	486
1982	901292	159	609	790
1983	901511	159	422	777
1984	901730	319	1048	997
1985	902089	100	838	995
1986	902229	120	625	1064
1987	902368	120	623	1063
1988	902588	239	1059	135
1989	903006	239	797	139
1990	903485	199	394	155
1991	903704	179	422	130
1992	903923	219	337	32
1993	904222	339	772	322
1994	904581	399	981	387
1995	905020	419	1093	549
1996	905459	259	891	581
1997	905778	399	1201	776
1998	906216	359	658	812
1999	906615	478	977	839
2000	907353	319	600	851
2001	907692	279	614	769
2002	908050	339	784	787
2003	908469	339	1007	898
2004	908848	159	985	991
2005	909067	498	485	1026
2006	910363	1515	824	531
2007	911918	219	1122	931
2008	912177	359	462	936
2009	912716	339	451	130
2010	913114	339	880	1
2011	913493	439	1107	57
2012	913972	518	811	190
2013	914530	339	621	200
2014	914889	379	682	290
2015	915307	458	878	390
2016	915806	259	1038	361
2017	916105	399	1184	364
2018	916544	618	826	451
2019	917241	219	934	492
2020	917540	259	423	447
2021	917839	319	783	565
2022	918198	299	891	535
2023	918537	499	1170	533
2024	919075	379	912	596
2025	919494	379	474	619
2026	919913	299	722	703
2027	920232	199	656	664
2028	920471	439	1073	653
2029	921249	359	1052	685
2030	921627	160	1095	699
2031	921847	219	1256	717
2032	922106	359	905	743
2033	922505	439	573	742
2034	922963	139	752	815
2035	923123	359	749	825
2036	923501	299	627	824
2037	923840	179	637	1071
2038	924040	140	631	1067
2039	924239	319	1025	945
2040	924578	638	1090	940
2041	925256	140	1082	939
2042	925555	658	657	936
2043	926253	518	571	947
2044	926791	239	640	930
2045	927070	658	865	900
2046	927748	140	950	912
2047	929084	159	615	853
2048	929343	339	474	722
2049	929742	538	1060	965
2050	930300	100	1061	939
2051	930499	538	991	939
2052	931078	139	967	848
2053	931237	219	961	861
2054	931496	120	1001	796
2055	931735	479	1130	681
2056	932234	219	1079	670
2057	932553	239	989	739
2058	932852	379	587	935
2059	933270	259	789	914
2060	933590	379	1074	1097
2061	934048	259	1164	1089
2062	934846	897	833	561
2063	935763	817	798	514
2064	936640	219	709	242
2065	936939	160	1073	957
2066	937138	179	1215	929
2067	937338	319	1241	912
2068	937736	379	1227	217
2069	938135	140	1139	115
2070	938713	179	649	256
2071	938913	359	842	286
2072	939291	279	997	269
2073	939611	120	1142	275
2074	939810	578	597	357
2075	940408	518	517	424
2076	940966	339	662	472
2077	941345	259	804	495
2078	941644	359	1054	510
2079	942023	498	1215	499
2080	942561	638	1071	531
2081	943299	359	782	553
2082	943718	179	729	593
2083	943937	299	469	614
2084	944276	439	744	591
2085	944754	1136	411	657
2086	946210	1754	810	527
2087	947984	179	707	512
2088	948203	160	739	885
2089	948403	259	614	966
2090	948722	319	1155	962
2091	949120	259	1160	371
2092	949499	219	1183	109
2093	950656	359	726	254
2094	951054	299	462	210
2095	951393	359	966	264
2096	951832	279	719	343
2097	952151	279	452	379
2098	952490	259	851	415
2099	952789	279	1019	458
2100	953088	179	1081	456
2101	953327	379	546	483
2102	953746	299	845	494
2103	954085	299	979	516
2104	954424	359	1155	516
2105	954802	159	1196	501
2106	955022	439	526	534
2107	955500	239	423	572
2108	955759	160	354	606
2109	955939	199	509	779
2110	956198	179	454	1142
2111	956397	239	438	1120
2112	956756	379	474	529
2113	957155	279	651	581
2114	957733	1495	869	640
2115	959268	478	613	671
2116	959926	279	857	709
2117	960245	638	951	694
2118	960923	239	1026	696
2119	961242	259	698	738
2120	961541	359	882	797
2121	961940	239	913	912
2122	962219	239	1097	924
2123	962498	299	1156	735
2124	962877	359	492	791
2125	963315	299	470	976
2126	963654	139	836	936
2127	963834	279	490	977
2128	964153	219	952	980
2129	964392	339	880	957
2130	964751	419	1145	966
2131	965189	339	1127	1060
2132	966146	598	771	546
2133	966964	160	725	430
2134	967164	597	729	418
2135	967861	100	798	330
2136	968120	100	399	139
2137	968300	299	752	858
2138	968638	299	1150	814
2139	968957	239	1096	756
2140	969256	239	1080	402
2141	969555	239	396	744
2142	969855	199	378	840
2143	970094	219	374	642
2144	970373	279	402	164
2145	971011	319	1072	83
2146	971430	319	1065	177
2147	971789	179	1310	156
2148	972187	379	1125	270
2149	972586	239	952	284
2150	972845	558	658	362
2151	973423	518	591	464
2152	974002	399	983	463
2153	974500	259	1181	413
2154	974799	359	884	515
2155	975258	100	798	528
2156	975437	159	365	527
2157	975756	279	510	553
2158	976055	299	641	615
2159	976394	279	809	636
2160	976713	319	964	662
2161	977112	339	1106	658
2162	977510	159	1055	719
2163	977710	399	1193	726
2164	978168	319	683	730
2165	978527	419	505	744
2166	978966	220	555	813
2167	979225	279	833	823
2168	979524	259	935	818
2169	979803	419	1014	858
2170	980242	180	1139	894
2171	980601	259	821	829
2172	980920	538	693	878
2173	981518	319	626	950
2174	981877	279	1042	1003
2175	982176	199	1134	1040
2176	982455	479	473	1055
2177	982993	259	741	1012
2178	983950	698	811	531
2179	984688	658	758	414
2180	985385	180	576	317
2181	985664	199	393	984
2182	986003	299	1083	978
2183	986462	259	631	989
2184	986741	339	431	1058
2185	987120	299	654	951
2186	987598	199	460	148
2187	987838	100	354	-119
2188	988176	239	909	-55
2189	988455	259	1093	72
2190	988874	100	862	82
2191	989093	359	1065	41
2192	989492	359	981	198
2193	989891	419	1169	122
2194	990349	359	976	198
2195	990868	239	413	208
2196	991167	219	655	273
2197	991426	419	970	287
2198	991865	518	1105	277
2199	992423	518	556	335
2200	992961	199	406	358
2201	993240	319	905	424
2202	993579	159	1047	430
2203	993818	379	661	409
2204	994257	379	1201	424
2205	994696	299	771	471
2206	995015	219	608	463
2207	995254	339	422	486
2208	995732	279	687	522
2209	996051	518	976	508
2210	996610	538	1074	502
2211	997228	279	1109	532
2212	997547	319	743	563
2213	997906	419	557	583
2214	998364	359	998	605
2215	998743	259	1230	610
2216	999082	498	845	616
2217	999600	239	861	689
2218	999879	558	516	690
2219	1000477	419	673	697
2220	1000976	100	1096	682
2221	1001275	319	1273	720
2222	1001634	239	759	813
2223	1001913	379	531	740
2224	1002312	199	508	778
2225	1002571	419	511	823
2226	1003010	219	506	826
2227	1003269	459	656	935
2228	1003767	160	841	879
2229	1004006	279	947	825
2230	1004305	299	1034	817
2231	1004884	359	886	925
2232	1005282	379	494	887
2233	1005701	299	383	1006
2234	1006080	259	673	994
2235	1006399	299	1104	1027
2236	1006718	339	1088	1001
2237	1007077	140	1056	969
2238	1007296	299	928	559
2239	1008073	897	800	565
2240	1009050	678	786	417
2241	1009788	439	620	879
2242	1010266	558	623	880
2243	1010885	100	786	798
2244	1011144	1655	803	539
2245	1012838	279	595	792
2246	1013297	199	661	1027
2247	1013835	140	702	1061
2248	1013995	199	672	1028
2249	1014334	200	438	103
2250	1014573	279	793	60
2251	1014972	379	1034	56
2252	1015370	199	963	194
2253	1015630	419	461	189
2254	1016128	339	878	282
2255	1016507	339	1103	233
2256	1016925	299	699	355
2257	1017264	419	482	280
2258	1017723	538	630	402
2259	1018341	259	389	353
2260	1018819	399	1105	503
2261	1019258	837	1181	379
2262	1020135	618	1105	539
2263	1020793	239	861	506
2264	1021072	259	728	472
2265	1021352	439	555	502
2266	1021810	219	675	550
2267	1022069	498	1009	573
2268	1022628	319	1227	595
2269	1022986	778	896	636
2270	1024302	120	871	653
2271	1024661	179	459	651
2272	1024860	239	381	619
2273	1025139	298	729	686
2274	1025578	259	897	620
2275	1025916	479	901	624
2276	1026495	339	983	619
2277	1026874	359	1083	628
2278	1027252	479	1142	634
2279	1027771	199	866	694
2280	1028130	339	581	697
2281	1028529	538	908	703
2282	1029107	199	830	756
2283	1029346	359	802	932
2284	1029765	199	462	804
2285	1030124	359	461	817
2286	1030502	339	454	823
2287	1030881	319	641	955
2288	1031260	319	1062	948
2289	1031599	279	1198	1029
2290	1032058	199	1200	653
2291	1032317	199	1010	490
2292	1032795	399	637	427
2293	1033573	160	326	136
2294	1033872	259	1211	-19
2295	1034171	140	1216	-31
2296	1034410	618	820	-9
2297	1035247	180	820	499
2298	1035626	1495	804	424
2299	1037181	199	730	626
2300	1037401	199	675	524
2301	1037660	778	1094	344
2302	1038617	1256	1115	392
2303	1039932	259	1137	886
2304	1040232	219	785	904
2305	1040531	339	548	1011
2306	1040949	160	440	814
2307	1041248	259	362	126
2308	1041548	279	809	57
2309	1041846	199	721	-32
2310	1042126	279	1216	-324
2311	1042465	159	999	138
2312	1042724	538	697	305
2313	1043282	199	516	304
2314	1043501	299	658	459
2315	1043840	319	993	449
2316	1044239	139	1075	473
2317	1044418	1017	1242	572
2318	1045934	299	854	507
2319	1046292	1376	792	479
2320	1047708	140	1088	380
2321	1047867	757	1086	359
2322	1049104	279	882	452
2323	1049403	1415	803	415
2324	1050858	1655	520	437
2325	1052931	1236	809	541
2326	1054227	319	547	250
2327	1054726	379	806	957
2328	1055164	179	1185	869
2329	1055424	339	1174	833
2330	1055822	319	1243	429
2331	1056261	120	664	112
2332	1056500	100	476	95
2333	1056899	100	948	58
2334	1057298	139	1082	94
2335	1057557	239	673	164
2336	1057836	199	575	183
2337	1058075	219	870	308
2338	1058334	479	1128	261
2339	1058853	459	612	327
2340	1059391	399	891	334
2341	1059810	259	816	358
2342	1060108	399	566	425
2343	1060587	179	800	460
2344	1060826	259	1034	492
2345	1061126	219	1197	471
2346	1061424	518	522	506
2347	1061983	259	651	554
2348	1062282	399	950	580
2349	1062720	419	639	635
2350	1063199	479	952	650
2351	1063737	139	844	842
2352	1063916	160	845	842
2353	1064116	459	866	668
2354	1064634	339	726	688
2355	1065013	299	598	725
2356	1065332	219	560	750
2357	1065591	239	664	799
2358	1065950	140	796	795
2359	1066190	419	989	775
2360	1066628	379	1062	823
2361	1067047	618	572	880
2362	1067705	319	473	971
2363	1068083	279	885	981
2364	1068402	259	951	962
2365	1068702	179	1129	980
2366	1069858	1176	813	517
2367	1071074	199	693	327
2368	1071572	120	779	136
2369	1071712	658	759	109
2370	1072988	279	798	133
2371	1073446	379	785	332
2372	1073865	279	791	125
2373	1074184	239	831	43
2374	1074463	817	699	224
2375	1075440	259	803	341
2376	1075759	1097	764	123
2377	1076875	499	785	179
2378	1077653	140	956	905
2379	1077932	359	759	196
2380	1078351	219	1141	73
2381	1078590	140	1082	84
2382	1078929	279	472	152
2383	1079248	199	415	184
2384	1079487	638	726	287
2385	1080185	239	331	402
2386	1080464	239	810	333
2387	1080783	379	913	389
2388	1081242	419	1159	192
2389	1081700	199	834	304
2390	1081939	558	687	411
2391	1082518	359	913	426
2392	1082916	259	1018	447
2393	1083216	299	1206	444
2394	1083594	399	509	488
2395	1084092	439	735	622
2396	1084631	219	398	968
2397	1084890	160	885	909
2398	1085070	319	941	888
2399	1085428	319	830	1004
2400	1085807	159	1198	668
2401	1086046	419	1118	533
2402	1086505	199	952	601
2403	1086744	319	640	559
2404	1087143	558	534	570
2405	1087801	239	848	564
2406	1088100	359	987	582
2407	1088479	578	1085	592
2408	1089097	479	961	692
2409	1089675	219	1052	938
2410	1089954	160	912	718
2411	1090194	299	916	775
2412	1090572	379	1007	1001
2413	1090991	199	851	984
2414	1091270	259	1064	902
2415	1091629	299	842	972
2416	1092048	379	498	755
2417	1092486	159	488	1020
2418	1092725	439	397	441
2419	1093244	219	327	269
2420	1093483	239	311	452
2421	1093782	399	1034	156
2422	1094221	199	670	86
2423	1094819	419	1136	665
2424	1095258	359	1184	807
2425	1095676	199	1140	1007
2426	1095915	438	1121	966
2427	1096374	159	1143	972
2428	1096593	499	621	912
2429	1097132	797	582	717
2430	1098587	339	776	523
2431	1098946	438	838	522
2432	1099404	718	804	516
2433	1100142	159	684	512
2434	1100401	139	738	919
2435	1100561	1216	818	930
2436	1102275	538	823	540
2437	1103970	239	791	605
2438	1104249	179	644	530
2439	1104508	199	852	983
2440	1104747	279	732	873
2441	1105146	180	521	709
2442	1105664	100	404	210
2443	1105784	179	476	138
2444	1106163	379	1124	99
2445	1106561	219	965	260
2446	1106821	259	789	300
2447	1107160	219	706	280
2448	1107399	1156	735	239
2449	1108994	379	812	292
2450	1109412	279	760	198
2451	1109731	299	800	141
2452	1110070	299	799	355
2453	1110409	339	803	197
2454	1110828	219	822	611
2455	1111087	199	1100	744
2456	1111346	359	992	353
2457	1113140	139	686	385
2458	1114416	219	792	423
2459	1114696	219	666	696
2460	1114955	279	361	820
2461	1115274	100	708	985
2462	1115393	160	704	980
2463	1115573	180	551	1041
2464	1115812	259	970	910
2465	1116151	219	1153	791
2466	1116450	139	1079	135
2467	1116908	100	519	153
2468	1117387	140	664	147
2469	1117566	259	772	126
2470	1117866	498	874	211
2471	1118384	179	849	289
2472	1118643	299	1088	262
2473	1118982	498	1155	327
2474	1119540	279	766	403
2475	1119859	299	453	384
2476	1120218	259	747	487
2477	1120537	259	897	502
2478	1120836	339	1181	525
2479	1121215	120	1240	593
2480	1121394	279	841	653
2481	1121693	259	716	643
2482	1122052	180	949	650
2483	1122351	179	1086	676
2484	1122670	160	1108	907
2485	1122890	259	694	968
2486	1123169	239	607	1010
2487	1123468	638	462	613
2488	1124146	478	449	856
2489	1124724	299	808	816
2490	1125063	379	1005	831
2491	1125482	239	1192	832
2492	1125801	239	991	959
2493	1126100	379	910	930
2494	1126558	379	434	992
2495	1126957	419	425	1038
2496	1127435	180	841	1032
2497	1127635	239	833	1037
2498	1127974	219	1135	1045
2499	1128273	199	1215	247
2500	1128512	299	1291	77
2501	1128871	359	403	198
2502	1129290	518	630	503
