Data properties:
 
Recording date: 20/06/2007
Recording time : 14:52:12:609 (corresponds to time 0)
Study: Alasdair
Subject: GW
Recording: gw3
Screen resolution: 1600 x 1200
Coordinate unit: Pixels
 
 
Filter settings:
 
Eye: Average
Validity level: Normal
Fixation radius: 30
Min duration: 100
 
Fix number	Timestamp	Duration	GazepointX	GazepointY
 
1	183	518	747	441
2	901	100	818	567
3	1180	160	810	573
4	1419	259	782	461
5	1898	997	802	544
6	2954	159	701	425
7	3413	199	1094	1036
8	3633	100	740	1041
9	6264	140	767	707
10	6643	120	785	589
11	7061	279	865	479
12	7381	538	835	479
13	7979	319	788	318
14	8337	140	766	133
15	8537	479	1167	194
16	9154	300	1173	250
17	9554	160	791	293
18	11009	219	503	320
19	11826	199	573	449
20	12106	279	580	450
21	12425	299	849	445
22	12744	259	867	469
23	13023	179	901	489
24	13282	379	1131	482
25	13860	179	1029	529
26	14338	100	743	547
27	14558	140	737	553
28	14817	120	650	563
29	15176	359	474	574
30	15614	219	478	601
31	15874	140	758	621
32	16033	159	759	628
33	16232	219	893	616
34	16492	498	1027	630
35	17030	399	1192	638
36	17528	279	978	691
37	17847	219	1230	774
38	18146	159	1235	757
39	18326	140	1230	757
40	18944	179	673	743
41	19263	379	438	753
42	19662	279	484	782
43	19961	299	517	813
44	20300	199	795	829
45	20559	120	802	837
46	20818	120	928	851
47	20998	219	1109	873
48	21257	239	1108	869
49	21516	459	1164	889
50	22114	379	1000	896
51	22553	120	555	878
52	22792	319	557	888
53	23151	618	674	852
54	23809	419	728	1009
55	24247	239	714	982
56	24526	319	1063	1017
57	24865	339	1126	1013
58	25264	478	557	997
59	25962	179	471	836
60	26221	259	471	847
61	26520	518	709	819
62	27098	1037	931	830
63	28334	598	860	343
64	28972	1236	804	531
65	30248	658	784	451
66	30946	199	673	308
67	31165	618	621	344
68	31903	259	953	-122
69	32421	1395	625	371
70	33837	100	624	266
71	33996	1057	639	241
72	35292	1834	796	366
73	37146	219	753	339
74	37405	219	709	808
75	37665	279	1191	942
76	37984	160	1018	811
77	38203	359	380	1042
78	38721	359	385	-27
79	39160	140	698	19
80	39379	458	1011	-57
81	39858	279	1074	-51
82	40177	299	1250	39
83	41114	339	600	224
84	41492	399	889	253
85	41931	339	973	284
86	42310	279	1178	270
87	42768	359	1117	344
88	43167	319	911	403
89	43526	359	534	410
90	43905	439	401	453
91	44383	359	694	536
92	44782	319	897	540
93	45141	339	1093	530
94	45520	538	1208	582
95	46078	339	1091	660
96	46497	299	765	642
97	46836	179	507	635
98	47095	1575	825	654
99	48690	419	899	761
100	49168	439	472	738
101	49706	299	611	797
102	50065	877	1091	808
103	50962	558	1002	846
104	51561	140	1095	857
105	51939	558	1096	857
106	52537	259	836	872
107	52836	299	657	880
108	53156	100	432	892
109	53455	339	431	892
110	53853	120	421	889
111	53993	738	439	951
112	54770	299	761	967
113	55189	239	912	955
114	55468	239	1062	975
115	55747	359	1187	991
116	56186	319	636	1015
117	56525	219	443	1032
118	56844	100	710	978
119	56983	299	713	991
120	57402	239	722	980
121	57980	738	825	469
122	58798	997	774	335
123	59934	339	596	41
124	60293	439	656	18
125	60771	279	959	8
126	61090	1037	1279	78
127	62167	538	1260	232
128	62725	219	1206	267
129	62984	279	923	264
130	63303	339	723	248
131	63722	399	421	312
132	64141	698	409	346
133	64878	818	651	375
134	65736	339	975	362
135	66095	439	1088	418
136	66553	299	958	463
137	66892	399	1212	432
138	67390	339	1109	509
139	67849	279	860	465
140	68168	259	694	476
141	68467	199	793	444
142	68706	538	407	510
143	69265	279	527	535
144	69623	299	744	559
145	69962	299	885	561
146	70281	219	876	603
147	70540	219	1116	583
148	70780	179	1122	593
149	71079	219	1186	602
150	71478	199	1095	644
151	71717	379	970	685
152	72135	279	764	751
153	72454	698	502	765
154	73212	219	631	846
155	73451	259	822	827
156	73750	199	998	842
157	73970	498	865	1013
158	74648	120	674	921
159	74827	279	1140	929
160	75126	438	1168	941
161	75584	279	1146	901
162	75963	199	566	989
163	76223	179	1110	862
164	76422	558	1148	874
165	77060	618	440	980
166	77698	160	443	977
167	77937	279	425	245
168	78236	518	467	224
169	78774	199	406	259
170	79034	379	626	-93
171	79492	379	882	12
172	79891	299	1052	36
173	80270	299	1139	79
174	80628	598	778	514
175	81585	1834	803	363
176	83499	140	473	774
177	83659	200	453	783
178	83878	379	453	789
179	84297	199	551	654
180	84995	279	829	523
181	85294	937	809	473
182	86291	159	619	788
183	86470	817	524	853
184	87347	139	723	652
185	87766	359	835	538
186	88145	1057	812	488
187	89241	239	785	273
188	89520	179	796	91
189	89720	139	756	63
190	89899	897	373	70
191	90856	319	770	33
192	91235	498	1200	98
193	91773	239	1078	169
194	92052	259	907	207
195	92331	259	819	239
196	92630	319	599	264
197	92969	239	547	298
198	93288	538	399	344
199	93847	219	458	327
200	94086	299	412	431
201	94425	100	687	417
202	94624	140	697	413
203	94823	478	1052	421
204	95342	319	1260	468
205	95701	399	1002	509
206	96119	199	832	494
207	96359	259	672	503
208	96678	359	461	567
209	97096	598	560	781
210	97734	359	509	556
211	98113	359	464	534
212	98552	159	568	581
213	98751	319	709	600
214	99090	259	771	600
215	99389	379	930	600
216	99808	279	1064	629
217	100107	120	1163	639
218	100326	120	1160	652
219	100605	279	747	679
220	100924	339	554	661
221	101283	598	536	671
222	101921	439	702	672
223	102420	359	397	652
224	102798	419	500	672
225	103237	219	447	604
226	103496	219	465	714
227	103735	658	527	686
228	104433	219	441	713
229	104672	120	446	722
230	104832	399	615	761
231	105270	339	828	853
232	105629	279	697	982
233	106008	140	1086	841
234	106188	239	1102	738
235	106447	658	1021	720
236	107144	518	1126	748
237	107743	359	1251	765
238	108161	319	1172	809
239	108520	239	1005	827
240	108779	100	993	830
241	108899	140	858	825
242	109098	419	458	857
243	109557	299	383	937
244	109936	159	638	964
245	110115	299	804	979
246	110514	160	867	970
247	110713	1296	967	950
248	112049	219	1006	1065
249	112328	239	527	1056
250	112607	180	523	1064
251	113145	339	807	545
252	113524	1555	793	362
253	115159	120	907	933
254	115338	259	1001	1007
255	115797	160	482	908
256	116036	219	402	191
257	116395	459	365	48
258	116913	339	827	-23
259	117272	279	922	-13
260	117651	239	1159	-376
261	117930	498	1231	134
262	118488	419	637	109
263	118927	299	457	174
264	119246	478	569	355
265	119764	319	697	328
266	120123	279	939	354
267	120562	279	1156	386
268	120881	359	741	472
269	121260	239	622	486
270	121519	279	517	524
271	121818	180	580	553
272	122077	219	709	599
273	122376	279	1075	602
274	122715	419	1071	705
275	123174	379	1246	716
276	123612	319	634	729
277	123971	479	492	792
278	124470	159	551	777
279	124669	279	804	789
280	124988	518	1028	818
281	125526	299	890	906
282	125845	139	706	889
283	126144	279	449	947
284	126463	339	637	1016
285	126862	558	1066	1010
286	127460	479	1265	1026
287	128198	179	826	555
288	128537	1276	796	455
289	129893	299	724	387
290	130211	239	576	416
291	130490	239	745	923
292	130770	159	922	880
293	130969	239	1169	907
294	131268	359	1213	207
295	131667	159	1139	7
296	131886	459	526	12
297	132424	339	446	5
298	132863	299	557	222
299	133202	199	800	253
300	133441	359	1015	272
301	133840	479	752	414
302	134358	180	625	447
303	134637	279	880	487
304	134956	299	983	496
305	135315	399	622	566
306	135754	299	873	566
307	136073	100	1060	587
308	136272	219	1064	582
309	136551	139	539	643
310	136731	439	429	674
311	137209	359	749	684
312	137588	100	843	670
313	138066	179	1034	676
314	138286	160	1131	705
315	138525	618	483	782
316	139183	259	713	797
317	139482	319	898	793
318	139841	199	1084	814
319	140140	498	496	860
320	140678	219	803	891
321	140937	319	1050	905
322	141575	100	618	986
323	141735	120	945	1006
324	141914	160	948	1011
325	142114	140	810	997
326	142273	259	809	994
327	143031	319	835	477
328	143390	419	788	382
329	143828	857	782	466
330	144745	279	614	204
331	145084	379	633	-12
332	145523	279	887	16
333	145842	498	908	218
334	146400	419	1040	308
335	146878	419	536	304
336	147337	419	744	265
337	147855	598	916	446
338	148533	439	997	934
339	149032	239	900	560
340	149331	279	522	765
341	149750	199	507	1062
342	150029	458	402	339
343	150507	498	440	424
344	151125	239	1014	468
345	151444	239	1116	482
346	151703	239	1196	510
347	151962	219	1039	601
348	152222	319	723	634
349	152560	339	604	618
350	152979	319	936	646
351	153458	518	1078	716
352	153996	479	1134	744
353	154495	259	1171	779
354	154833	259	775	807
355	155132	199	704	820
356	155352	279	601	844
357	155651	180	602	845
358	155890	419	799	978
359	156369	459	1062	988
360	156927	399	432	1035
361	157345	180	448	1028
362	158023	837	818	419
363	158900	837	768	488
364	159778	259	664	842
365	160077	219	619	959
366	160396	259	560	360
367	160735	239	372	686
368	161113	219	612	667
369	161472	419	1079	97
370	161931	219	788	99
371	162190	299	516	109
372	162509	199	437	91
373	162828	239	569	42
374	163127	140	1083	91
375	163286	458	1210	137
376	166098	299	707	470
377	166457	140	963	256
378	166656	738	384	566
379	167473	459	971	287
380	167972	678	1057	463
381	168689	439	517	451
382	169168	299	529	497
383	169527	359	914	586
384	169945	538	672	692
385	170563	160	799	887
386	170823	100	723	824
387	170962	120	717	830
388	171221	120	1008	643
389	171461	419	1003	636
390	171919	219	940	742
391	172198	379	818	907
392	172657	259	658	877
393	172936	359	919	874
394	173315	180	966	882
395	173554	120	541	994
396	173693	479	535	980
397	174212	120	813	983
398	174571	399	1072	971
399	175009	219	967	994
400	175289	399	1190	770
401	175747	319	515	723
402	176106	199	402	570
403	176385	239	559	411
404	176684	219	502	682
405	176923	100	469	689
406	177083	399	1020	440
407	177522	658	793	453
408	178219	179	783	664
409	178419	160	783	706
410	178658	359	972	212
411	179076	299	432	221
412	179994	160	843	518
413	180173	1136	786	466
414	181329	239	780	463
415	181648	140	630	843
416	181868	180	388	1053
417	182127	199	1088	1004
418	182366	538	930	825
419	183024	279	1004	760
420	183363	339	778	335
421	184081	1037	850	98
422	185596	718	852	315
423	186333	259	802	340
424	186613	419	811	245
425	187051	538	721	271
426	187649	179	970	630
427	187869	319	967	768
428	188885	140	1126	-362
429	189065	299	1190	273
430	189404	339	795	236
431	189783	399	474	250
432	190201	279	765	282
433	190580	438	716	371
434	191059	558	1124	391
435	191657	159	1234	537
436	191876	299	1263	795
437	192235	439	1038	526
438	192793	139	914	521
439	192972	498	716	540
440	193511	359	386	588
441	193909	379	607	635
442	194348	180	800	645
443	194607	379	1001	677
444	195026	100	1183	781
445	195146	299	1188	788
446	195584	199	808	786
447	196023	199	750	813
448	196342	578	959	971
449	196940	339	943	804
450	197339	299	513	829
451	197698	179	612	1025
452	197957	319	1179	1037
453	198355	319	907	348
454	198694	219	816	255
455	198973	319	921	357
456	199352	419	469	691
457	199891	239	405	31
458	200150	299	461	52
459	200508	578	1138	103
460	201127	120	1032	170
461	201326	578	1157	829
462	202383	1974	789	512
463	204396	259	753	318
464	204715	439	603	-16
465	205194	339	673	5
466	205593	319	934	48
467	205931	379	1066	87
468	206350	100	1216	117
469	206669	359	949	199
470	207068	359	753	273
471	207447	379	761	239
472	207865	339	498	274
473	208244	299	770	357
474	208583	459	938	367
475	209082	199	1023	387
476	209321	299	1144	457
477	209660	279	952	508
478	209979	319	778	525
479	210317	319	588	547
480	210676	459	384	623
481	211195	259	830	636
482	211514	478	1069	634
483	212032	279	1180	665
484	212371	379	788	706
485	212770	499	695	725
486	213328	299	676	855
487	213667	339	463	822
488	214066	299	870	848
489	214405	299	1070	855
490	214743	359	777	1005
491	215122	159	731	952
492	215461	140	766	1071
493	215621	239	666	919
494	215880	100	664	910
495	216000	120	713	904
496	216159	518	1051	898
497	216697	459	1145	990
498	217236	578	417	983
499	218033	199	635	119
500	218791	399	803	386
501	219209	478	789	356
502	219708	798	734	297
503	220545	319	761	818
504	220904	299	588	468
505	221263	379	1097	856
506	221701	180	1114	893
507	221921	160	866	919
508	222200	319	498	984
509	222818	319	776	931
510	223376	538	819	866
511	223934	259	837	858
512	224572	159	363	16
513	224792	798	991	74
514	225709	299	1325	-367
515	226028	139	1238	178
516	226187	319	1129	142
517	226566	498	544	172
518	227084	458	746	369
519	227623	578	1046	366
520	228241	618	1241	391
521	228899	279	1046	488
522	229278	399	659	492
523	229716	259	560	566
524	229995	339	796	614
525	230374	339	990	710
526	230793	299	1103	693
527	231152	339	1104	903
528	231570	339	628	774
529	231949	399	539	898
530	232487	199	997	1007
531	232906	140	1019	1019
532	233085	319	1190	958
533	233544	259	880	1033
534	233863	279	446	1034
535	234800	1535	829	524
536	236415	239	681	955
537	236714	359	1126	634
538	237172	319	484	96
539	237551	339	1047	117
540	237930	339	921	200
541	238289	319	747	276
542	238648	319	496	340
543	239026	259	788	394
544	239385	379	1067	422
545	239804	379	847	342
546	240243	319	493	426
547	240582	219	579	553
548	240841	279	869	585
549	241160	319	1094	628
550	241558	379	1149	786
551	242077	359	1144	1025
552	242456	239	1152	919
553	242775	359	516	890
554	243173	259	625	1067
555	243512	379	429	621
556	243931	259	613	595
557	244290	259	1147	717
558	244689	738	1161	1013
559	245945	379	839	537
560	246363	1137	741	374
561	247559	160	527	255
562	247838	100	535	188
563	247958	140	579	319
564	248118	439	604	365
565	249194	259	886	515
566	249493	618	797	413
567	250191	578	734	358
568	250849	279	845	734
569	251148	139	856	776
570	251387	399	929	1011
571	251846	359	401	979
572	252344	199	413	173
573	252604	359	942	43
574	252982	219	1058	80
575	253261	299	1092	282
576	253600	399	715	322
577	254019	219	790	479
578	254278	578	742	352
579	254916	419	537	489
580	255375	219	676	491
581	255634	399	998	550
582	256112	399	1179	555
583	256531	239	1026	599
584	256810	359	836	640
585	257209	219	753	709
586	257528	638	892	797
587	258206	319	408	715
588	258545	239	468	713
589	258824	279	1017	796
590	259123	319	1110	798
591	259462	179	1141	886
592	259721	100	1007	904
593	259861	538	510	930
594	261057	359	775	526
595	261495	458	827	447
596	261974	678	775	436
597	262711	199	1023	164
598	263010	399	1033	30
599	263469	219	1164	582
600	263728	239	1142	745
601	264027	359	1185	954
602	264446	518	489	986
603	265044	319	411	205
604	265403	359	323	-54
605	265921	159	545	537
606	266180	1097	510	518
607	267815	219	846	509
608	268054	1336	793	462
609	269430	139	606	371
610	269769	299	490	27
611	270108	239	875	38
612	270387	199	1166	60
613	270646	518	844	78
614	271185	459	860	138
615	271703	379	725	242
616	272122	479	406	296
617	272640	339	578	331
618	273039	419	821	359
619	273497	399	1011	362
620	273936	359	1117	401
621	274315	837	1176	456
622	275192	199	881	508
623	275431	239	656	528
624	275710	498	510	520
625	276228	558	415	561
626	276866	319	612	599
627	277225	618	872	598
628	277883	578	1144	618
629	278482	478	1259	647
630	279020	219	610	673
631	279259	478	537	658
632	279777	179	756	650
633	279997	399	1038	680
634	280415	399	1158	685
635	280854	319	895	769
636	281193	159	844	749
637	281392	159	600	745
638	281572	199	599	748
639	281811	339	759	862
640	282250	199	876	938
641	282469	399	1014	1035
642	283486	259	799	459
643	283765	857	763	417
644	284642	439	810	357
645	285120	299	696	327
646	285459	219	662	46
647	285699	419	616	55
648	286137	179	510	84
649	286396	319	1213	119
650	286835	199	1053	324
651	287054	259	1007	283
652	287353	259	709	292
653	287652	618	561	380
654	288330	399	845	410
655	288749	379	949	446
656	289148	478	1084	497
657	289666	319	928	569
658	290005	160	875	561
659	290204	259	697	537
660	290483	618	566	615
661	291121	578	806	637
662	291739	239	1009	725
663	292039	638	1062	911
664	292696	279	927	814
665	293015	359	1115	630
666	293394	339	1171	642
667	293773	219	772	712
668	294032	518	492	723
669	294571	538	484	823
670	295149	458	798	813
671	295627	140	833	814
672	295807	419	1076	845
673	296245	259	1076	918
674	296564	259	553	907
675	296883	140	734	1010
676	297063	239	994	1015
677	297322	199	1036	1023
678	297681	279	767	176
679	297980	159	765	145
680	298239	279	432	422
681	298578	279	1164	324
682	298897	279	1228	183
683	299953	359	853	408
684	300392	1236	805	461
685	301708	299	627	-40
686	302286	419	1193	0
687	302804	419	1223	782
688	303263	219	1000	830
689	303522	319	698	897
690	304000	239	445	692
691	304280	199	534	647
692	304499	379	602	665
693	304938	279	558	122
694	305257	239	760	135
695	305536	419	955	161
696	305974	199	1034	241
697	306273	339	524	276
698	306692	279	930	346
699	306991	339	1041	481
700	307350	219	903	465
701	307609	379	730	554
702	308008	140	705	530
703	308227	339	851	622
704	308626	478	1060	637
705	309124	299	1085	769
706	309463	299	1047	914
707	309842	419	662	897
708	310301	199	590	942
709	310560	259	442	1022
710	310839	598	606	940
711	312274	1017	812	500
712	313331	399	757	287
713	313809	199	691	829
714	314148	259	750	1036
715	314567	219	347	69
716	314906	200	836	134
717	315145	319	1129	42
718	315484	239	1071	7
719	315783	439	600	63
720	316282	279	844	-4
721	316880	259	422	-173
722	317199	199	756	214
723	317538	279	455	-156
724	317896	419	1105	234
725	318375	219	967	377
726	318634	179	725	371
727	318854	379	541	403
728	319272	239	733	411
729	319551	339	932	447
730	319910	439	1052	440
731	320389	299	956	529
732	320767	139	895	509
733	320947	319	652	522
734	321286	319	557	527
735	321645	459	866	569
736	322163	259	1115	562
737	322442	339	1195	590
738	322821	359	973	611
739	323220	199	854	629
740	323459	439	695	641
741	323937	419	396	664
742	324396	259	702	754
743	324775	179	926	703
744	324974	478	1069	750
745	325492	199	1225	776
746	325792	299	733	862
747	326111	319	662	834
748	326469	319	751	1035
749	326828	140	424	915
750	326988	219	415	908
751	327267	279	915	971
752	327626	299	1093	1055
753	327945	100	1137	928
754	328084	558	1137	905
755	329280	239	794	495
756	329560	459	807	356
757	330178	758	723	290
758	330995	239	933	687
759	331294	279	872	971
760	331613	179	822	850
761	331832	399	814	832
762	332371	120	923	1053
763	332510	140	926	1050
764	332729	239	520	636
765	333009	259	460	516
766	333367	419	379	43
767	333846	299	677	-16
768	334185	279	954	-52
769	334504	339	1163	-15
770	334883	319	1122	213
771	335222	179	1067	188
772	335441	339	717	210
773	335800	459	694	288
774	336298	279	785	350
775	336617	279	855	393
776	336916	379	806	383
777	337315	219	767	386
778	337574	319	978	377
779	337953	339	526	474
780	338312	140	473	471
781	338531	179	831	488
782	338750	199	1010	487
783	338970	219	1029	503
784	339229	379	1209	394
785	339648	259	1146	620
786	339967	439	573	584
787	340425	339	399	649
788	340924	279	865	697
789	341223	239	931	663
790	341502	199	1203	738
791	341721	777	1232	754
792	342937	977	806	520
793	343974	578	779	398
794	344592	937	454	729
795	346087	399	834	530
796	346506	1017	808	449
797	347602	219	674	764
798	347861	239	613	955
799	348161	319	1190	635
800	348559	199	775	85
801	348798	120	479	68
802	348998	499	847	842
803	349656	339	471	-75
804	350055	359	851	159
805	350433	179	845	121
806	350633	319	833	102
807	350992	538	571	222
808	351570	359	893	309
809	351988	658	1125	300
810	352666	279	972	371
811	352985	199	730	440
812	353224	139	600	474
813	353504	259	937	655
814	353842	239	1093	693
815	354122	259	1086	891
816	354401	199	931	1019
817	354640	199	464	971
818	354919	239	1045	854
819	355178	179	1082	854
820	355437	498	533	851
821	355976	359	446	992
822	356454	239	556	432
823	356713	279	606	453
824	357052	319	1086	367
825	357391	439	1006	297
826	358308	399	825	500
827	358727	1156	763	418
828	359943	239	944	753
829	360222	279	778	954
830	360561	159	382	964
831	360860	219	446	84
832	361139	319	1077	113
833	361498	299	1140	224
834	361857	359	819	295
835	362236	359	746	360
836	362635	239	710	501
837	362914	439	1016	544
838	363512	339	938	866
839	363911	379	1184	636
840	364349	319	541	718
841	364708	219	498	647
842	365007	399	867	862
843	365446	379	1132	957
844	365884	738	527	1006
845	366742	120	386	795
846	366901	179	436	558
847	367120	179	749	494
848	367360	518	974	462
849	368636	339	820	500
850	368994	1037	778	451
851	370071	239	1105	570
852	370350	279	1168	881
853	370689	319	844	809
854	371108	259	892	1033
855	371487	179	573	606
856	371686	140	566	563
857	371885	359	447	31
858	372304	359	1045	18
859	372743	319	1170	179
860	373101	120	988	198
861	373301	159	911	286
862	373520	458	489	290
863	374018	618	828	451
864	374657	478	1065	476
865	375175	379	1159	503
866	375593	319	733	540
867	375932	399	572	539
868	376411	279	665	594
869	376730	458	879	606
870	377208	399	719	603
871	377667	439	1072	656
872	378126	140	1131	660
873	378345	538	569	698
874	378943	239	830	725
875	379222	359	997	739
876	379621	359	1103	746
877	380020	439	847	799
878	380498	339	532	815
879	380857	379	728	885
880	381276	399	1086	882
881	381734	239	712	933
882	382073	299	384	904
883	382412	319	819	920
884	382771	299	1091	921
885	383110	100	700	957
886	383229	379	705	966
887	383648	180	474	1038
888	384027	419	1091	1037
889	384466	758	1167	1009
890	386021	578	831	477
891	386639	698	749	503
892	387436	359	755	847
893	387875	160	970	484
894	388114	199	959	-15
895	388373	100	518	70
896	388533	279	518	106
897	388891	159	1077	168
898	389111	179	1242	206
899	389410	199	968	270
900	389649	259	877	405
901	389948	179	991	489
902	390187	219	1193	492
903	390486	239	1262	392
904	390805	578	634	454
905	391423	399	749	611
906	391902	239	1066	605
907	392201	339	1165	563
908	392580	319	816	671
909	392939	319	597	609
910	393317	359	951	660
911	393756	240	1083	710
912	394035	1415	938	669
913	395510	359	673	744
914	395909	219	736	934
915	396188	499	1136	988
916	397484	339	799	590
917	397863	419	787	433
918	398321	518	792	422
919	398900	1256	770	913
920	400794	259	769	390
921	401153	1256	822	422
922	402488	219	705	913
923	402847	319	484	828
924	403186	180	377	646
925	403605	199	569	230
926	403864	219	762	121
927	404123	478	1211	130
928	404622	239	1146	292
929	404901	179	966	281
930	405180	379	520	345
931	405638	399	769	471
932	406077	259	936	474
933	406376	499	1167	495
934	406954	439	788	541
935	407413	239	637	568
936	407732	219	730	821
937	408011	279	447	597
938	408330	179	375	672
939	408549	199	590	659
940	408788	279	895	656
941	409108	319	1088	668
942	409446	299	1123	694
943	409785	239	871	763
944	410064	259	681	766
945	410363	439	558	853
946	410842	239	922	863
947	411121	399	1072	911
948	411599	359	555	969
949	412038	459	1095	1064
950	413095	259	770	433
951	413374	578	829	563
952	414012	977	788	449
953	415029	160	834	787
954	415228	299	639	964
955	415567	359	394	665
956	416125	159	502	51
957	416364	259	1037	75
958	416663	279	1213	135
959	416982	159	988	233
960	417182	419	726	240
961	417620	279	664	364
962	417939	399	883	419
963	418378	239	989	396
964	418657	399	1106	459
965	419076	339	973	517
966	419475	419	766	544
967	419913	259	598	561
968	420192	319	507	633
969	420551	199	653	633
970	420790	299	906	625
971	421109	319	1080	670
972	421448	439	1190	709
973	421927	199	1171	853
974	422166	179	1055	769
975	422385	259	800	790
976	422664	279	646	783
977	423003	339	492	817
978	423442	259	745	862
979	423761	199	1012	893
980	424080	299	1096	1004
981	424419	239	1042	1014
982	424698	498	500	1012
983	425515	299	826	332
984	425874	1216	814	524
985	427110	618	825	466
986	427808	239	811	865
987	428107	199	1213	983
988	428506	259	453	84
989	428785	179	620	19
990	429044	458	1065	42
991	430041	199	767	201
992	430260	199	679	192
993	430519	439	517	257
994	430998	399	879	278
995	431436	419	1108	309
996	431915	259	787	395
997	432214	239	640	425
998	432473	279	533	423
999	432792	339	875	429
1000	433151	279	989	432
1001	433450	359	1157	459
1002	433869	279	580	518
1003	434168	319	437	546
1004	434527	199	634	569
1005	434806	379	899	554
1006	435205	219	996	578
1007	435504	379	1186	594
1008	435922	299	1035	692
1009	436241	259	1066	686
1010	436540	219	918	700
1011	436780	279	653	700
1012	437099	299	510	711
1013	437477	419	512	811
1014	437936	179	804	805
1015	438235	379	1047	821
1016	438654	239	1169	822
1017	438933	319	885	875
1018	439332	239	713	883
1019	439591	259	552	907
1020	439870	219	538	906
1021	440109	179	472	892
1022	440308	778	548	895
1023	441126	498	998	905
1024	441644	120	922	960
1025	441864	518	624	981
1026	442422	897	960	1023
1027	443718	678	810	511
1028	444455	638	774	304
1029	445153	239	730	379
1030	445432	179	691	154
1031	445652	299	689	25
1032	446030	339	1028	22
1033	446469	479	723	812
1034	447027	259	824	1012
1035	447346	159	1179	733
1036	447585	279	684	1005
1037	448004	259	422	823
1038	448343	239	376	824
1039	448662	279	390	382
1040	449001	359	385	128
1041	449379	100	417	99
1042	449599	219	877	41
1043	449858	199	998	103
1044	450316	140	1287	-230
1045	450636	219	833	161
1046	450895	299	658	195
1047	451214	299	613	253
1048	451533	359	840	320
1049	451931	259	979	382
1050	452290	538	1073	409
1051	452869	239	957	466
1052	453168	598	630	503
1053	453806	459	833	564
1054	454324	179	836	660
1055	454543	379	979	547
1056	454962	339	1190	587
1057	455321	160	1108	560
1058	455640	379	542	600
1059	456078	359	694	649
1060	456517	379	1091	651
1061	456916	339	1194	688
1062	457275	199	1100	689
1063	457534	578	578	732
1064	458152	399	881	780
1065	458610	199	1048	769
1066	458830	399	1204	797
1067	459288	339	708	820
1068	459707	179	484	829
1069	459986	159	691	841
1070	460185	359	741	836
1071	460584	379	1140	851
1072	461003	299	866	959
1073	461342	120	552	1004
1074	461481	239	556	1002
1075	461760	299	1048	1049
1076	462139	419	1144	980
1077	463096	279	825	521
1078	463415	439	789	386
1079	463894	339	800	515
1080	464272	518	767	340
1081	464851	120	504	242
1082	465030	180	319	278
1083	465289	319	787	82
1084	465648	140	612	78
1085	465848	319	1020	191
1086	466206	319	1143	145
1087	466565	558	948	225
1088	467163	478	722	262
1089	467682	558	1043	333
1090	468280	299	908	400
1091	468599	399	795	390
1092	469018	299	744	462
1093	469356	279	1015	485
1094	469675	199	1179	488
1095	469934	279	607	527
1096	470254	419	950	547
1097	470692	439	1157	587
1098	471250	299	1115	972
1099	471729	379	617	664
1100	472227	140	538	654
1101	472407	279	849	683
1102	472726	299	993	661
1103	473065	279	1153	687
1104	473384	239	840	728
1105	473663	419	659	758
1106	474141	179	826	784
1107	474380	140	1032	825
1108	474560	678	1081	814
1109	475278	458	582	860
1110	475776	239	716	845
1111	476055	319	916	885
1112	476474	179	915	881
1113	476713	777	615	922
1114	477511	797	602	891
1115	478388	299	1064	1011
1116	478727	399	502	1020
1117	479185	279	879	969
1118	479524	160	1140	943
1119	479764	140	1243	916
1120	479963	279	1187	471
1121	480322	558	1245	897
1122	480940	319	908	640
1123	481618	977	825	570
1124	482634	718	788	432
1125	483412	100	766	99
1126	483551	937	807	159
1127	485146	339	849	141
1128	485525	937	773	335
1129	486502	199	769	844
1130	486741	359	649	933
1131	487439	199	342	-12
1132	487698	399	1141	87
1133	488137	180	952	192
1134	488396	179	824	273
1135	488615	379	468	232
1136	489034	299	861	270
1137	489373	399	1170	324
1138	489812	279	872	417
1139	490210	339	599	429
1140	490589	379	827	473
1141	491008	399	1114	523
1142	491466	359	605	530
1143	491905	399	679	570
1144	492363	319	942	576
1145	492722	518	1056	602
1146	493261	459	1070	681
1147	493759	219	910	664
1148	494078	678	586	689
1149	494816	279	879	696
1150	495135	279	1059	735
1151	495454	498	1197	738
1152	495992	139	1165	867
1153	496151	120	1175	864
1154	496351	479	485	812
1155	496849	199	632	822
1156	497069	159	716	821
1157	497288	558	1068	875
1158	497886	199	924	962
1159	498205	140	677	978
1160	498404	379	413	1004
1161	498843	120	755	1010
1162	498982	239	758	1009
1163	499301	459	1153	1045
1164	499840	379	1117	341
1165	500258	239	1220	201
1166	500558	279	581	316
1167	500877	160	381	300
1168	502033	199	885	556
1169	502272	319	827	566
1170	502631	538	800	390
1171	503548	399	788	520
1172	503986	299	676	1001
1173	504325	319	1109	992
1174	504764	299	568	113
1175	505103	140	547	-39
1176	505302	239	1120	19
1177	505581	1436	1214	113
1178	507037	120	1234	122
1179	507216	359	523	108
1180	507635	618	741	229
1181	508273	319	790	268
1182	508612	419	837	343
1183	509050	319	934	391
1184	509409	239	1077	496
1185	509728	239	1130	544
1186	510047	219	906	534
1187	510306	459	684	555
1188	510825	279	997	748
1189	511164	279	1193	929
1190	511543	399	550	807
1191	511981	219	485	1037
1192	512240	140	341	1049
1193	512540	319	382	27
1194	512978	339	1165	38
1195	513357	399	677	48
1196	513855	299	1018	927
1197	514174	479	850	988
1198	514713	718	703	546
1199	515948	499	863	463
1200	516467	1136	828	497
1201	517643	339	705	891
1202	518042	279	1222	868
1203	518401	219	1015	12
1204	518680	219	618	30
1205	518919	299	481	24
1206	519258	279	752	-25
1207	519557	160	842	9
1208	519796	379	798	216
1209	520215	419	1152	229
1210	520674	279	833	265
1211	520992	399	529	306
1212	521431	279	900	357
1213	521730	458	1080	386
1214	522209	419	1172	388
1215	522667	239	791	379
1216	522926	180	749	410
1217	523126	1316	781	414
1218	524482	578	502	501
1219	525259	538	1067	547
1220	525837	259	1233	555
1221	526156	458	614	565
1222	526655	259	387	591
1223	526954	399	950	597
1224	527392	199	1190	609
1225	527652	439	561	665
1226	528130	200	794	683
1227	528369	359	1042	704
1228	528748	179	954	693
1229	528967	140	1152	723
1230	529247	379	551	754
1231	529665	279	433	805
1232	529984	239	754	800
1233	530243	379	1023	808
1234	530662	279	652	855
1235	530981	279	457	909
1236	531340	259	945	919
1237	531639	299	1105	948
1238	531998	339	554	1015
1239	532377	100	728	1000
1240	532536	199	1147	1025
1241	532915	140	781	1112
1242	533074	299	777	1108
1243	533393	199	785	1091
1244	533812	239	836	347
1245	534231	1017	828	466
1246	535307	897	639	323
1247	536244	179	620	97
1248	536444	777	641	132
1249	537401	1675	788	382
1250	539155	120	1070	633
1251	539295	1475	1110	715
1252	540830	598	890	576
1253	541448	1595	819	571
1254	543122	279	627	129
1255	543581	299	629	592
1256	544060	159	1105	128
1257	544279	459	480	45
1258	544797	279	481	207
1259	545136	259	782	409
1260	545435	160	889	372
1261	545754	259	1187	102
1262	546033	319	1089	58
1263	546412	379	798	68
1264	546831	239	939	100
1265	547090	259	1177	163
1266	547409	478	626	165
1267	547907	478	555	156
1268	548426	179	730	239
1269	552094	519	1008	694
1270	552692	239	810	843
1271	552992	160	769	805
1272	553210	220	610	698
1273	553609	459	667	562
1274	554128	338	1145	618
1275	554566	558	892	807
1276	555184	140	780	819
1277	555404	279	677	869
1278	555723	100	952	898
1279	555862	139	955	902
1280	556062	339	419	848
1281	556540	140	703	982
1282	556739	339	1033	945
1283	557138	618	1091	915
1284	558055	140	834	1005
1285	558235	160	828	998
1286	558594	219	809	623
1287	558873	379	685	128
1288	559810	339	831	568
1289	560188	578	751	467
1290	560806	459	712	249
1291	561305	299	593	194
1292	561624	140	526	106
1293	561863	339	1081	146
1294	562242	319	811	210
1295	562621	439	809	380
1296	563179	379	1146	349
1297	563618	339	741	509
1298	564036	299	830	503
1299	564395	140	841	483
1300	564614	777	808	922
1301	565452	678	839	490
1302	566229	259	1292	721
1303	566528	219	813	543
1304	566788	678	818	343
1305	567525	279	800	825
1306	567824	200	774	698
1307	568103	259	1221	740
1308	568701	180	421	-43
1309	569000	140	1144	314
1310	569160	1156	1167	511
1311	570536	817	811	454
1312	571393	877	740	381
1313	572330	239	804	869
1314	572609	160	698	847
1315	572868	199	425	956
1316	573227	199	436	121
1317	573486	100	1024	84
1318	573626	120	1027	71
1319	573765	419	1223	179
1320	574204	179	1117	193
1321	574583	140	812	273
1322	574742	239	710	311
1323	575021	299	501	355
1324	575340	139	496	417
1325	575500	897	512	467
1326	576616	678	843	444
1327	577354	1116	632	202
1328	578510	179	813	322
1329	578730	598	616	337
1330	579388	658	939	-92
1331	580085	199	1076	80
1332	580384	160	827	759
1333	580624	180	778	790
1334	580963	179	916	1055
1335	581242	139	625	455
1336	581421	499	617	331
1337	581979	319	498	174
1338	582338	319	979	197
1339	582717	1914	617	369
1340	584750	219	645	392
1341	584990	837	624	354
1342	585987	120	1160	-3
1343	586286	159	954	606
1344	586465	319	876	889
1345	586924	319	428	881
1346	587302	259	537	1050
1347	587621	399	1118	1017
1348	588558	239	830	470
1349	588838	1316	783	324
1350	590233	319	776	759
1351	590612	239	619	320
1352	590951	299	824	1011
1353	591270	259	863	1042
1354	591569	219	668	754
1355	592027	219	648	148
1356	592307	219	956	60
1357	592546	140	863	268
1358	592705	897	903	247
1359	594081	179	916	280
1360	594280	1575	870	209
1361	595935	179	848	742
1362	596194	199	1135	1043
1363	596473	239	837	1040
1364	596792	239	425	753
1365	597091	299	374	163
1366	597430	279	493	199
1367	597809	359	1012	107
1368	598208	419	1112	140
1369	598646	140	988	204
1370	598826	259	796	272
1371	599105	179	760	263
1372	599304	140	713	238
1373	599464	618	528	331
1374	600122	439	743	352
1375	600580	299	803	347
1376	600919	459	967	389
1377	601418	618	1113	419
1378	602076	239	882	475
1379	602335	319	763	502
1380	602674	758	677	595
1381	603471	379	745	652
1382	603890	439	1034	639
1383	604368	299	887	775
1384	604687	359	799	766
1385	605106	419	389	786
1386	605584	279	731	852
1387	605903	339	1034	840
1388	606282	299	1129	1022
1389	606661	538	516	993
1390	607797	339	806	459
1391	608156	459	874	395
1392	608655	319	808	410
1393	609014	438	741	373
1394	609512	160	831	808
1395	609691	319	845	737
1396	610030	160	824	690
1397	610270	319	998	1019
1398	610609	159	954	984
1399	610848	299	450	298
1400	611526	498	1048	-7
1401	612064	379	1214	96
1402	612462	259	1029	236
1403	612762	339	661	247
1404	613140	359	956	297
1405	613539	319	1109	310
1406	613878	219	1204	351
1407	614177	439	582	407
1408	614656	399	904	441
1409	615094	259	994	440
1410	615373	419	1149	458
1411	615812	578	1091	508
1412	616430	319	707	563
1413	616829	439	494	569
1414	617307	279	644	560
1415	617746	379	1086	567
1416	618145	160	1137	593
1417	618344	279	857	612
1418	618643	319	771	617
1419	618982	578	806	621
1420	619620	419	1121	677
1421	620079	379	731	703
1422	620497	199	664	729
1423	620736	379	945	738
1424	621155	379	1170	754
1425	621594	658	589	803
1426	622292	678	953	832
1427	623009	339	1117	836
1428	623408	459	675	877
1429	623906	379	435	870
1430	624385	279	1025	926
1431	624684	259	1187	915
1432	624983	399	564	942
1433	625422	299	778	985
1434	625761	598	1120	1006
1435	626518	399	988	1027
1436	627415	1715	833	561
1437	629170	179	723	378
1438	629409	478	1182	939
1439	630027	239	1203	226
1440	630306	279	1095	221
1441	630685	219	1309	106
1442	631183	279	457	-237
1443	631682	479	873	315
1444	632200	319	1242	324
1445	632579	299	634	469
1446	632978	100	636	465
1447	633117	199	767	478
1448	633357	379	1044	492
1449	633755	339	1112	516
1450	634174	399	508	530
1451	634672	219	686	572
1452	634932	518	958	559
1453	635490	259	800	633
1454	635789	479	576	649
1455	636287	239	620	678
1456	636566	439	961	674
1457	637045	299	1049	675
1458	637404	419	641	712
1459	637862	279	829	790
1460	638161	219	700	750
1461	638420	419	1134	760
1462	638879	359	841	828
1463	639278	359	586	832
1464	639756	259	782	955
1465	640095	140	783	922
1466	640275	498	1080	895
1467	640813	419	771	935
1468	641251	239	508	937
1469	641511	139	509	947
1470	641670	179	503	1009
1471	641949	179	885	1024
1472	642228	100	1081	1048
1473	642368	498	1091	1053
1474	642906	219	1051	736
1475	643325	837	828	597
1476	644182	558	823	594
1477	644800	419	714	344
1478	645338	120	458	70
1479	645717	1017	545	160
1480	647272	778	787	487
1481	648090	638	771	265
1482	648748	299	596	268
1483	649107	120	855	309
1484	649386	339	379	-188
1485	649784	379	1130	165
1486	650183	219	920	266
1487	650422	319	825	410
1488	650781	379	730	379
1489	651200	379	611	416
1490	651598	179	647	458
1491	651798	478	913	489
1492	652356	459	1061	534
1493	652854	359	881	559
1494	653253	199	735	553
1495	653492	339	558	605
1496	653911	339	459	640
1497	654290	419	672	661
1498	654749	279	785	658
1499	655048	219	916	673
1500	655327	459	1157	708
1501	655845	459	754	733
1502	656344	279	629	767
1503	656642	279	492	793
1504	656962	219	775	875
1505	657221	359	1042	863
1506	657679	319	985	855
1507	658078	259	1081	1009
1508	658397	259	1173	1077
1509	658696	179	608	1015
1510	658955	738	1188	1083
1511	659832	478	527	971
1512	660351	199	694	860
1513	660790	1175	824	589
1514	662026	738	806	526
1515	662823	139	528	291
1516	662982	1156	465	317
1517	664737	160	870	490
1518	664936	299	814	432
1519	665275	877	746	281
1520	666192	140	876	120
1521	666352	937	914	150
1522	667368	937	925	165
1523	668325	837	864	155
1524	669243	279	812	605
1525	669602	120	969	887
1526	669741	299	936	846
1527	670120	199	371	732
1528	670339	219	351	696
1529	670678	239	414	65
1530	670977	299	1033	47
1531	671296	339	806	136
1532	671675	319	1014	285
1533	672034	339	1166	254
1534	672413	259	897	304
1535	672692	219	823	300
1536	672931	459	607	325
1537	673429	399	632	441
1538	673888	299	1018	460
1539	674247	379	1189	483
1540	674665	359	898	550
1541	675064	319	692	585
1542	675423	439	487	647
1543	675902	359	762	669
1544	676300	319	1008	683
1545	676639	219	1159	689
1546	676898	140	1019	703
1547	677058	239	1125	741
1548	677317	140	1228	790
1549	677656	140	873	769
1550	677835	399	598	795
1551	678274	439	911	902
1552	678772	239	1086	894
1553	679051	239	1207	904
1554	679351	219	954	951
1555	679630	578	585	949
1556	680248	120	687	1044
1557	680407	199	691	1040
1558	680726	379	403	714
1559	681743	877	768	408
1560	682640	817	720	309
1561	683497	279	657	48
1562	683816	319	1073	49
1563	684155	319	969	292
1564	684634	259	980	791
1565	684933	259	712	973
1566	685312	359	436	191
1567	685691	139	469	195
1568	685870	140	764	202
1569	686089	299	925	236
1570	686448	459	565	325
1571	686946	379	881	355
1572	687385	239	931	376
1573	687664	339	1096	392
1574	688043	379	809	476
1575	688462	239	671	478
1576	688741	499	569	508
1577	689339	299	729	591
1578	689678	299	921	580
1579	689997	419	1032	615
1580	690435	319	1165	642
1581	690874	279	906	676
1582	691193	419	639	697
1583	691652	319	637	783
1584	692010	459	961	820
1585	692509	299	1084	826
1586	692848	458	907	888
1587	693346	479	706	931
1588	693865	279	736	1034
1589	694283	199	1113	1038
1590	694722	179	1077	598
1591	695400	219	814	527
1592	695639	877	789	464
1593	696556	518	735	388
1594	697134	139	812	111
1595	697294	578	843	88
1596	698370	698	837	226
1597	699148	757	822	191
1598	699985	279	888	732
1599	700484	319	484	826
1600	700842	518	1001	1051
1601	701401	379	733	972
1602	701819	239	470	975
1603	702099	239	829	904
1604	702378	518	872	711
1605	702936	339	876	622
1606	703375	199	754	513
1607	703614	518	661	498
1608	704192	279	608	836
1609	704511	399	599	723
1610	704950	199	805	649
1611	705209	359	925	620
1612	705587	339	961	585
1613	705986	419	574	574
1614	706485	339	506	499
1615	706903	239	677	485
1616	707182	219	815	478
1617	707442	359	1010	465
1618	707820	179	1056	468
1619	708040	199	901	387
1620	708339	199	796	275
1621	708578	179	700	35
1622	708797	558	1211	78
1623	710193	159	799	375
1624	710372	538	793	371
1625	710930	758	745	320
1626	711728	259	687	668
1627	712027	160	933	705
1628	712206	100	934	716
1629	712346	359	487	935
1630	712864	219	521	65
1631	713163	538	911	54
1632	713741	359	1107	81
1633	714220	399	875	96
1634	714659	399	601	201
1635	715097	339	776	306
1636	715476	239	950	306
1637	715735	1555	1019	347
1638	718048	160	813	427
1639	718227	419	795	327
1640	718686	897	742	371
1641	719623	279	970	214
1642	719962	159	589	418
1643	720141	179	601	444
1644	720380	299	1127	916
1645	720699	160	1112	826
1646	720899	219	1199	732
1647	721178	279	923	1103
1648	721497	239	438	973
1649	721776	160	422	798
1650	722115	160	492	151
1651	722394	100	521	53
1652	722534	219	956	81
1653	722793	259	1157	169
1654	723251	279	589	145
1655	723570	339	724	308
1656	723949	299	621	447
1657	724308	339	956	361
1658	724667	319	1089	421
1659	725046	319	928	509
1660	725405	259	784	506
1661	725724	319	564	519
1662	726082	219	756	561
1663	726342	339	988	592
1664	726720	199	1126	599
1665	726940	140	1201	597
1666	727139	379	638	626
1667	727677	379	903	724
1668	728096	379	1101	733
1669	728535	439	594	762
1670	729033	199	947	811
1671	729332	339	1126	836
1672	729771	319	592	859
1673	730130	239	851	891
1674	730429	299	928	1069
1675	730788	359	752	894
1676	731206	359	682	981
1677	731645	179	723	1038
1678	731884	279	1161	1027
1679	732183	199	1156	982
1680	732482	518	480	1008
1681	733120	359	830	317
1682	734097	319	856	477
1683	734436	319	799	478
1684	734795	1037	808	387
1685	735891	159	897	937
1686	736071	359	915	966
1687	736450	758	944	1024
1688	737985	140	864	507
1689	738144	179	817	517
1690	738364	279	806	325
1691	738722	359	784	474
1692	739121	299	721	332
1693	739440	219	783	525
1694	739699	379	955	943
1695	740138	219	1050	874
1696	740397	239	514	996
1697	740796	239	426	156
1698	741055	179	559	356
1699	741314	219	1080	122
1700	741573	179	1079	140
1701	741793	180	970	303
1702	741992	259	846	310
1703	742291	399	634	373
1704	742730	399	793	474
1705	743168	219	911	456
1706	743408	359	1028	469
1707	743806	379	845	558
1708	744225	319	578	576
1709	744584	259	539	684
1710	744923	219	772	726
1711	745182	339	1047	728
1712	745581	339	539	787
1713	745979	279	709	964
1714	746298	299	1082	1004
1715	746657	100	454	1022
1716	746817	299	460	1035
1717	747614	319	745	523
1718	747953	658	822	468
1719	748651	638	768	471
1720	749369	379	722	959
1721	749787	399	872	810
1722	750226	199	1244	882
1723	750525	279	399	369
1724	750824	358	492	394
1725	751601	159	325	26
1726	751820	399	1055	22
1727	752259	319	879	46
1728	752598	359	1027	264
1729	752977	399	921	248
1730	753415	319	870	424
1731	753774	259	717	610
1732	754073	359	370	543
1733	754512	239	431	1007
1734	754950	359	548	974
1735	755330	199	485	1010
1736	755549	319	521	902
1737	755987	100	545	189
1738	756127	179	546	201
1739	756366	459	594	968
1740	756904	498	598	104
1741	757443	120	608	233
1742	757682	459	695	886
1743	758180	319	655	1015
1744	758519	359	645	966
1745	758978	120	794	892
1746	759138	100	787	892
1747	759277	259	1027	863
1748	759596	399	718	511
1749	760055	399	725	134
1750	760513	140	793	318
1751	760733	458	893	295
1752	761211	399	860	194
1753	761689	478	810	904
1754	762188	279	855	975
1755	762487	259	952	1007
1756	762826	458	898	31
1757	763324	518	1073	208
1758	763882	299	1218	363
1759	764202	180	1127	383
1760	764441	518	1036	792
1761	764999	259	1117	983
1762	765278	199	1115	988
1763	765557	239	1166	407
1764	765856	279	1184	100
1765	766195	239	1256	528
1766	766554	518	1201	915
1767	767730	139	965	541
1768	767890	658	881	548
1769	768627	777	811	520
1770	769445	160	791	422
1771	769684	259	956	896
1772	769983	180	734	882
1773	770222	399	830	1047
1774	770681	319	454	527
1775	771139	100	339	27
1776	771299	299	1114	9
1777	771738	219	917	263
1778	771977	159	843	271
1779	772176	279	611	404
1780	772475	279	851	571
1781	772794	299	1018	679
1782	773193	339	764	832
1783	773612	219	636	823
1784	773851	339	785	924
1785	774230	219	885	990
1786	774489	239	1081	1041
1787	774808	179	1230	1046
1788	775047	578	528	1032
1789	775685	100	835	551
1790	775964	818	887	504
1791	776802	279	830	528
1792	777121	678	769	337
1793	777978	877	1021	209
1794	779513	618	901	447
1795	780191	159	978	268
1796	780390	797	854	222
1797	781267	179	902	750
1798	781666	678	542	982
1799	783042	159	893	463
1800	783221	658	839	414
1801	783899	518	839	392
1802	784457	239	825	938
1803	784736	199	510	986
1804	784996	458	1102	861
1805	785534	240	962	956
1806	785813	199	732	948
1807	786052	279	617	896
1808	786371	180	918	847
1809	786591	379	1061	806
1810	787049	180	1010	667
1811	787268	140	923	458
1812	787548	239	884	242
1813	787827	259	859	130
1814	788126	399	667	108
1815	788584	339	788	548
1816	788963	478	858	841
1817	790040	219	774	537
1818	790339	319	813	210
1819	790678	239	775	121
1820	790977	718	770	346
1821	791734	937	457	491
1822	793309	299	908	485
1823	793648	259	830	427
1824	793927	718	763	213
1825	794705	439	724	782
1826	795183	359	1134	923
1827	795602	299	429	1032
1828	796040	219	415	-30
1829	796300	239	638	225
1830	796579	199	702	496
1831	796818	518	757	824
1832	797456	199	807	144
1833	797715	179	1127	152
1834	797994	379	1105	744
1835	798413	458	973	791
1836	798931	339	1010	957
1837	799290	179	1011	961
1838	799569	439	1113	225
1839	800048	160	1236	312
1840	800287	458	1167	929
1841	800766	120	1172	925
1842	801703	957	795	421
1843	802680	538	674	443
1844	803377	140	772	111
1845	803636	379	1204	165
1846	804075	339	657	220
1847	804454	339	980	267
1848	804813	239	793	397
1849	805132	120	683	374
1850	805271	718	490	372
1851	806029	419	948	398
1852	806507	199	1215	458
1853	806767	578	877	478
1854	807365	199	796	488
1855	807584	439	543	513
1856	808063	239	794	570
1857	808342	339	881	610
1858	808780	458	984	574
1859	809259	199	873	625
1860	809498	219	689	671
1861	809737	259	479	711
1862	810056	259	939	725
1863	810395	359	1163	728
1864	810834	399	769	744
1865	811252	479	855	812
1866	811771	359	641	800
1867	812170	140	964	791
1868	812349	259	1187	801
1869	812708	279	1144	850
1870	813047	459	612	851
1871	813545	279	876	866
1872	813984	239	948	859
1873	814243	419	1043	865
1874	814682	339	1116	878
1875	815041	120	1158	895
1876	815220	399	632	898
1877	815639	339	488	909
1878	815998	359	642	969
1879	816416	259	998	941
1880	816695	399	1044	923
1881	817114	120	1075	938
1882	817273	359	793	986
1883	817672	199	686	968
1884	817912	339	516	1000
1885	818530	379	1069	1001
1886	818948	419	1184	1041
1887	819387	180	1209	1070
1888	819626	219	584	1067
1889	819925	180	480	1045
1890	820224	339	1032	1067
1891	820603	339	1230	1061
1892	821460	259	788	587
1893	821799	359	835	559
1894	822198	817	757	366
1895	823055	777	791	889
1896	823892	279	400	482
1897	824291	140	419	135
1898	824530	239	1034	95
1899	824909	139	1036	92
1900	825089	279	1133	156
1901	825408	339	736	208
1902	825786	259	926	233
1903	826086	379	1127	349
1904	826504	279	775	429
1905	826803	299	565	448
1906	827142	319	1097	516
1907	827481	359	1149	552
1908	827860	199	1210	573
1909	828099	339	863	576
1910	828458	219	712	557
1911	828697	439	580	619
1912	829236	259	811	645
1913	829555	478	1124	697
1914	830073	239	1248	985
1915	830372	219	1203	785
1916	830671	479	547	777
1917	831209	239	654	865
1918	831468	219	826	872
1919	831728	339	1115	968
1920	832086	140	1195	1056
1921	832266	319	677	1044
1922	832625	518	396	1038
1923	833801	339	828	465
1924	834180	199	801	370
1925	834479	897	797	489
1926	835476	160	764	162
1927	835675	160	1211	94
1928	835954	279	1016	882
1929	836293	339	827	655
1930	836712	239	550	352
1931	837011	179	456	61
1932	837250	379	1063	27
1933	837689	140	1007	186
1934	837928	219	714	240
1935	838207	219	667	373
1936	838446	399	822	436
1937	838885	379	1094	504
1938	839443	399	616	547
1939	839882	339	780	631
1940	840261	419	894	620
1941	840719	498	1073	660
1942	841258	359	814	736
1943	841656	319	589	777
1944	842035	439	978	820
1945	842513	140	1026	892
1946	842832	259	815	980
1947	843152	100	836	973
1948	843430	199	467	1046
1949	844108	1754	794	480
1950	845903	259	774	325
1951	846202	160	1113	146
1952	846481	359	756	294
1953	846900	359	481	344
1954	847278	299	556	346
1955	847717	379	345	-11
1956	848136	379	333	235
1957	848574	279	589	60
1958	848993	359	1076	82
1959	849731	179	899	248
1960	849950	778	759	390
1961	850747	100	711	369
1962	850907	379	480	405
1963	851326	219	620	491
1964	851565	299	791	542
1965	851884	160	864	508
1966	852063	180	796	565
1967	852302	259	1115	503
1968	852602	3130	802	578
1969	855871	1435	797	581
1970	857346	339	521	707
1971	857745	100	914	827
1972	857984	279	1006	931
1973	858343	239	788	593
1974	858602	5144	799	582
1975	864244	837	812	541
1976	865142	239	808	537
1977	865401	558	785	502
1978	866019	139	642	369
1979	866218	1834	401	454
1980	868531	1017	801	538
1981	869568	658	725	483
1982	870265	160	784	581
1983	870465	319	780	892
1984	870824	299	629	838
1985	871143	219	617	1027
1986	871402	299	1080	1014
1987	871721	439	1000	908
1988	872219	359	492	911
1989	872618	179	650	845
1990	872817	319	702	822
1991	873176	499	1125	757
1992	873695	219	1111	694
1993	873954	259	904	712
1994	874253	279	769	712
1995	874572	419	640	724
1996	875050	538	627	378
1997	875668	259	1013	667
1998	875987	159	990	628
1999	876187	379	518	569
2000	876625	199	776	289
2001	876864	319	852	132
2002	877443	120	1189	-35
2003	877762	299	397	291
2004	878081	259	435	251
2005	878400	239	648	375
2006	878898	179	1068	-119
2007	879137	179	1163	619
2008	879396	817	944	925
2009	880672	518	829	585
2010	881210	1116	801	546
2011	882367	179	574	569
2012	882626	219	515	985
2013	882905	239	1051	982
2014	883164	179	1016	832
2015	883443	498	845	760
2016	884022	359	555	845
2017	884400	100	601	841
2018	884560	319	1016	776
2019	884899	259	1032	706
2020	885218	618	770	643
2021	885856	159	725	626
2022	886035	2073	761	651
2023	888168	319	447	588
2024	888527	199	565	536
2025	888766	419	665	419
2026	889265	239	916	195
2027	889544	219	1006	6
2028	889803	199	1263	-506
2029	890082	239	464	84
2030	890381	159	736	725
2031	890561	199	698	654
2032	890780	259	711	617
2033	891079	180	769	605
2034	891338	419	768	643
2035	891857	558	581	200
2036	893651	179	821	463
2037	893850	877	823	438
2038	894767	299	751	888
2039	895226	199	458	450
2040	895465	897	440	305
2041	896562	518	877	235
2042	897120	1376	823	291
2043	898576	120	443	698
2044	898735	180	358	791
2045	898934	797	362	806
2046	900370	259	799	443
2047	900649	479	847	412
2048	901247	578	789	424
2049	901865	259	716	692
2050	902164	160	942	948
2051	902344	937	1020	958
2052	903640	359	889	471
2053	904018	359	817	481
2054	904417	778	791	407
2055	905234	259	949	195
2056	905573	140	633	863
2057	905813	379	627	809
2058	906251	279	1098	704
2059	906590	418	628	435
2060	907108	160	701	70
2061	907687	558	780	615
2062	908405	120	985	152
2063	908763	259	435	151
2064	909142	419	356	330
2065	909621	219	865	729
2066	909920	259	1008	907
2067	910239	299	662	1065
2068	910617	359	637	1054
2069	911195	359	719	845
2070	911574	279	786	717
2071	911874	678	787	605
2072	912631	419	1240	569
2073	913110	259	704	834
2074	913429	339	392	799
2075	913788	239	457	765
2076	914086	518	966	989
2077	914645	199	884	907
2078	914864	239	882	906
2079	915143	359	1129	1062
2080	915602	239	454	1024
2081	916080	199	604	201
2082	916379	239	456	31
2083	916678	279	1263	111
2084	917037	439	944	560
2085	918194	259	872	490
2086	918512	1097	775	222
2087	919689	120	1106	330
2088	919828	1097	1136	419
2089	921264	598	1163	286
2090	921922	219	872	504
2091	922161	578	787	414
2092	922819	159	639	866
2093	923018	140	436	962
2094	923218	478	1180	856
2095	923736	219	865	1011
2096	924095	180	1055	435
2097	924354	179	1004	373
2098	925032	239	641	632
2099	925311	319	745	697
2100	925690	339	521	491
2101	926069	199	751	434
2102	926407	339	477	132
2103	926866	219	824	410
2104	927125	319	984	441
2105	927524	339	703	53
2106	927962	199	762	31
2107	928321	259	1222	101
2108	928700	319	980	382
2109	929558	299	834	543
2110	929956	1176	795	378
2111	931152	159	749	520
2112	931352	359	576	850
2113	931731	179	508	632
2114	931970	199	1152	852
2115	932189	180	1137	897
2116	932647	339	424	212
2117	933146	439	1176	138
2118	933684	239	1015	557
2119	933963	180	856	531
2120	934262	399	869	890
2121	934721	179	665	834
2122	934920	199	644	806
2123	935159	219	569	659
2124	935419	459	1109	648
2125	935917	279	1194	848
2126	936296	199	995	754
2127	936555	419	642	790
2128	937033	319	964	901
2129	937392	399	548	925
2130	937871	219	1003	986
2131	938190	279	1086	925
2132	938489	299	1157	893
2133	938828	179	852	899
2134	939047	279	621	978
2135	939426	139	444	1085
2136	939645	299	1142	1052
2137	940682	339	819	477
2138	941120	180	800	303
2139	941320	439	784	468
2140	941778	538	714	449
2141	942397	239	815	894
2142	942676	199	392	784
2143	942955	159	368	461
2144	943234	100	420	82
2145	943413	279	916	93
2146	944011	379	692	347
2147	944430	239	650	287
2148	944709	279	716	521
2149	945068	478	998	546
2150	945566	359	1103	575
2151	945965	399	644	606
2152	946444	299	953	710
2153	946783	419	1149	721
2154	947261	558	744	759
2155	947859	199	569	790
2156	948158	159	1223	877
2157	948338	239	1183	898
2158	948597	219	1102	820
2159	948876	299	470	849
2160	949295	239	835	869
2161	949554	140	1006	937
2162	949713	160	1004	938
2163	949953	319	602	1047
2164	950331	518	1145	1002
2165	951149	259	832	554
2166	951647	1176	861	551
2167	952844	219	816	509
2168	953103	259	725	190
2169	953402	339	470	807
2170	953781	199	967	945
2171	954000	239	1166	951
2172	954777	160	969	41
2173	955017	100	399	210
2174	955176	299	410	293
2175	956114	219	698	334
2176	956373	1256	891	400
2177	957708	299	793	440
2178	958286	239	798	517
2179	958606	120	784	554
2180	959045	338	618	575
2181	959603	219	698	623
2182	960161	319	778	588
2183	960500	140	780	592
2184	960819	458	847	583
2185	961316	339	451	798
2186	961695	239	627	1024
2187	961974	638	584	904
2188	962712	459	1164	893
2189	963270	220	941	1045
2190	963649	279	714	146
2191	963968	139	1211	76
2192	964925	658	820	504
2193	965603	977	741	479
2194	966640	159	634	872
2195	966939	140	1086	853
2196	967118	100	1124	563
2197	967298	199	513	625
2198	967517	239	594	624
2199	967876	219	437	157
2200	968135	857	646	65
2201	969750	239	801	167
2202	970009	1116	734	140
2203	971186	1415	434	484
2204	972621	239	571	382
2205	972920	917	750	340
2206	973877	199	591	417
2207	974156	319	836	853
2208	974535	259	1107	581
2209	974914	159	1241	184
2210	975133	379	489	128
2211	975532	219	303	115
2212	975890	160	606	228
2213	976130	399	847	321
2214	976568	459	928	328
2215	977067	339	399	379
2216	977486	120	743	486
2217	977645	120	743	484
2218	977804	259	913	487
2219	978103	279	1070	468
2220	978402	140	1110	487
2221	978622	319	440	551
2222	978961	359	370	544
2223	979340	259	395	551
2224	979639	459	1008	575
2225	980117	199	1036	657
2226	980336	578	1113	716
2227	980974	399	583	714
2228	981393	239	529	713
2229	981712	319	770	742
2230	982051	179	825	731
2231	982290	419	1138	733
2232	982769	379	477	812
2233	983247	140	707	806
2234	983427	120	914	815
2235	983586	199	915	808
2236	983865	299	1116	838
2237	984224	359	533	889
2238	984683	199	961	938
2239	984922	359	1089	1005
2240	985420	478	482	1029
2241	986019	379	1066	1070
2242	987055	419	785	397
2243	987534	199	890	510
2244	987793	219	790	299
2245	988191	439	786	448
2246	988670	140	634	647
2247	988929	179	812	1011
2248	989128	219	901	1056
2249	989427	100	625	458
2250	989966	240	707	176
2251	990245	219	976	252
2252	991341	339	1273	258
2253	991720	120	1128	304
2254	991899	259	817	344
2255	992198	299	665	335
2256	992537	179	440	375
2257	992756	359	618	444
2258	993156	319	932	409
2259	993515	458	1086	506
2260	993993	498	1125	583
2261	994531	379	1230	611
2262	994990	239	627	685
2263	995249	279	513	669
2264	995568	538	787	692
2265	996146	239	1001	685
2266	996425	359	838	725
2267	996824	219	1206	733
2268	997103	319	835	750
2269	997442	379	864	689
2270	997881	399	422	757
2271	998319	259	699	775
2272	998618	279	954	773
2273	998918	459	1073	788
2274	999476	239	1184	807
2275	999815	319	945	992
2276	1000154	279	931	1087
2277	1000492	239	519	915
2278	1000851	160	614	950
2279	1001091	439	991	950
2280	1001589	399	502	1023
2281	1002028	279	970	1077
2282	1002406	538	1153	1030
2283	1003483	379	775	504
2284	1003882	1296	810	517
2285	1005257	259	1051	926
2286	1005576	299	571	945
2287	1005895	179	598	742
2288	1006095	120	618	717
2289	1006394	179	497	87
2290	1006633	239	1009	37
2291	1006912	239	1045	311
2292	1007191	299	982	521
2293	1007510	359	900	510
2294	1007889	319	771	558
2295	1008248	479	722	740
2296	1008746	259	820	724
2297	1009045	160	568	751
2298	1009245	319	397	684
2299	1009624	299	730	813
2300	1009962	219	944	797
2301	1010202	120	941	829
2302	1010421	379	1145	666
2303	1010840	299	1143	820
2304	1011198	319	552	840
2305	1011617	139	630	1008
2306	1011817	319	1148	1003
2307	1012156	100	1150	1001
2308	1012335	339	1260	381
2309	1012714	219	1198	183
2310	1013033	558	545	205
2311	1014329	319	775	360
2312	1014668	1136	797	517
2313	1015844	100	601	996
2314	1015963	877	600	1004
2315	1018216	179	783	552
2316	1018416	219	794	557
2317	1018754	219	831	531
2318	1019054	199	723	1006
2319	1019273	179	643	935
2320	1019612	279	1203	772
2321	1019971	160	801	96
2322	1020170	100	428	53
2323	1020409	100	438	129
2324	1020529	199	390	251
2325	1020788	219	893	117
2326	1021246	359	648	360
2327	1021645	120	818	347
2328	1021805	538	1109	256
2329	1022363	199	1086	324
2330	1022602	199	823	374
2331	1022862	199	578	478
2332	1023260	479	502	541
2333	1023779	199	316	644
2334	1024058	259	791	413
2335	1024337	538	974	488
2336	1024915	359	839	568
2337	1025314	279	1044	542
2338	1025613	439	1051	490
2339	1026091	239	1072	607
2340	1026390	379	684	653
2341	1026809	259	927	689
2342	1027108	319	1109	727
2343	1027487	219	536	755
2344	1027806	299	739	836
2345	1028145	259	921	922
2346	1028444	279	735	919
2347	1028763	319	710	1076
2348	1029142	200	1151	1002
2349	1029441	160	1149	1008
2350	1029800	1974	817	492
2351	1031813	359	585	921
2352	1032192	219	574	932
2353	1032431	179	581	935
2354	1033149	1675	852	551
2355	1034864	140	688	843
2356	1035083	199	360	930
2357	1035362	299	1091	675
2358	1035721	180	1208	288
2359	1036040	140	677	26
2360	1036418	120	638	131
2361	1036737	140	363	216
2362	1036997	159	876	159
2363	1037196	339	1035	228
2364	1037575	459	806	354
2365	1038073	279	651	386
2366	1038392	359	863	514
2367	1038891	100	997	458
2368	1039150	299	513	519
2369	1039529	518	871	570
2370	1040087	478	1037	577
2371	1040585	259	1127	601
2372	1040884	459	540	623
2373	1041403	139	793	701
2374	1041582	199	793	706
2375	1041802	239	692	718
2376	1042080	439	1095	718
2377	1042579	399	497	747
2378	1043397	359	995	787
2379	1043815	399	570	823
2380	1044314	219	816	851
2381	1044573	259	1010	886
2382	1044872	180	1139	892
2383	1045151	239	419	922
2384	1045450	120	515	922
2385	1045669	279	999	1011
2386	1045988	180	868	1055
2387	1046208	219	872	1050
2388	1047005	199	813	455
2389	1047224	1555	788	491
2390	1048859	219	541	16
2391	1049118	100	412	55
2392	1049258	160	540	-118
2393	1049437	160	613	-42
2394	1049637	239	1009	180
2395	1049976	279	520	378
2396	1050275	199	505	307
2397	1050514	259	972	283
2398	1050793	239	1097	321
2399	1051072	379	840	458
2400	1051471	339	737	453
2401	1051850	219	665	482
2402	1052149	399	842	571
2403	1052587	339	983	575
2404	1052946	319	1009	722
2405	1053305	379	765	702
2406	1053704	279	683	691
2407	1054023	558	1017	719
2408	1054621	199	1200	594
2409	1054880	419	539	745
2410	1055359	319	717	881
2411	1055777	179	848	857
2412	1056016	518	1132	863
2413	1056595	299	657	937
2414	1056934	479	1135	963
2415	1057452	698	1067	1026
2416	1058229	199	496	1003
2417	1058489	160	987	1013
2418	1058668	1216	1055	1020
2419	1059904	319	1067	1012
2420	1060243	199	1064	1007
2421	1060702	439	807	424
2422	1061160	1495	772	348
2423	1062735	140	654	849
2424	1062915	758	708	940
2425	1064410	1415	813	565
2426	1065865	179	642	962
2427	1066065	299	502	1044
2428	1066424	239	1074	782
2429	1066722	259	939	525
2430	1067042	239	1110	138
2431	1067560	877	1003	325
2432	1068916	160	853	482
2433	1069135	379	850	354
2434	1069554	877	802	453
2435	1070490	140	656	918
2436	1070650	937	571	890
2437	1072165	379	856	453
2438	1072564	937	804	493
2439	1073581	259	790	833
2440	1074000	259	1159	688
2441	1074278	817	1106	724
