Data properties:
 
Recording date: 01/06/2007
Recording time : 12:14:01:234 (corresponds to time 0)
Study: Alasdair
Subject: HW
Recording: HW2
Screen resolution: 1600 x 1200
Coordinate unit: Pixels
 
 
Filter settings:
 
Eye: Average
Validity level: Normal
Fixation radius: 30
Min duration: 100
 
Fix number	Timestamp	Duration	GazepointX	GazepointY
 
1	170	179	917	508
2	369	199	915	492
3	628	299	809	602
4	1007	100	798	619
5	1147	758	810	610
6	1944	180	806	594
7	2363	139	812	587
8	2582	180	808	624
9	2782	179	806	624
10	2981	159	764	688
11	3160	100	757	689
12	3300	219	891	947
13	3579	279	926	279
14	3898	219	746	310
15	4476	259	441	906
16	4815	339	1124	755
17	5294	299	949	414
18	5692	279	776	644
19	6071	558	814	595
20	6689	359	803	571
21	7228	279	795	478
22	7526	499	821	523
23	8184	399	1266	674
24	8683	160	1058	518
25	8882	359	800	482
26	9261	100	748	512
27	9441	359	802	510
28	9819	638	838	503
29	10477	399	835	518
30	10916	120	1010	663
31	11275	100	495	700
32	11394	299	493	704
33	11713	219	330	601
34	11972	100	477	721
35	12092	857	478	693
36	12989	558	795	581
37	13567	120	789	580
38	13707	120	792	563
39	13846	239	814	532
40	14106	339	798	483
41	14524	259	800	584
42	14804	339	815	551
43	15322	299	699	371
44	15681	359	1125	885
45	16139	379	1203	254
46	16558	319	812	220
47	16937	319	401	466
48	17316	299	407	857
49	17734	439	572	791
50	18213	259	549	302
51	18532	339	1253	323
52	18990	219	1201	795
53	19250	179	1095	989
54	19469	199	1051	1020
55	19708	140	1081	936
56	19868	299	1080	929
57	20187	120	1052	1037
58	20326	140	1049	1037
59	20525	618	665	394
60	21263	179	785	576
61	21482	179	800	535
62	21881	1436	809	467
63	23376	139	687	914
64	23735	219	657	951
65	24014	279	809	545
66	24333	797	798	481
67	25171	518	781	618
68	25729	279	725	789
69	26188	160	603	863
70	26387	319	661	537
71	26766	239	662	216
72	27085	219	1250	238
73	27384	140	1126	752
74	27543	100	1132	736
75	27683	259	890	813
76	28042	179	707	1022
77	28241	239	710	1028
78	28560	139	664	845
79	28739	439	685	1046
80	29198	139	688	1034
81	29358	120	688	1011
82	29497	279	691	1022
83	29876	100	695	1024
84	30055	179	776	563
85	30434	618	771	572
86	31411	658	783	583
87	32109	139	522	904
88	32268	160	525	930
89	32468	179	438	826
90	32707	299	628	343
91	33066	100	898	319
92	33205	139	888	320
93	33484	259	1098	999
94	33823	239	519	934
95	34103	379	345	946
96	34701	658	819	469
97	35398	399	742	483
98	35817	758	790	499
99	36634	219	547	383
100	36894	698	470	281
101	37811	558	686	221
102	38389	140	683	203
103	38568	120	680	213
104	38728	159	672	207
105	38927	219	569	354
106	39166	518	570	351
107	39784	1436	397	439
108	41379	419	773	437
109	41818	478	725	366
110	42336	239	469	385
111	42675	259	637	783
112	42974	299	904	843
113	43353	180	1017	748
114	43552	219	1146	926
115	43971	219	1202	655
116	44290	299	925	330
117	44629	119	610	400
118	44789	219	615	402
119	45088	299	831	252
120	45506	120	376	421
121	45845	120	578	781
122	46025	399	834	655
123	46523	738	800	536
124	47281	160	803	545
125	47480	678	874	500
126	48178	299	785	502
127	48557	180	532	855
128	48955	219	797	272
129	49195	100	804	261
130	49514	379	804	461
131	49912	738	802	479
132	50670	359	806	485
133	51049	578	802	454
134	51766	239	943	213
135	52046	479	530	372
136	52564	179	840	743
137	52783	279	841	737
138	53102	179	466	723
139	53322	598	471	716
140	53979	160	613	215
141	54159	120	606	231
142	54338	140	1162	363
143	54498	538	1164	342
144	55076	239	822	502
145	55335	479	793	553
146	55854	100	797	526
147	55973	180	792	488
148	56571	259	812	459
149	56850	219	790	474
150	57090	160	796	468
151	57289	219	1084	587
152	57548	159	1043	194
153	57728	140	1047	194
154	57927	219	558	272
155	58186	299	442	663
156	58525	239	528	730
157	58784	259	527	714
158	59103	319	763	599
159	59462	299	821	810
160	59881	100	706	848
161	60020	259	1011	948
162	60359	279	1079	660
163	60698	379	694	229
164	61117	139	778	271
165	61316	359	338	353
166	61715	319	510	251
167	62173	120	598	275
168	62313	239	602	256
169	62612	339	795	491
170	62971	917	789	438
171	63908	459	788	459
172	64406	439	778	507
173	64905	379	476	770
174	65343	359	1007	457
175	65742	359	752	234
176	66141	259	969	163
177	66440	279	552	261
178	66759	339	403	428
179	67138	239	657	242
180	67417	479	985	182
181	67975	299	1031	697
182	68314	339	901	852
183	68713	379	647	942
184	69151	1356	790	478
185	70527	877	794	485
186	71444	179	531	508
187	71643	120	530	510
188	71843	120	833	831
189	71982	179	829	846
190	72262	319	598	153
191	72640	379	1144	245
192	73059	419	863	214
193	73677	140	799	519
194	74036	339	757	439
195	74454	100	836	535
196	74594	199	833	534
197	74833	319	815	489
198	75172	100	817	470
199	75292	259	824	457
200	75591	180	868	704
201	75810	199	1026	645
202	76189	219	467	732
203	76488	100	507	880
204	76707	439	648	816
205	77246	100	887	828
206	77405	160	1098	969
207	77864	100	686	189
208	78063	120	547	277
209	78203	279	552	288
210	78522	219	335	435
211	79100	339	816	525
212	79459	359	795	456
213	79837	160	804	467
214	80017	837	801	467
215	80874	100	809	476
216	81014	140	734	708
217	81353	100	506	718
218	81472	319	500	721
219	81831	199	618	865
220	82050	100	621	867
221	82250	100	977	739
222	82589	120	844	159
223	82728	120	825	214
224	82928	239	409	218
225	83267	279	578	250
226	83685	120	774	525
227	83885	1375	804	470
228	85419	119	776	465
229	85560	159	789	466
230	85759	339	1256	545
231	86197	199	427	577
232	87034	120	788	689
233	87493	180	806	556
234	87692	100	796	574
235	87932	479	824	532
236	88430	180	823	543
237	88670	299	1178	518
238	89048	120	987	830
239	89188	120	991	827
240	89427	239	594	530
241	89746	279	980	156
242	90085	199	746	313
243	90384	219	465	687
244	90643	259	459	697
245	90942	140	764	560
246	91102	379	763	549
247	91600	159	793	497
248	91780	139	793	501
249	91939	478	800	499
250	92437	159	804	505
251	92617	100	806	522
252	92737	140	798	573
253	92896	140	799	561
254	93095	259	885	667
255	93414	159	517	701
256	93594	120	516	695
257	93753	259	372	415
258	94112	160	785	165
259	94291	140	775	192
260	94471	558	368	278
261	95129	120	820	314
262	95288	259	801	548
263	95627	100	860	1511
264	96445	558	796	515
265	97023	119	791	508
266	97162	419	792	504
267	97621	279	813	741
268	97960	199	449	647
269	98219	239	851	292
270	98518	159	1303	471
271	98718	219	1129	790
272	99176	339	1151	368
273	99575	439	889	410
274	100253	159	811	518
275	100432	419	814	547
276	101030	259	812	508
277	101309	738	806	482
278	102067	319	739	663
279	102506	359	1003	270
280	102904	279	1194	303
281	103243	419	502	348
282	103682	339	495	348
283	104061	219	792	543
284	104300	359	798	562
285	104679	259	803	539
286	104958	678	796	477
287	105656	419	799	468
288	106174	359	797	541
289	106633	100	633	869
290	106832	439	1021	346
291	107311	259	628	115
292	107630	459	827	600
293	108188	259	1059	1919
294	108786	120	1223	1948
295	109185	339	834	488
296	109544	758	799	501
297	110321	399	807	487
298	110740	120	779	476
299	110879	857	785	448
300	111876	239	487	680
301	112155	100	518	857
302	112395	319	894	165
303	112873	259	875	266
304	113232	319	1006	517
305	113591	479	980	652
306	114109	359	867	657
307	114568	179	866	668
308	114827	199	817	471
309	115046	458	793	458
310	115525	1695	797	447
311	117299	160	945	524
312	117498	160	830	252
313	117718	179	901	641
314	117997	160	443	421
315	118176	538	391	383
316	118735	379	382	254
317	119353	618	774	466
318	120030	279	792	530
319	120329	479	797	463
320	120868	339	659	356
321	121247	159	434	165
322	121446	319	381	310
323	121805	120	478	379
324	122064	279	424	747
325	122403	100	888	795
326	122522	239	898	780
327	122822	120	902	787
328	123021	359	956	325
329	123400	199	926	286
330	123619	139	921	276
331	123798	259	725	179
332	124097	179	457	239
333	124397	159	458	256
334	124596	120	782	564
335	124735	219	784	517
336	124975	339	787	527
337	125353	458	810	479
338	125832	279	806	465
339	126191	379	775	537
340	126590	259	820	545
341	126988	498	1224	363
342	127546	140	896	400
343	127706	239	894	390
344	127965	439	889	396
345	128444	439	1121	454
346	128902	339	1061	350
347	129261	159	1056	356
348	129460	259	761	511
349	129799	100	598	794
350	129919	120	594	792
351	130059	100	595	803
352	130178	279	617	909
353	130497	179	987	905
354	130697	140	995	894
355	131155	120	1219	630
356	131334	100	1101	274
357	131454	339	1095	282
358	131853	140	584	246
359	132012	120	587	246
360	132252	518	515	556
361	132810	797	807	554
362	133627	299	810	520
363	133946	199	811	521
364	134285	379	833	399
365	134764	140	841	385
366	134963	299	523	326
367	135302	199	517	316
368	135541	199	518	319
369	135880	199	826	575
370	136139	438	825	547
371	136638	179	736	417
372	136837	259	738	421
373	137136	299	732	415
374	137575	120	555	303
375	137754	239	1135	872
376	138053	239	1070	265
377	138312	279	1072	270
378	138631	159	1164	333
379	138891	120	1243	108
380	139090	259	676	322
381	139389	359	578	718
382	139808	439	1169	563
383	140366	180	1162	538
384	140625	917	794	553
385	141642	299	752	450
386	141961	319	804	469
387	142320	458	794	515
388	142838	239	763	227
389	143157	100	1184	892
390	143436	279	479	772
391	143835	299	455	347
392	144273	100	439	604
393	144533	179	793	293
394	144752	299	1053	344
395	145191	698	1273	567
396	146486	100	809	481
397	146606	180	809	483
398	146825	738	816	489
399	147623	120	404	578
400	147762	578	418	599
401	148600	817	803	517
402	149517	100	690	309
403	149637	219	691	310
404	150035	259	827	460
405	150334	1017	1123	334
406	151451	578	791	486
407	152049	519	793	487
408	152587	179	798	492
409	152826	399	942	325
410	153265	319	976	244
411	153604	419	971	243
412	154062	738	785	515
413	154840	100	723	711
414	154960	179	724	726
415	155179	160	726	742
416	155378	140	628	804
417	155538	219	625	798
418	155777	219	486	929
419	156056	239	979	978
420	156495	180	766	230
421	156754	339	824	153
422	157113	100	837	157
423	157272	259	828	118
424	157591	578	795	461
425	158189	179	793	462
426	158389	817	798	470
427	159266	239	806	382
428	159545	239	854	63
429	159844	160	947	843
430	160123	199	902	949
431	160343	239	892	967
432	160761	817	793	518
433	161599	678	820	535
434	162316	439	794	333
435	162835	219	898	875
436	163074	140	889	895
437	163253	100	430	1003
438	163572	179	595	772
439	163792	160	731	590
440	163991	160	940	179
441	164170	100	929	182
442	164350	140	1187	234
443	164669	179	484	303
444	165008	259	1192	680
445	165307	279	961	876
446	165646	279	769	527
447	166044	478	799	525
448	166563	698	829	398
449	167440	139	683	355
450	167619	578	514	327
451	168457	239	732	405
452	168816	179	831	507
453	169015	279	795	530
454	169314	837	790	530
455	170171	140	791	538
456	170371	199	621	894
457	170650	179	1202	801
458	171009	120	745	232
459	171308	618	646	450
460	171966	1136	789	475
461	173202	718	817	486
462	173959	159	606	288
463	174298	139	832	506
464	174538	219	1034	761
465	174797	239	755	809
466	175335	100	1013	236
467	175734	239	830	204
468	175993	259	874	176
469	176412	339	775	549
470	176950	1057	820	448
471	178047	359	813	468
472	178485	100	471	813
473	178605	219	465	816
474	178924	180	556	249
475	179163	219	1239	389
476	179462	279	1151	887
477	179761	100	1156	885
478	179901	458	837	965
479	180419	339	817	547
480	180778	638	787	567
481	181436	140	798	543
482	181615	897	806	528
483	182552	419	1136	388
484	183170	419	788	534
485	183609	459	790	583
486	184087	478	805	543
487	184586	259	802	539
488	185084	239	1149	385
489	185443	319	698	844
490	185922	259	468	278
491	186241	279	1092	162
492	186599	319	583	535
493	187038	279	1126	516
494	187377	359	754	540
495	187756	459	796	569
496	188234	498	798	497
497	188753	120	797	480
498	188892	259	793	473
499	189171	359	892	468
500	189570	160	483	472
501	189769	299	885	247
502	190387	837	807	466
503	191245	180	813	457
504	191444	120	802	459
505	191584	219	806	459
506	191823	100	802	454
507	191942	399	809	455
508	192401	180	816	860
509	192600	100	827	943
510	192720	279	833	943
511	193218	120	788	492
512	193497	498	803	490
513	194056	279	814	700
514	194375	439	726	884
515	194953	399	781	772
516	195531	140	1040	185
517	195870	219	593	255
518	196109	159	606	255
519	196568	618	800	558
520	197206	558	793	542
521	197824	638	781	516
522	198502	100	824	946
523	198681	439	824	1042
524	199180	239	784	540
525	199499	1096	806	583
526	200615	120	794	553
527	200775	179	789	545
528	201253	339	721	826
529	201632	339	682	268
530	202031	259	1230	520
531	202330	140	1213	951
532	202489	100	1213	949
533	202708	119	645	701
534	203067	159	423	574
535	203566	439	1040	210
536	204104	179	772	615
537	204423	199	803	529
538	204682	359	799	546
539	205061	518	781	575
540	205599	299	794	545
541	205918	339	791	552
542	206297	259	719	348
543	206616	279	750	229
544	206935	339	658	263
545	207334	279	1122	757
546	207713	239	1157	1037
547	208071	239	565	786
548	208430	259	490	172
549	208729	259	765	513
550	209028	877	798	569
551	209925	279	785	565
552	210224	160	792	560
553	210424	419	668	343
554	210962	179	655	750
555	211162	100	654	762
556	211301	259	403	738
557	211700	239	743	255
558	211999	219	1116	563
559	212298	279	1183	796
560	212657	100	767	814
561	212776	100	762	803
562	212896	140	753	798
563	213095	299	802	543
564	213474	219	778	582
565	213713	199	799	559
566	213933	798	795	566
567	214750	259	792	571
568	215049	239	791	564
569	215348	199	1136	854
570	215607	120	1135	823
571	215787	200	637	342
572	216086	179	480	247
573	216285	319	486	258
574	216983	379	747	331
575	217382	199	779	530
576	217621	299	788	523
577	217960	678	762	441
578	218678	179	755	436
579	218897	160	633	362
580	219096	100	1098	323
581	219216	120	1104	325
582	219475	219	587	802
583	219854	239	788	983
584	220113	140	788	970
585	220352	239	775	436
586	220671	339	791	469
587	221070	140	782	602
588	221329	140	791	613
589	221489	558	785	532
590	222167	359	808	592
591	222645	100	808	588
592	222805	359	703	894
593	223243	299	812	267
594	223582	199	455	284
595	223861	179	1168	281
596	224200	219	1064	724
597	224479	339	691	705
598	224958	219	702	715
599	225217	299	791	510
600	225536	199	785	518
601	225755	199	788	516
602	225975	1475	795	561
603	227550	438	776	879
604	228347	339	797	464
605	228706	120	796	458
606	228925	140	763	662
607	229085	159	762	659
608	229344	199	797	611
609	229583	239	795	612
610	229882	339	756	828
611	230281	199	616	250
612	230540	159	992	268
613	230740	259	981	263
614	231138	159	755	503
615	231378	399	825	536
616	231796	279	826	521
617	232175	139	814	341
618	232334	140	815	338
619	232494	498	906	299
620	233032	239	905	301
621	233311	160	742	397
622	233491	179	601	337
623	233710	239	498	296
624	233969	140	504	310
625	234129	140	497	306
626	234328	120	499	300
627	234468	239	504	301
628	234727	319	492	294
629	235185	817	771	370
630	236023	319	686	391
631	236441	279	526	285
632	236780	100	831	405
633	236900	120	829	400
634	237079	219	419	531
635	237378	279	709	934
636	237717	199	1007	430
637	237977	139	814	191
638	238355	578	667	215
639	239831	837	818	439
640	240708	180	1193	497
641	241007	239	1158	518
642	241545	160	1004	393
643	241964	538	840	551
644	242522	798	843	505
645	243379	179	569	808
646	243579	219	574	835
647	243818	100	576	823
648	243958	259	814	513
649	244476	219	782	527
650	244715	478	804	511
651	245333	160	740	731
652	245532	239	795	621
653	245792	100	794	620
654	245971	179	504	863
655	246170	160	403	850
656	246430	199	807	300
657	246689	259	1130	347
658	247008	239	965	624
659	247287	458	1280	196
660	247825	100	807	553
661	247945	419	806	537
662	248463	139	795	627
663	248623	319	797	577
664	249022	139	792	577
665	249181	419	795	581
666	249640	478	826	592
667	250158	419	1132	389
668	250616	259	642	434
669	250915	1017	605	157
670	252252	219	891	493
671	252491	439	789	513
672	253009	319	855	498
673	253348	618	814	526
674	254046	139	1239	679
675	254205	538	1227	687
676	254823	239	856	525
677	255082	1136	814	568
678	256239	718	807	575
679	257016	140	880	720
680	257235	419	557	958
681	257674	100	556	942
682	257834	478	805	478
683	258372	279	812	601
684	258671	1196	802	575
685	259947	259	704	887
686	260246	100	604	781
687	260405	199	605	402
688	260724	140	404	182
689	260964	279	1141	631
690	261342	379	914	748
691	261781	279	1023	325
692	262100	279	734	159
693	262499	299	547	379
694	262858	259	430	787
695	263276	159	1151	865
696	263576	459	1160	280
697	264094	180	746	520
698	264413	558	802	540
699	264991	239	788	409
700	265250	160	805	471
701	265450	100	799	477
702	265569	558	802	492
703	266167	279	580	828
704	266586	379	783	198
705	267024	279	477	193
706	267363	239	1065	265
707	267682	120	1144	647
708	267822	259	1146	637
709	268320	160	608	712
710	268619	179	502	841
711	268839	499	545	453
712	269397	279	782	529
713	269776	239	798	553
714	270055	399	789	553
715	270473	1057	800	476
716	271610	159	740	499
717	271809	319	454	655
718	272188	419	925	267
719	272706	220	928	797
720	273006	279	476	903
721	273344	718	512	235
722	274102	180	790	545
723	274600	319	800	456
724	274939	179	801	545
725	275218	219	794	475
726	275458	139	793	468
727	275617	339	782	539
728	276036	279	790	585
729	276355	179	578	448
730	276574	279	404	654
731	276913	179	1034	296
732	277212	100	836	323
733	277332	259	839	321
734	277631	399	497	266
735	278050	120	553	392
736	278189	179	555	391
737	278408	179	659	732
738	278608	279	625	539
739	278927	120	878	908
740	279066	319	887	901
741	279465	279	485	758
742	279884	259	1151	192
743	280183	538	1057	380
744	280821	239	807	542
745	281239	219	793	489
746	281578	857	792	559
747	282456	239	804	469
748	282795	319	801	477
749	283153	179	650	728
750	283353	140	652	733
751	283971	120	434	958
752	284150	379	551	371
753	284688	239	1220	279
754	285127	359	1180	621
755	285546	399	913	572
756	285964	259	900	568
757	286264	758	794	488
758	287061	419	797	573
759	287500	877	797	548
760	288417	219	885	877
761	288656	239	866	904
762	289095	279	805	510
763	289414	1017	792	461
764	290450	738	786	551
765	291228	459	474	495
766	291746	219	773	509
767	291985	558	801	545
768	292603	259	785	500
769	292942	359	786	453
770	293401	678	788	458
771	294099	279	674	548
772	294418	299	412	668
773	294737	638	389	684
774	295395	100	387	682
775	295554	179	756	537
776	295793	199	807	536
777	296172	359	799	525
778	296551	1097	802	572
779	297767	259	723	822
780	298086	160	605	563
781	298265	219	615	552
782	298564	159	322	597
783	298784	339	959	177
784	299202	140	587	265
785	299362	239	590	271
786	299621	179	664	239
787	299880	199	1092	319
788	300120	299	1151	659
789	300558	379	736	798
790	300977	279	984	674
791	301316	399	790	425
792	301734	259	786	501
793	302014	538	796	577
794	302572	778	802	556
795	303369	359	805	545
796	303768	279	448	807
797	304067	199	445	811
798	304346	319	768	542
799	304685	519	805	568
800	305283	140	799	553
801	305443	439	793	558
802	305921	319	786	562
803	306260	100	781	570
804	306400	179	357	720
805	306599	279	337	704
806	307118	299	763	564
807	307437	120	790	577
808	307576	478	791	583
809	308134	239	523	673
810	308453	538	334	696
811	309131	498	348	578
812	309689	319	694	516
813	310028	558	786	539
814	310666	319	774	515
815	311025	239	616	584
816	311324	439	378	600
817	311803	239	341	705
818	312142	139	344	341
819	312361	219	980	439
820	312640	299	954	727
821	312999	160	1239	491
822	313218	618	774	86
823	314195	139	844	503
824	314554	478	806	524
825	315052	638	811	412
826	315850	239	854	319
827	316209	239	1158	273
828	316468	638	1151	282
829	317345	100	876	390
830	317465	159	871	374
831	318282	498	867	383
832	318840	259	726	397
833	319179	299	546	762
834	319538	219	1022	806
835	319837	120	1243	194
836	320116	239	517	320
837	320415	239	528	334
838	320714	379	463	423
839	321133	439	792	518
840	321592	160	799	459
841	321771	299	801	471
842	322170	817	811	465
843	323007	259	808	450
844	323306	140	759	230
845	323665	160	497	318
846	323844	279	492	341
847	324164	239	792	442
848	324423	160	788	423
849	324602	439	787	442
850	325081	1136	788	478
851	326257	259	558	364
852	326616	219	1102	568
853	326895	279	380	654
854	327234	279	706	826
855	327632	299	1049	937
856	328011	279	542	334
857	328330	319	568	175
858	328729	159	1171	278
859	329028	299	875	719
860	329367	219	533	817
861	329666	399	786	454
862	330304	160	790	459
863	330484	399	796	461
864	330902	917	789	437
865	331859	259	699	319
866	332138	139	665	349
867	332338	100	583	849
868	332457	100	586	841
869	332756	160	1143	648
870	333155	140	740	207
871	333454	578	621	344
872	334072	100	820	398
873	334232	100	816	406
874	334431	120	827	447
875	334750	1037	792	461
876	335926	239	809	469
877	336225	219	1036	813
878	336544	159	1002	910
879	336783	339	635	179
880	337162	319	620	390
881	337541	439	452	712
882	338020	140	777	542
883	338339	957	799	565
884	339355	299	741	408
885	339854	379	802	418
886	340312	239	454	566
887	340591	159	455	829
888	340811	319	1180	733
889	341190	159	714	347
890	341369	100	709	350
891	341568	180	1085	247
892	341867	359	853	248
893	342306	179	580	301
894	342505	239	580	313
895	343721	698	809	449
896	344459	399	657	420
897	344898	399	631	270
898	345376	259	1063	480
899	345675	239	828	653
900	345954	179	699	744
901	346413	120	1164	1010
902	346612	379	1186	1045
903	347031	140	785	944
904	347410	199	496	269
905	347629	100	496	287
906	347789	738	992	202
907	348546	419	1005	195
908	349384	419	935	347
909	349822	100	942	360
910	349942	718	937	360
911	350739	199	961	283
912	350978	100	964	283
913	351118	239	1104	235
914	351397	160	1134	896
915	351576	120	1139	895
916	351776	180	846	943
917	352115	219	1171	263
918	352374	180	1170	268
919	352593	379	1070	288
920	352992	199	1079	291
921	353271	179	469	150
922	353470	140	471	154
923	353650	219	613	371
924	353989	100	560	652
925	354109	100	562	665
926	354288	140	538	854
927	354467	199	424	654
928	354786	459	395	652
929	355464	279	853	467
930	355763	199	855	471
931	355983	100	762	505
932	356102	678	772	491
933	356800	538	773	489
934	357378	140	719	552
935	357558	259	444	702
936	357837	319	437	694
937	358176	359	432	696
938	358554	179	425	713
939	358754	319	425	670
940	359212	339	297	580
941	359611	239	448	178
942	359910	419	991	135
943	360389	219	1181	717
944	360748	179	1170	660
945	360947	299	1106	737
946	361326	239	684	900
947	361704	239	559	947
948	362023	100	1054	1032
949	362163	100	1048	1029
950	362323	459	483	667
951	362861	1136	789	497
952	364017	837	792	483
953	364874	100	786	467
954	365014	419	650	536
955	365492	100	722	182
956	365931	279	901	285
957	366250	259	684	326
958	366549	119	409	330
959	366689	199	407	309
960	366948	160	561	978
961	367187	259	622	477
962	367486	160	562	325
963	367945	140	1159	611
964	368144	179	892	979
965	368543	239	561	983
966	368822	179	363	843
967	369121	459	1053	233
968	369719	140	450	195
969	370158	140	784	609
970	370457	538	804	502
971	371015	120	798	484
972	371155	219	796	486
973	371434	658	808	473
974	372112	299	805	465
975	372450	319	670	496
976	372809	219	848	902
977	373108	439	613	919
978	373607	219	521	176
979	373866	159	620	215
980	374165	259	1157	197
981	374504	359	1056	295
982	374942	219	891	353
983	375202	419	620	356
984	375740	140	1135	744
985	375899	179	1130	773
986	376318	100	972	863
987	376458	179	725	897
988	376697	239	634	944
989	376956	299	638	940
990	377295	379	762	493
991	377694	100	798	492
992	377813	1475	794	485
993	379309	179	805	480
994	379608	100	656	865
995	379807	299	618	900
996	380206	140	764	520
997	380485	160	802	530
998	380664	419	799	535
999	381103	239	799	538
1000	381362	379	762	573
1001	381761	439	792	550
1002	382259	279	479	906
1003	382638	339	633	279
1004	383017	239	522	300
1005	383296	259	776	358
1006	383615	259	1165	509
1007	384093	100	968	787
1008	384253	179	1040	683
1009	384452	179	1111	721
1010	384652	199	1104	714
1011	384971	259	641	869
1012	385310	399	785	517
1013	385768	199	818	530
1014	386167	618	798	505
1015	386805	658	811	565
1016	387523	199	1169	950
1017	387802	100	1090	950
1018	388001	179	576	376
1019	388200	120	649	434
1020	388360	160	955	271
1021	388539	140	964	280
1022	388739	179	613	304
1023	389038	359	462	874
1024	389437	160	459	857
1025	389656	100	418	349
1026	389795	239	418	362
1027	390134	120	800	527
1028	390274	1934	808	555
1029	392268	140	1058	344
1030	392427	299	1068	337
1031	392746	279	1071	331
1032	393085	120	788	432
1033	393504	977	813	468
1034	394500	498	805	453
1035	395059	299	508	407
1036	395378	359	501	404
1037	395776	179	497	416
1038	395976	399	502	397
1039	396395	159	497	400
1040	396833	957	635	418
1041	397890	120	487	397
1042	398049	120	531	757
1043	398249	339	1178	571
1044	398627	339	1081	315
1045	399126	140	1174	914
1046	399345	478	556	448
1047	399903	279	616	837
1048	400342	100	842	1049
1049	400462	219	835	1071
1050	400880	120	778	560
1051	401120	937	796	557
1052	402076	518	799	562
1053	402714	379	804	526
1054	403173	120	484	335
1055	403572	359	778	131
1056	404169	319	831	392
1057	404509	638	835	409
1058	405505	499	793	321
1059	406104	578	708	236
1060	406702	159	705	226
1061	406881	1057	708	222
1062	408057	538	697	219
1063	408675	219	346	368
1064	408975	339	619	777
1065	409373	259	1005	710
1066	409712	219	1215	418
1067	409991	319	839	154
1068	410390	379	564	196
1069	410888	219	753	469
1070	411227	279	792	463
1071	411546	319	783	444
1072	412025	239	798	194
1073	412344	578	771	300
1074	412962	219	714	460
1075	413301	100	812	852
1076	413500	159	818	899
1077	413680	299	809	904
1078	414039	299	783	495
1079	414377	598	784	492
1080	414996	279	804	540
1081	415334	120	739	289
1082	415832	100	724	356
1083	416032	319	974	463
1084	416411	120	739	225
1085	416670	219	725	173
1086	417408	279	848	307
1087	417707	199	838	319
1088	417966	977	758	464
1089	419003	199	773	261
1090	419501	120	721	774
1091	419661	199	718	760
1092	419920	120	635	168
1093	420060	140	623	194
1094	420219	179	629	127
1095	420418	937	646	127
1096	421415	179	1007	505
1097	421714	399	1244	671
1098	422153	219	939	712
1099	422472	359	1211	477
1100	422990	279	528	853
1101	423349	120	939	1023
1102	423489	100	945	1016
1103	423608	120	907	1016
1104	423828	319	518	386
1105	424186	179	746	376
1106	424426	419	1157	183
