Data properties:
 
Recording date: 28/05/2007
Recording time : 10:43:21:671 (corresponds to time 0)
Study: Alasdair
Subject: JF
Recording: jf1
Screen resolution: 1600 x 1200
Coordinate unit: Pixels
 
 
Filter settings:
 
Eye: Average
Validity level: Normal
Fixation radius: 30
Min duration: 100
 
Fix number	Timestamp	Duration	GazepointX	GazepointY
 
1	171	498	896	519
2	729	319	785	578
3	1288	219	750	551
4	1567	1396	800	537
5	2982	239	746	490
6	3261	119	904	359
7	3401	219	866	303
8	3680	139	516	798
9	3879	419	802	342
10	4378	160	825	292
11	4577	259	1097	270
12	4896	259	428	218
13	5195	439	697	860
14	5754	339	411	833
15	6172	140	376	1023
16	6372	359	944	709
17	6770	159	1083	631
18	6990	180	1090	405
19	7209	239	661	264
20	7488	219	372	271
21	7767	159	1086	223
22	8006	299	288	173
23	8405	279	1059	1015
24	8704	239	957	1050
25	9003	219	468	1044
26	9342	798	782	526
27	10160	259	837	540
28	10439	738	796	568
29	11196	299	797	563
30	11555	139	619	342
31	11735	180	1160	793
32	11934	578	1174	765
33	12552	379	895	573
34	12971	279	797	543
35	13290	299	947	537
36	13629	259	820	559
37	13908	778	788	561
38	14725	199	882	340
39	14984	239	564	254
40	15263	179	369	245
41	15503	339	1059	254
42	15941	279	1019	892
43	16260	359	590	943
44	16739	139	779	1045
45	16938	339	465	718
46	17357	140	408	629
47	17536	259	365	439
48	17835	120	341	314
49	18055	120	364	147
50	18234	379	993	200
51	18653	538	1091	503
52	19251	299	680	454
53	19570	219	591	413
54	19829	179	405	459
55	20068	359	1102	800
56	20447	259	1228	893
57	20746	239	1154	1020
58	21025	179	583	1013
59	21265	239	1101	781
60	21524	479	1130	708
61	22062	179	855	596
62	22261	219	808	535
63	22501	1136	798	541
64	23677	419	813	588
65	24135	120	695	450
66	24335	359	381	525
67	24714	479	498	421
68	25312	798	790	483
69	26169	299	712	658
70	26528	299	799	605
71	26986	239	803	525
72	27265	239	452	582
73	27564	379	773	227
74	27983	279	1086	397
75	28442	100	918	830
76	28561	518	931	961
77	29140	399	545	858
78	29598	658	1051	535
79	30396	638	816	673
80	31054	1097	797	572
81	32329	239	934	233
82	32609	259	433	327
83	32908	319	359	669
84	33287	339	938	849
85	33685	379	552	996
86	34144	279	793	411
87	34463	399	705	298
88	34981	219	1082	377
89	35300	379	1106	675
90	35719	239	1197	971
91	36018	339	725	1004
92	36437	239	932	1027
93	36756	160	393	1037
94	37075	279	358	213
95	37394	219	914	206
96	37653	339	581	182
97	38131	199	1019	769
98	38450	319	1014	535
99	38849	379	1222	1003
100	39288	219	829	638
101	39527	498	803	591
102	40185	419	771	537
103	40882	538	779	567
104	41481	239	460	421
105	41780	498	753	245
106	42298	160	786	278
107	42497	159	896	265
108	42677	199	773	329
109	42916	319	952	685
110	43315	379	503	825
111	43733	120	498	722
112	43913	279	485	417
113	44232	279	1122	391
114	44551	199	1207	317
115	44790	379	1284	293
116	45229	120	1075	950
117	45368	219	1073	938
118	45627	259	1218	1036
119	45966	239	661	1027
120	46305	199	733	778
121	46545	120	591	675
122	46744	159	572	617
123	47023	239	831	999
124	47282	299	668	1034
125	47601	160	668	1022
126	47801	299	1095	842
127	48179	239	791	744
128	48598	299	620	314
129	48917	100	493	371
130	49076	299	314	209
131	49435	538	1078	336
132	50313	419	862	521
133	50751	778	796	508
134	51549	219	894	537
135	51788	299	803	575
136	52127	239	639	457
137	52426	199	910	306
138	52665	199	1170	335
139	52924	199	1074	865
140	53164	798	1090	777
141	54021	299	806	583
142	54340	379	800	556
143	54878	199	835	626
144	55098	837	794	596
145	55955	199	748	557
146	56194	359	1072	326
147	56752	299	484	293
148	57111	319	434	918
149	57490	259	1007	995
150	57789	399	932	908
151	58267	299	541	496
152	58606	439	552	354
153	59105	140	821	229
154	59284	299	452	178
155	59703	379	1091	276
156	60122	359	1087	609
157	60520	140	844	607
158	60680	159	841	598
159	60859	499	842	590
160	61477	279	1052	980
161	61816	199	512	999
162	62056	299	323	937
163	62414	259	491	454
164	62853	199	608	175
165	63092	339	978	163
166	63451	737	1085	148
167	64269	179	838	597
168	64468	957	796	567
169	65505	498	803	561
170	66043	199	876	380
171	66262	239	922	343
172	66561	359	435	270
173	66980	139	439	823
174	67159	140	437	813
175	67359	180	1030	899
176	67558	120	1029	904
177	67737	319	951	718
178	68116	219	1124	320
179	68395	219	1149	194
180	68675	359	486	148
181	69073	399	444	543
182	69512	259	569	798
183	69851	239	979	842
184	70270	299	917	562
185	70628	399	718	451
186	71087	339	1118	960
187	71605	339	1185	630
188	72064	638	812	555
189	72901	1196	793	574
190	74177	120	917	354
191	74317	199	880	311
192	74536	638	902	310
193	75214	159	975	373
194	75513	299	1336	1055
195	75852	139	1092	905
196	76071	698	802	569
197	76929	139	193	930
198	77128	159	602	535
199	77307	618	407	555
200	77965	219	804	562
201	78344	419	892	554
202	78783	658	789	562
203	79461	139	835	564
204	79720	299	795	557
205	80079	120	748	511
206	80258	359	864	208
207	80657	279	1247	458
208	80996	319	733	863
209	81355	199	586	706
210	81634	279	772	678
211	81933	379	819	681
212	82351	259	1095	985
213	82710	160	450	1006
214	82949	100	353	970
215	83129	399	420	159
216	83568	379	798	138
217	83986	299	1063	267
218	84345	199	1178	704
219	84604	578	1273	262
220	85242	259	1013	429
221	85541	259	793	612
222	85900	179	757	968
223	86139	339	912	628
224	86698	160	909	610
225	86877	558	804	579
226	87475	100	797	454
227	87615	259	1000	276
228	87914	199	521	320
229	88213	239	442	926
230	88512	299	866	940
231	88871	179	1077	677
232	89110	200	528	507
233	89349	179	464	433
234	89608	259	829	262
235	89927	179	459	181
236	90147	219	1164	226
237	90446	239	514	982
238	90725	259	503	780
239	91004	100	506	773
240	91144	1794	799	581
241	92958	239	846	557
242	93277	199	789	424
243	93516	299	1177	462
244	93855	259	1148	260
245	94174	319	437	169
246	94573	219	521	966
247	94832	259	620	877
248	95131	219	945	942
249	95410	120	1134	859
250	95609	239	629	574
251	95909	399	509	411
252	96347	399	761	551
253	96786	179	694	666
254	97105	379	665	645
255	97523	219	759	524
256	97783	339	979	987
257	98181	817	1059	1018
258	99019	658	1057	1022
259	99796	239	1215	554
260	100055	160	1046	450
261	100315	239	1074	298
262	100594	179	904	336
263	100833	399	343	443
264	101272	359	782	545
265	101910	159	1012	603
266	102129	558	1006	607
267	102727	100	764	617
268	102847	538	752	626
269	103425	179	1076	556
270	103684	139	1039	388
271	103883	179	746	280
272	104103	279	447	272
273	104402	120	378	331
274	104561	279	389	659
275	104880	219	384	974
276	105159	199	946	958
277	105438	179	837	931
278	105658	239	1107	868
279	106136	319	677	612
280	106475	279	723	558
281	106774	339	849	595
282	107173	259	819	652
283	107472	160	605	803
284	107791	379	573	176
285	108210	439	1121	177
286	108708	259	1209	434
287	109067	279	1230	831
288	109386	399	1007	1089
289	109844	160	571	1046
290	110124	279	425	857
291	110502	259	512	733
292	110801	279	379	586
293	111120	159	391	375
294	111300	180	398	298
295	111519	498	984	269
296	112057	180	844	525
297	112257	339	788	538
298	112616	897	925	640
299	113533	199	920	635
300	113772	219	798	624
301	114031	239	673	467
302	114310	299	706	370
303	114689	199	1054	347
304	114908	219	1033	285
305	115188	299	1148	742
306	115546	279	521	839
307	115865	359	523	641
308	116264	140	527	446
309	116463	339	493	193
310	116842	518	1121	182
311	117401	199	1021	473
312	117680	259	1238	750
313	117999	279	972	1026
314	118318	459	407	1032
315	118836	199	752	661
316	119055	1635	805	617
317	120710	319	780	606
318	121069	120	878	857
319	121228	478	909	958
320	121747	339	1064	783
321	122146	718	785	603
322	123023	359	819	563
323	123402	279	752	548
324	123721	199	366	745
325	123960	219	742	621
326	124219	239	928	379
327	124498	239	920	307
328	124757	1017	935	252
329	125854	279	792	654
330	126173	159	882	999
331	126352	239	877	993
332	126651	279	848	598
333	126970	1336	798	561
334	128505	319	802	593
335	128924	100	816	393
336	129084	239	956	238
337	129363	279	585	219
338	129682	159	439	380
339	129881	199	415	733
340	130160	219	651	736
341	130399	339	775	889
342	130778	239	1023	722
343	131037	179	1030	700
344	131297	279	1092	345
345	131636	478	693	360
346	132194	319	623	709
347	132533	100	775	704
348	132652	219	782	687
349	132931	279	1108	1014
350	133251	199	752	1039
351	133510	499	1131	792
352	134048	379	1143	1034
353	134487	279	721	1066
354	134846	199	399	991
355	135105	239	357	378
356	135364	180	341	206
357	135603	498	1124	233
358	136161	259	773	840
359	136480	259	739	680
360	136779	219	774	836
361	137039	359	703	687
362	137437	279	974	510
363	137776	339	1133	441
364	138175	558	392	989
365	138913	140	788	685
366	139232	498	798	634
367	139810	219	650	972
368	140049	180	765	718
369	140408	678	782	572
370	141126	120	1043	300
371	141365	120	524	677
372	141504	818	498	708
373	142362	1635	799	582
374	144016	419	830	600
375	144575	1635	519	393
376	146289	319	1019	543
377	146648	239	822	538
378	146947	458	789	569
379	147525	279	792	567
380	147864	100	625	403
381	148024	359	1089	261
382	148442	259	908	913
383	148741	339	1072	733
384	149140	379	595	969
385	149559	199	629	742
386	149798	359	455	1024
387	150316	159	429	265
388	150516	219	506	178
389	150775	578	966	179
390	151413	319	1222	484
391	151812	279	1198	748
392	152111	498	1152	934
393	152669	279	918	962
394	152988	180	588	858
395	153247	140	533	616
396	153467	279	517	453
397	153766	319	385	391
398	154124	319	336	234
399	154503	459	709	267
400	155321	259	945	265
401	155620	339	673	201
402	155998	359	1163	218
403	156417	199	1094	982
404	156676	120	471	1050
405	156816	100	471	1055
406	156936	159	471	1033
407	157434	1615	803	575
408	159089	279	857	593
409	159408	199	829	418
410	159647	140	1115	305
411	159846	180	681	523
412	160106	359	631	558
413	160564	259	1016	964
414	160863	279	581	1021
415	161222	160	476	308
416	161401	239	494	228
417	161661	200	356	215
418	161880	279	368	166
419	162219	399	1113	243
420	162677	279	1159	532
421	162996	279	1118	765
422	163355	140	1092	958
423	163535	219	558	985
424	163854	239	451	750
425	164133	239	539	606
426	164392	538	655	547
427	164970	638	800	559
428	165648	359	1072	872
429	166027	259	1068	879
430	166445	339	812	624
431	166804	299	816	587
432	167143	179	853	402
433	167363	159	991	274
434	167542	558	1027	273
435	168200	439	880	693
436	168658	100	878	684
437	168917	199	759	565
438	169297	877	793	555
439	170194	159	837	471
440	170393	100	890	316
441	170533	159	430	324
442	170712	997	381	376
443	171749	239	871	644
444	172008	618	802	619
445	172766	279	828	682
446	173065	419	799	634
447	173503	339	798	547
448	173902	239	609	420
449	174201	259	936	336
450	174520	319	980	743
451	174899	339	518	827
452	175337	140	1023	518
453	175497	399	1031	417
454	175955	439	753	734
455	176474	239	938	653
456	176753	239	1144	966
457	177192	239	759	1016
458	177490	199	399	1038
459	177750	239	1178	1021
460	178009	239	1213	911
461	178308	199	1118	276
462	178547	319	1001	239
463	178906	279	665	151
464	179265	279	1187	928
465	179564	259	1201	901
466	179923	120	485	268
467	180142	439	444	181
468	180621	658	1071	215
469	181318	219	872	407
470	181577	439	771	617
471	182036	180	803	664
472	182236	120	801	661
473	182435	518	798	567
474	182993	219	646	647
475	183252	160	605	483
476	183452	160	871	835
477	183631	140	931	876
478	183850	478	1002	296
479	184429	359	810	657
480	184867	797	785	583
481	185824	459	803	548
482	186402	778	625	263
483	187220	419	861	464
484	187658	179	868	606
485	187858	100	862	614
486	188057	299	1225	1180
487	188416	219	1212	782
488	188695	459	801	579
489	189194	339	929	307
490	189632	159	988	904
491	189911	319	946	737
492	190290	299	443	694
493	190669	219	582	607
494	190948	359	464	245
495	191347	359	940	355
496	191745	339	1216	308
497	192204	459	694	933
498	192722	279	461	932
499	193041	219	391	787
500	193320	219	479	499
501	193560	379	476	400
502	194038	299	792	578
503	194557	638	1253	1091
504	195254	239	822	1609
505	195593	120	890	885
506	195753	498	812	653
507	196291	179	687	448
508	196490	299	664	429
509	196829	239	1061	302
510	197148	359	980	890
511	197667	120	537	970
512	197846	419	856	220
513	198325	399	1214	473
514	198823	219	1104	950
515	199122	299	683	1004
516	199481	179	775	832
517	199720	140	387	812
518	199920	399	424	319
519	200358	498	616	488
520	200956	339	796	554
521	201475	299	898	525
522	201814	558	793	563
523	202472	279	934	832
524	202791	119	1034	1133
525	203010	219	763	488
526	203269	279	943	348
527	203608	219	855	712
528	203867	219	644	773
529	204146	160	1112	647
530	204326	897	1125	606
531	205422	1057	859	659
532	206519	359	761	675
533	206897	219	818	684
534	207137	199	875	598
535	207376	259	480	687
536	207655	239	488	620
537	207954	299	814	257
538	208293	219	536	205
539	208712	160	953	942
540	209031	159	1106	711
541	209210	558	1113	743
542	209808	359	802	628
543	210307	1575	798	596
544	211922	180	665	439
545	212161	279	823	253
546	212500	279	1136	584
547	213018	159	1119	663
548	213198	638	1145	633
549	213876	678	794	565
550	214573	578	845	575
551	215191	319	778	590
552	215670	239	743	620
553	215949	140	999	611
554	216208	259	1072	387
555	216527	120	611	227
556	216667	279	573	215
557	216966	159	475	228
558	217165	219	275	257
559	217424	239	657	901
560	217703	259	939	865
561	217982	179	1035	857
562	218222	199	1007	487
563	218541	219	1134	334
564	218840	259	976	237
565	219139	259	682	538
566	219438	279	384	503
567	219757	279	403	718
568	220076	239	791	996
569	220435	140	824	1002
570	220594	399	823	1014
571	221193	379	993	816
572	221611	259	1203	966
573	221950	219	1456	1140
574	222229	359	1579	1116
575	222668	199	836	713
576	222887	538	796	679
577	223465	199	839	396
578	223744	219	415	1029
579	224043	279	460	225
580	224382	159	787	247
581	224582	339	1113	402
582	224960	239	907	645
583	225239	259	658	703
584	225579	319	1097	908
585	225937	140	843	1066
586	226137	239	408	1034
587	226396	120	403	951
588	226595	239	455	339
589	226874	259	753	263
590	227194	259	1102	294
591	227492	279	854	605
592	227811	359	702	657
593	228210	279	549	704
594	228549	658	1161	688
595	229406	239	880	666
596	229666	1057	796	622
597	230742	239	813	619
598	231021	140	640	527
599	231201	339	629	267
600	231579	319	984	383
601	232018	140	1058	728
602	232217	359	627	933
603	232616	339	706	771
604	232975	239	701	665
605	233254	379	548	532
606	233713	259	1033	932
607	233992	120	1033	930
608	234171	179	796	555
609	234470	299	778	398
610	234809	160	636	388
611	235009	199	911	386
612	235268	179	762	184
613	235487	259	473	159
614	235806	199	1138	200
615	236085	299	587	972
616	236424	140	982	1054
617	236663	359	855	715
618	237062	259	506	586
619	237501	239	654	497
620	237760	618	777	534
621	238398	459	804	584
622	238976	439	789	573
623	239634	260	775	584
624	239913	219	793	501
625	240232	239	1061	319
626	240491	319	1160	267
627	240870	279	537	280
628	241209	259	600	751
629	241508	139	923	781
630	241807	259	1116	1037
631	242126	140	1066	794
632	242306	120	1021	663
633	242445	120	1019	657
634	242605	279	898	586
635	242943	279	454	921
636	243283	259	401	1062
637	243602	319	380	212
638	243940	339	633	162
639	244339	279	1128	260
640	244658	279	1193	706
641	244977	239	1197	1030
642	245296	160	717	649
643	245476	379	809	565
644	245994	239	523	417
645	246273	399	828	273
646	246771	538	699	962
647	247649	359	804	744
648	248047	259	1278	1127
649	248426	518	778	657
650	248964	259	844	681
651	249343	120	783	657
652	249503	199	739	512
653	249762	140	530	467
654	249961	319	436	874
655	250320	359	1006	929
656	250719	159	805	1035
657	250898	538	796	1073
658	251516	439	849	588
659	252075	638	791	581
660	252733	399	952	544
661	253171	478	785	597
662	253690	120	951	481
663	253889	239	866	1050
664	254208	299	1000	351
665	254567	219	543	310
666	254846	259	1072	793
667	255125	239	1007	741
668	255384	100	1011	717
669	255584	379	539	709
670	256022	379	419	1028
671	256461	279	419	214
672	256780	339	1000	217
673	257179	339	1198	666
674	257757	339	667	399
675	258155	179	1150	1023
676	258355	239	1152	1018
677	258674	439	695	508
678	259152	199	839	622
679	259372	359	843	613
680	259910	578	792	534
681	260508	339	863	512
682	260886	180	613	358
683	261106	259	464	183
684	261425	279	1102	230
685	261744	180	1136	588
686	261943	180	1137	488
687	262182	120	1125	1049
688	262342	299	606	1054
689	262861	259	386	404
690	263160	419	845	463
691	263618	179	874	819
692	263857	379	652	562
693	264316	259	420	347
694	264675	578	981	876
695	265532	219	815	604
696	265771	857	795	573
697	266649	538	788	589
698	267207	120	770	553
699	267386	259	570	221
700	267705	299	955	257
701	268064	279	1159	684
702	268383	159	1080	901
703	268582	239	455	953
704	268882	219	395	414
705	269161	239	780	348
706	269460	259	895	648
707	269739	339	680	699
708	270098	199	600	648
709	270317	219	521	641
710	270556	299	627	677
711	270915	160	753	1022
712	271114	379	1025	1060
713	271892	937	804	584
714	272849	737	796	593
715	273646	199	641	429
716	273886	140	679	296
717	274065	199	987	290
718	274304	279	1009	809
719	274663	179	598	886
720	274962	219	1132	889
721	275241	419	714	503
722	275700	239	854	407
723	276099	199	957	956
724	276378	120	1140	1084
725	276557	279	468	1045
726	276856	339	652	993
727	277275	319	407	303
728	277634	299	715	891
729	278033	219	967	343
730	278352	498	815	647
731	278930	558	979	226
732	279528	239	371	172
733	279947	1575	788	479
734	281561	279	854	514
735	281860	379	790	539
736	282259	159	689	442
737	282459	120	653	310
738	282618	379	875	219
739	283037	199	1152	379
740	283396	159	1044	932
741	283615	120	534	1005
742	283754	179	524	1001
743	283994	279	606	808
744	284512	180	383	387
745	284732	438	356	167
746	285250	259	981	198
747	285549	279	1058	399
748	285868	299	957	667
749	286187	319	1016	831
750	286566	180	922	1032
751	286845	100	924	1027
752	287004	399	1121	975
753	287463	180	470	986
754	287722	439	366	335
755	288220	419	929	271
756	288919	458	910	645
757	289397	259	823	615
758	289676	279	776	604
759	289975	299	811	595
760	290294	339	793	590
761	290792	359	792	581
762	291191	159	1078	796
763	291370	359	1063	830
764	291749	120	1058	841
765	292028	160	818	606
766	292208	399	804	562
767	292766	259	812	611
768	293045	1017	793	593
769	294102	299	1008	762
770	294460	180	423	998
771	294700	100	1050	1011
772	294979	239	981	772
773	295298	120	977	722
774	295497	239	788	250
775	295776	219	442	336
776	296056	279	655	184
777	296394	279	1141	230
778	296753	120	1072	1108
779	296893	140	1014	1058
780	297092	359	467	1064
781	297491	299	397	782
782	297850	219	399	611
783	298129	319	451	431
784	298488	259	865	579
785	298847	219	1038	490
786	299106	339	1052	315
787	299465	100	1009	265
788	299604	299	1104	382
789	299963	518	582	270
790	300601	259	746	855
791	300880	160	663	792
792	301100	498	1066	1022
793	301638	140	885	749
794	301857	1057	807	574
795	302954	379	955	653
796	303412	419	817	652
797	303851	180	709	564
798	304070	199	815	350
799	304309	538	515	234
800	304888	219	1099	492
801	305187	219	1044	1025
802	305486	179	837	874
803	305725	179	475	909
804	305944	259	470	917
805	306243	120	421	1052
806	306443	299	479	1079
807	306822	219	375	432
808	307141	259	317	198
809	307460	319	1053	223
810	307838	160	1152	536
811	308018	120	1151	531
812	308177	419	1122	876
813	308676	259	961	573
814	308975	279	952	530
815	309314	399	719	663
816	309772	339	693	928
817	310131	339	805	962
818	310510	379	833	746
819	310968	279	797	651
820	311307	1336	801	598
821	312663	100	793	609
822	312862	259	788	607
823	313201	140	1067	377
824	313361	758	1074	324
825	314238	159	832	712
826	314437	419	789	658
827	314916	339	1102	1210
828	315275	239	1102	1202
829	315594	239	751	1349
830	315893	359	791	516
831	316292	259	1043	401
832	316591	179	1198	297
833	316830	418	603	810
834	317288	319	970	923
835	317647	259	479	975
836	317946	140	449	836
837	318146	259	411	393
838	318444	339	564	419
839	319103	180	941	625
840	319302	140	961	698
841	319501	339	430	997
842	319860	120	577	988
843	320000	658	556	977
844	320857	359	1086	817
845	321455	180	707	640
846	321654	259	798	613
847	322053	758	784	573
848	322851	239	735	818
849	323210	160	984	359
850	323389	140	1004	245
851	323568	279	737	259
852	323868	439	735	318
853	324406	259	1100	331
854	324705	319	1118	878
855	325183	159	563	1088
856	325403	159	362	703
857	325582	239	351	605
858	325881	180	314	232
859	326160	299	1005	252
860	326479	419	1183	302
861	326978	439	451	959
862	327456	259	829	1028
863	327795	180	1022	997
864	328293	259	532	387
865	328593	159	735	341
866	328792	339	810	649
867	329151	100	807	644
868	329310	239	354	162
869	329629	279	1151	979
870	330048	439	415	1042
871	330546	259	809	596
872	330825	100	796	565
873	330945	459	792	559
874	331503	299	791	564
875	331862	658	784	578
876	332540	199	777	572
877	332779	199	817	400
878	333018	259	410	927
879	333338	199	979	978
880	333597	199	1021	624
881	333836	199	977	509
882	334075	339	1250	804
883	334434	179	1279	890
884	334693	279	724	503
885	335012	478	802	291
886	335531	339	1129	288
887	335929	379	826	724
888	336368	160	1037	849
889	336607	439	750	870
890	337086	120	773	1035
891	337265	339	1151	741
892	337744	279	1144	487
893	338063	379	464	464
894	338481	319	423	348
895	338840	299	394	172
896	339179	538	968	192
897	339757	359	1092	461
898	340156	160	875	408
899	340355	160	553	470
900	340615	239	631	980
901	340934	140	762	965
902	341113	359	971	1069
903	341592	159	465	1052
904	341811	339	558	673
905	342170	239	684	664
906	342449	279	842	685
907	342868	100	1064	629
908	343007	259	1103	449
909	343306	658	1100	330
910	344163	219	709	660
911	344423	279	789	601
912	344722	718	797	549
913	345459	419	834	543
914	345918	299	749	374
915	346237	139	740	326
916	346416	339	1125	274
917	346815	160	1124	897
918	346994	199	1145	753
919	347214	179	1149	685
920	347473	259	508	1008
921	347772	159	457	846
922	348011	259	585	579
923	348330	319	387	314
924	348669	299	442	266
925	349028	339	876	771
926	349387	319	902	926
927	349786	160	908	838
928	350085	459	797	387
929	350583	160	679	396
930	350822	219	736	487
931	351081	279	693	263
932	351381	139	670	222
933	351600	239	336	217
934	351919	758	1114	191
935	352736	459	1095	559
936	353255	558	792	605
937	353853	199	876	641
938	354212	259	749	631
939	354491	339	825	676
940	354889	279	1000	956
941	355248	239	461	983
942	355567	219	474	304
943	355826	259	814	335
944	356126	299	1081	557
945	356464	239	803	575
946	356744	199	494	511
947	357063	438	1085	247
948	357561	219	1145	676
949	357840	399	1083	1010
950	358398	179	506	1013
951	358717	120	468	903
952	358877	239	592	648
953	359156	319	677	529
954	359515	259	365	533
955	359874	379	832	611
956	360552	160	817	744
957	360811	259	834	1043
958	361090	100	850	1083
959	361249	359	396	1059
960	361788	219	357	212
961	362047	558	1008	233
962	362705	239	895	693
963	363004	758	962	1053
964	363821	718	929	745
965	364579	199	771	643
966	364818	219	707	476
967	365077	159	620	407
968	365277	259	926	342
969	365635	259	692	879
970	365954	279	825	970
971	366253	459	824	971
972	366752	419	832	692
973	367191	598	794	575
974	367809	279	791	577
975	368267	239	815	569
976	368526	319	814	563
977	368905	219	783	279
978	369164	140	625	217
979	369344	159	441	214
980	369563	379	959	856
981	369982	100	1167	991
982	370101	120	1168	991
983	370380	279	613	965
984	370719	259	568	589
985	371038	319	988	517
986	371397	159	1194	485
987	371597	199	1194	233
988	371856	199	630	164
989	372095	279	369	158
990	372414	399	895	169
991	372873	359	802	616
992	373311	219	1088	1031
993	373590	219	427	1063
994	373889	279	386	689
995	374228	139	873	795
996	374408	139	591	801
997	374567	100	590	810
998	374727	199	1082	790
999	374986	239	1109	511
1000	375285	239	1096	299
1001	375544	219	1033	227
1002	375823	219	1198	203
1003	376102	518	527	149
1004	376681	179	805	438
1005	376920	339	343	147
1006	377338	299	908	839
1007	377678	259	833	1048
1008	378216	199	742	947
1009	378575	598	498	675
1010	379272	119	805	597
1011	379412	1096	814	567
1012	380528	299	751	586
1013	380847	419	808	591
1014	381406	179	664	824
1015	381625	159	1104	949
1016	381804	319	1155	1000
1017	382203	219	1091	323
1018	382662	419	455	163
1019	383120	339	547	489
1020	383479	478	379	452
1021	384017	399	1015	439
1022	384436	299	1176	569
1023	384775	239	781	748
1024	385054	120	725	994
1025	385194	100	722	1008
1026	385373	140	436	1033
1027	385632	279	670	835
1028	385931	160	687	747
1029	386131	239	809	558
1030	386410	279	525	539
1031	386749	159	993	211
1032	386948	219	1188	210
1033	387267	319	1153	1035
1034	387686	120	346	1075
1035	387885	259	596	450
1036	388164	379	762	542
1037	388723	219	242	938
1038	389002	399	767	668
1039	389420	778	772	653
1040	390258	159	793	434
1041	390477	359	991	241
1042	390876	279	531	235
1043	391215	439	670	849
1044	391673	219	705	974
1045	391952	199	404	1000
1046	392211	159	500	509
1047	392411	279	512	396
1048	392730	399	1038	470
1049	393148	299	1089	491
1050	393507	299	1048	936
1051	393866	319	495	1016
1052	394305	299	512	295
1053	394664	479	996	275
1054	395361	498	536	350
1055	395900	199	450	239
1056	396199	239	755	805
1057	396478	219	749	812
1058	396797	538	806	655
1059	397435	419	863	539
1060	397893	1017	784	534
1061	398950	120	486	952
1062	399090	1376	437	982
1063	400525	259	1064	959
1064	400844	159	507	974
1065	401024	997	435	953
1066	402140	239	452	298
1067	402399	239	530	206
1068	402698	299	1038	239
1069	403037	339	968	588
1070	403456	459	1064	1017
1071	403954	100	1206	1047
1072	404134	339	467	982
1073	404493	159	494	919
1074	404672	299	493	913
1075	405031	279	926	693
1076	405370	339	376	600
1077	405749	179	497	571
1078	406008	199	1066	386
1079	406227	339	1144	273
1080	406606	180	1210	241
1081	406845	299	521	150
1082	407344	199	900	997
1083	407683	757	998	858
1084	408500	877	800	578
1085	409417	339	613	582
1086	409836	299	-10	766
1087	410194	359	789	545
1088	410593	359	1137	618
1089	410972	100	1126	684
1090	411092	1096	1159	656
1091	412248	419	776	575
1092	412866	1296	795	619
1093	414222	199	1040	372
1094	414481	279	626	513
1095	414800	1176	471	597
1096	416435	379	825	689
1097	416833	339	785	640
1098	417212	798	795	567
1099	418169	140	468	392
1100	418368	199	1026	646
1101	418588	120	976	670
1102	418767	120	827	610
1103	418947	160	481	406
1104	419126	538	395	383
1105	419704	738	797	522
1106	420462	419	758	601
1107	420901	997	795	582
1108	421937	239	552	639
1109	422256	179	990	663
1110	422456	219	1014	769
1111	422735	279	538	299
1112	423034	199	499	331
1113	423273	259	1004	340
1114	423572	159	813	299
1115	423792	299	1123	199
1116	424130	259	671	137
1117	424469	120	594	1017
1118	424629	180	592	1016
1119	424868	239	868	1024
1120	425147	239	839	714
1121	425426	459	497	674
1122	425945	239	319	278
1123	426224	159	333	158
1124	426463	219	1120	867
1125	426782	179	1128	706
1126	427001	140	915	669
1127	427201	359	925	232
1128	427580	279	789	221
1129	427898	658	1005	296
1130	428596	319	1216	251
1131	428955	319	1207	677
1132	429314	239	1151	1056
1133	429633	120	584	1026
1134	429932	319	615	603
1135	430311	119	598	444
1136	430470	319	613	340
1137	430829	299	855	430
1138	431148	259	754	296
1139	431586	200	862	528
1140	431806	299	804	534
1141	432304	817	804	576
1142	433281	199	789	540
1143	433521	179	566	416
1144	433720	140	575	374
1145	433880	259	615	292
1146	434199	259	784	967
1147	434478	259	793	853
1148	434797	179	1092	759
1149	435056	259	702	726
1150	435335	100	742	693
1151	435474	379	1128	772
1152	435913	359	838	505
1153	436312	359	540	283
1154	436711	120	622	556
1155	436990	299	740	607
1156	437309	179	764	645
1157	437528	578	341	930
1158	438206	259	719	201
1159	438565	119	1063	243
1160	438704	199	1045	277
1161	438983	199	1123	1017
1162	439203	100	1120	1011
1163	439322	140	1110	1041
1164	439522	518	730	1066
1165	440120	259	781	433
1166	440459	219	522	280
1167	440738	239	420	340
1168	441037	219	326	461
1169	441316	458	1054	311
1170	441794	439	1160	314
1171	442333	180	841	1012
1172	442612	778	1226	1209
1173	443569	120	796	649
1174	443728	518	777	608
1175	444287	259	619	534
1176	444586	279	431	936
1177	444905	259	806	980
1178	445224	219	1062	977
1179	445463	160	1008	843
1180	445662	259	900	513
1181	445961	180	859	333
1182	446260	259	471	389
1183	446559	279	426	221
1184	446878	319	1095	289
1185	447217	219	994	290
1186	447576	199	599	566
1187	447855	339	482	683
1188	448254	259	961	760
1189	448533	199	977	745
1190	448772	120	928	794
1191	448932	279	533	972
1192	449390	359	1001	1058
1193	449989	319	963	416
1194	450347	279	602	373
1195	450686	160	343	341
1196	450866	219	377	265
1197	451125	239	846	266
1198	451444	239	1138	236
1199	451882	100	616	689
1200	452042	319	844	695
1201	452401	299	967	486
1202	452740	359	1068	575
1203	453139	977	794	580
1204	454155	339	673	582
1205	454634	518	728	515
1206	455192	159	869	899
1207	455412	538	932	1025
1208	456010	219	851	595
1209	456348	1416	781	582
1210	457784	219	727	594
1211	458063	279	899	940
1212	458402	159	1057	677
1213	458581	100	1062	676
1214	458761	259	780	224
1215	459060	339	434	197
1216	459459	199	1081	301
1217	459738	239	1084	540
1218	460057	239	626	912
1219	460336	140	474	1048
1220	460515	259	989	1074
1221	460834	159	400	895
1222	461034	160	403	729
1223	461233	239	428	600
1224	461492	239	539	527
1225	461771	299	834	735
1226	462210	279	1195	265
1227	462549	399	394	194
1228	463007	459	412	716
1229	463526	319	784	634
1230	463925	140	799	607
1231	464224	817	802	512
1232	465081	458	877	537
1233	465579	100	970	434
1234	465719	140	1102	270
1235	465878	179	1152	262
1236	466138	219	704	1003
1237	466397	259	1056	996
1238	466875	179	619	558
1239	467154	159	473	253
1240	467354	120	561	416
1241	467513	359	426	160
1242	467892	319	756	206
1243	468231	319	617	218
1244	468610	219	1086	387
1245	468929	279	1152	647
1246	469248	259	1205	820
1247	469567	199	831	1080
1248	469806	179	385	1042
1249	470045	179	367	670
1250	470264	199	373	524
1251	470524	219	608	547
1252	470763	160	643	549
1253	470962	379	969	722
1254	471381	498	794	758
1255	471899	140	810	667
1256	472059	140	810	637
1257	472438	359	799	609
1258	472836	698	790	547
1259	473574	279	894	535
1260	473893	279	698	503
1261	474212	299	989	816
1262	474611	279	530	969
1263	474970	259	479	242
1264	475269	299	894	259
1265	475588	299	1055	348
1266	475946	299	594	317
1267	476285	379	538	530
1268	476704	439	916	601
1269	477183	339	439	702
1270	477581	319	589	927
1271	477960	299	995	1040
1272	478279	219	1073	948
1273	478538	478	605	993
1274	479077	140	903	1058
1275	479535	319	1113	248
1276	479894	239	1229	225
1277	480193	419	477	170
1278	480652	239	561	361
1279	481010	319	522	475
1280	481369	339	782	731
1281	481768	279	977	1001
1282	482067	179	1117	1082
1283	482326	458	434	1077
1284	482845	199	761	677
1285	483064	558	792	595
1286	483642	738	788	601
1287	484460	239	631	634
1288	484798	199	731	628
1289	485058	179	969	928
1290	485277	140	1017	1067
1291	485496	439	1014	314
1292	486593	299	653	493
1293	486912	199	486	403
1294	487151	219	511	258
1295	487411	140	1017	723
1296	487630	119	1014	718
1297	487789	299	655	1009
1298	488128	239	497	849
1299	488407	239	526	677
1300	488706	239	1090	982
1301	489005	219	812	274
1302	489264	199	624	185
1303	489524	339	336	169
1304	490002	478	1023	251
1305	490540	359	1156	698
1306	490939	239	1033	1006
1307	491238	259	496	974
1308	491597	140	498	699
1309	491777	339	709	441
1310	492275	239	869	279
1311	492554	140	1128	485
1312	492753	219	475	470
1313	493032	658	1016	221
1314	494030	558	800	530
1315	494608	120	798	522
1316	494767	439	710	537
1317	495226	458	792	533
1318	495704	159	845	452
1319	495903	219	984	199
1320	496182	259	979	818
1321	496502	199	574	1002
1322	496821	259	497	615
1323	497120	159	609	522
1324	497319	339	969	561
1325	497698	279	1145	640
1326	498037	319	704	920
1327	498376	180	560	889
1328	498655	299	952	1003
1329	499014	279	380	1013
1330	499313	140	380	946
1331	499532	259	364	394
1332	499911	219	337	228
1333	500170	459	869	497
1334	500688	159	917	363
1335	501007	299	909	184
1336	501366	399	1179	818
1337	501825	160	1022	1075
1338	502024	259	483	1067
1339	502323	180	503	798
1340	502582	379	702	540
1341	502981	419	836	541
1342	503420	179	739	558
1343	503679	499	145	626
1344	504237	1017	784	576
1345	505333	558	554	918
1346	505932	179	767	719
1347	506131	239	783	624
1348	506510	259	757	584
1349	506828	538	146	951
1350	507666	179	775	622
1351	507925	379	808	602
1352	508424	120	1122	854
1353	508563	519	1170	847
1354	509122	159	1048	730
1355	509321	279	809	604
1356	509700	758	788	592
1357	510477	738	787	602
1358	511235	159	932	787
1359	511434	120	1099	465
1360	511594	319	1015	377
1361	511972	239	395	748
1362	512272	179	841	543
1363	512531	1655	838	513
1364	514225	159	1033	700
1365	514405	259	1069	720
1366	514684	2093	1067	694
1367	516837	239	982	470
1368	517136	140	538	418
1369	517336	319	825	222
1370	517714	339	487	848
1371	518113	219	1004	1028
1372	518452	120	816	661
1373	518831	159	357	176
1374	519050	279	1077	249
1375	519389	299	619	419
1376	519748	359	960	550
1377	520127	140	933	677
1378	520486	299	583	669
1379	520844	219	939	987
1380	521084	100	938	981
1381	521203	299	774	977
1382	521542	239	1145	1014
1383	521821	259	1205	650
1384	522100	179	1229	484
1385	522380	279	378	475
1386	522679	1396	362	536
1387	524334	239	618	746
1388	524652	219	608	743
1389	524932	239	904	721
1390	525191	259	904	718
1391	525470	319	903	720
1392	525849	359	700	495
1393	526327	159	1173	927
1394	526527	299	1241	718
1395	526885	259	1185	301
1396	527204	339	616	201
1397	527623	199	601	273
1398	527882	1595	323	553
1399	529676	259	571	616
1400	529976	359	733	577
1401	530354	419	815	581
1402	530833	219	507	561
1403	531092	179	382	438
1404	531311	199	351	227
1405	531570	299	902	731
1406	531909	618	432	875
1407	532607	179	1052	1005
1408	532807	279	1054	1001
1409	533165	359	664	981
1410	533584	379	942	510
1411	534003	180	1082	629
1412	534262	159	476	473
1413	534461	399	440	390
1414	534920	379	646	207
1415	535359	259	351	191
1416	535698	478	1052	214
1417	536216	558	1143	408
1418	536814	498	1161	573
1419	537352	438	1208	887
1420	537831	159	1173	1040
1421	538010	120	1176	1032
1422	538190	299	762	1037
1423	538548	199	411	1038
1424	538848	160	346	910
1425	539067	100	339	696
1426	539206	419	345	602
1427	539645	259	441	564
1428	539964	299	894	676
1429	540283	339	912	640
1430	540722	160	915	638
1431	540921	459	739	920
1432	541399	279	783	891
1433	541718	818	501	896
1434	542576	239	756	463
1435	542835	179	754	370
1436	543054	239	465	386
1437	543333	199	468	425
1438	543553	239	435	357
1439	543832	319	770	365
1440	544230	259	1062	303
1441	544530	678	700	287
1442	545247	1276	798	529
1443	546543	279	743	568
1444	546842	359	804	581
1445	547241	140	704	522
1446	547460	120	1072	678
1447	547640	758	1120	714
1448	548457	180	823	617
1449	548656	518	793	589
1450	549255	319	1012	709
1451	549613	160	852	658
1452	549873	419	790	621
1453	550331	319	1078	853
1454	550770	219	493	695
1455	551149	100	525	964
1456	551288	359	456	1017
1457	551807	120	564	646
1458	552086	199	865	373
1459	552325	259	993	301
1460	552624	279	751	433
1461	552963	259	368	301
1462	553262	199	384	177
1463	553541	359	1180	252
1464	553980	339	1161	641
1465	554339	199	1127	722
1466	554578	518	1046	426
1467	555116	339	1248	606
1468	555495	319	775	574
1469	555854	399	474	553
1470	556312	279	1099	1067
1471	556631	279	1115	932
1472	557070	179	1038	811
1473	557289	419	1259	903
1474	557867	299	547	1026
1475	558206	179	604	867
1476	558426	159	681	707
1477	558605	259	751	544
1478	558904	199	957	433
1479	559163	199	1164	251
1480	559482	140	432	938
1481	559642	319	430	952
1482	560021	179	768	668
1483	560240	837	810	554
1484	561097	160	802	550
1485	561476	299	755	583
1486	561795	299	757	577
1487	562134	100	750	440
1488	562273	179	1059	307
1489	562493	339	505	286
1490	562891	239	852	176
1491	563210	199	1130	238
1492	563470	259	863	919
1493	563808	259	606	926
1494	564108	159	730	1067
1495	564387	219	1078	1072
1496	564666	399	902	694
1497	565104	558	473	592
1498	565723	299	623	798
1499	566101	199	587	350
1500	566380	239	523	254
1501	566640	299	353	217
1502	566998	419	1169	296
1503	567457	339	1224	698
1504	567836	299	1162	1051
1505	568155	159	1020	1044
1506	568374	319	378	1051
1507	568733	180	378	883
1508	568952	498	388	626
1509	569510	419	705	855
1510	569989	279	1047	1062
1511	570368	419	367	497
1512	570826	279	328	358
1513	571185	359	949	328
1514	571584	538	1167	459
1515	572162	379	787	548
1516	572601	339	597	690
1517	572960	877	750	684
1518	573857	259	804	623
1519	574156	159	636	463
1520	574355	837	1074	506
1521	575531	279	1288	1193
1522	575830	219	1327	1215
1523	576190	179	1086	623
1524	576429	219	823	581
1525	576668	578	792	579
1526	577306	219	1094	299
1527	577585	159	652	263
1528	577784	140	402	364
1529	577984	239	400	856
1530	578442	279	634	555
1531	578761	319	1034	780
1532	579120	399	578	997
1533	579559	518	1025	1017
1534	580137	319	472	1038
1535	580536	419	438	285
1536	580994	199	858	443
1537	581253	299	727	199
1538	581592	199	1159	292
1539	581851	518	1038	1055
1540	582430	160	946	698
1541	582609	1555	798	573
1542	584204	180	872	660
1543	584523	160	944	473
1544	584842	199	973	243
1545	585161	299	482	763
1546	585500	199	624	737
1547	585739	299	972	650
1548	586098	239	561	422
1549	586437	219	372	267
1550	586716	299	982	984
1551	587055	299	680	1047
1552	587514	260	328	969
1553	587873	279	1088	608
1554	588311	120	845	413
1555	588470	319	376	307
1556	588829	638	658	257
1557	589646	359	1121	758
1558	590045	359	1273	936
1559	590604	199	742	604
1560	590823	618	785	579
1561	591481	140	697	456
1562	591680	239	480	340
1563	592000	279	390	171
1564	592318	379	917	228
1565	592737	359	1112	466
1566	593196	239	1103	917
1567	593874	140	731	1071
1568	594053	439	814	1055
1569	594531	159	814	1037
1570	594711	239	923	918
1571	595169	698	1022	811
1572	595907	140	827	797
1573	596067	359	825	796
1574	596465	399	726	789
1575	596944	219	1049	926
1576	597223	160	1079	628
1577	597522	239	519	599
1578	597821	279	523	234
1579	598140	439	861	219
1580	598618	199	937	198
1581	598878	219	586	208
1582	599137	538	750	461
1583	599735	140	788	358
1584	599914	319	401	406
1585	600273	319	422	617
1586	600652	558	412	895
1587	601250	219	536	1020
1588	601529	319	1087	1045
1589	601968	120	1160	1067
1590	602147	359	1199	707
1591	602546	299	1182	583
1592	602885	479	1199	455
1593	603483	439	622	614
1594	603962	299	878	678
1595	604360	798	459	1027
1596	605198	359	916	1067
1597	605597	279	1147	1058
1598	605935	698	794	646
1599	606813	438	778	611
1600	607371	438	464	745
1601	607849	299	752	645
1602	608188	259	529	369
1603	608467	738	516	402
1604	609245	479	816	554
1605	609763	279	1025	710
1606	610082	698	815	650
1607	610800	379	766	613
1608	611258	199	335	1000
1609	612514	259	908	473
1610	612813	279	868	296
1611	613112	299	992	248
1612	613511	299	1071	816
1613	613830	140	1056	874
1614	614029	259	464	990
1615	614329	160	416	762
1616	614528	259	404	523
1617	614827	379	417	440
1618	615246	359	799	626
1619	615644	219	1017	600
1620	615884	299	1169	664
1621	616242	339	603	903
1622	616761	259	910	966
1623	617120	239	797	1008
1624	617399	379	390	1030
1625	617858	219	380	285
1626	618097	219	344	225
1627	618376	239	1092	247
1628	618655	160	1213	232
1629	618934	359	339	269
1630	619353	199	1065	239
1631	619791	199	1004	291
1632	620070	239	1011	1090
1633	620389	518	525	1053
1634	620968	299	751	655
1635	621287	1834	766	605
1636	623141	120	777	595
1637	623320	219	1001	314
1638	623579	279	623	267
1639	623918	279	397	909
1640	624237	140	576	814
1641	624417	299	1045	857
1642	624815	239	883	833
1643	625134	199	704	573
1644	625354	399	949	591
1645	625812	179	781	262
1646	626032	339	409	186
1647	626430	379	1038	416
1648	626869	319	1036	1027
1649	627288	199	491	1095
1650	627547	339	371	861
1651	627926	239	380	703
1652	628285	140	736	914
1653	628504	219	780	717
1654	628803	259	1106	332
1655	629082	139	1217	264
1656	629301	199	387	338
1657	629560	219	348	845
1658	629820	698	439	707
1659	630557	458	790	592
1660	631155	159	829	555
1661	631375	857	810	550
1662	632272	399	909	616
1663	632710	140	1201	667
1664	632870	438	1231	674
1665	633388	518	781	553
1666	633927	1415	775	559
1667	635382	139	1079	783
1668	635542	379	1017	890
1669	635980	259	1162	316
1670	636299	199	530	285
1671	636558	259	1150	500
1672	636877	199	462	495
1673	637136	319	393	187
1674	637495	239	653	292
1675	637814	459	481	954
1676	638333	259	396	607
1677	638652	299	1025	1002
1678	639030	199	1119	548
1679	639270	339	1136	395
1680	639628	160	1079	440
1681	639848	319	448	470
1682	640187	319	365	523
1683	640546	219	314	730
1684	640805	279	799	813
1685	641124	119	821	737
1686	641383	219	1111	903
1687	641622	159	1110	905
1688	641881	160	1003	267
1689	642081	160	982	213
1690	642300	179	725	125
1691	642559	379	398	147
1692	642978	259	772	531
1693	643277	239	866	621
1694	643736	618	779	596
1695	644433	738	843	599
1696	645211	160	1123	660
1697	645410	219	734	385
1698	645670	140	650	360
1699	645869	259	906	926
1700	646188	179	583	860
1701	646407	439	356	818
1702	646906	140	591	626
1703	647085	279	1158	635
1704	647444	259	890	555
1705	647743	399	691	622
1706	648182	239	983	688
1707	648481	299	1110	311
1708	648840	239	603	217
1709	649118	179	401	191
1710	649358	379	1053	988
1711	649797	259	544	1019
1712	650096	259	447	713
1713	650414	120	953	611
1714	650554	140	957	599
1715	650734	359	552	552
1716	651312	219	393	146
1717	651591	498	1073	237
1718	652308	498	1170	750
1719	652846	878	782	610
1720	653844	239	475	653
1721	654123	159	741	609
1722	654342	259	712	282
1723	654641	299	993	579
1724	654960	239	1012	467
1725	655259	199	1155	364
1726	655518	339	356	322
1727	655917	319	460	729
1728	656276	160	499	960
1729	656515	339	970	1007
1730	656894	219	875	871
1731	657153	399	830	666
1732	657592	120	1139	678
1733	657771	279	1189	323
1734	658210	219	724	654
1735	658509	199	926	771
1736	658768	319	479	720
1737	659107	219	451	614
1738	659366	199	461	330
1739	659605	219	467	190
1740	659885	299	1106	217
1741	660243	219	1276	620
1742	660503	319	1185	918
1743	660901	279	521	1074
1744	661240	139	519	646
1745	661440	339	823	433
1746	661798	140	904	463
1747	662018	658	573	402
1748	662716	459	821	303
1749	663234	159	861	543
1750	663553	777	803	597
1751	664350	439	888	591
1752	664809	319	792	611
1753	665168	100	1064	747
1754	665287	538	1098	724
1755	665866	399	889	657
1756	666304	1296	742	564
1757	667720	419	945	700
1758	668198	120	904	1030
1759	668537	239	425	992
1760	668836	239	386	239
1761	669115	299	991	245
1762	669454	279	1045	540
1763	669773	279	1170	822
1764	670132	199	730	849
1765	670391	199	610	592
1766	670611	279	634	445
1767	670930	299	998	446
1768	671308	279	928	962
1769	671628	419	1142	992
1770	672226	259	1011	628
1771	672704	339	866	548
1772	673083	1077	719	567
1773	674199	179	915	850
1774	674398	180	692	1001
1775	674598	498	667	1020
1776	675136	120	828	823
1777	675336	458	801	586
1778	675854	498	1323	1145
1779	676432	778	799	641
1780	677250	139	739	551
1781	677409	140	733	501
1782	677589	239	910	215
1783	677868	199	389	194
1784	678187	179	588	800
1785	678406	319	1058	982
1786	678785	239	986	587
1787	679064	259	934	455
1788	679383	359	482	948
1789	679822	239	426	467
1790	680101	319	529	361
1791	680499	379	975	1001
1792	680938	359	1074	561
1793	681317	498	1072	540
1794	681855	478	782	541
1795	682353	1057	804	576
1796	683470	100	561	462
1797	683610	419	508	432
1798	684088	459	1003	539
1799	684586	399	1229	615
1800	685045	718	789	608
1801	685783	179	823	612
1802	686062	239	782	606
1803	686381	319	775	472
1804	686760	199	415	195
1805	687019	239	1002	232
1806	687318	219	1062	977
1807	687597	219	464	1024
1808	687856	239	422	662
1809	688135	239	1122	692
1810	688414	179	1000	513
1811	688634	379	766	477
1812	689032	498	799	411
1813	689630	1515	825	597
1814	691166	718	749	596
1815	692043	279	457	422
1816	692402	259	935	908
1817	692701	219	675	858
1818	693080	159	1032	423
1819	693319	259	797	432
1820	693618	339	891	217
1821	694037	319	934	951
1822	694395	279	474	1017
1823	694714	219	457	585
1824	694994	319	714	471
1825	695332	159	667	428
1826	695552	219	870	239
1827	695831	279	1046	778
1828	696190	239	967	1033
1829	696489	219	469	1031
1830	696748	199	467	749
1831	697027	199	603	490
1832	697326	399	740	480
1833	697745	678	789	570
1834	698442	279	796	605
1835	698861	1057	796	605
1836	699998	179	1026	884
1837	700277	179	476	928
1838	700516	179	467	469
1839	700715	259	533	375
1840	701014	339	895	341
1841	701373	379	1091	329
1842	701772	299	1192	385
1843	702151	299	514	758
1844	702490	419	1095	1020
1845	702968	239	443	1050
1846	703307	379	421	161
1847	703746	399	854	525
1848	704184	279	655	807
