Data properties:
 
Recording date: 28/05/2007
Recording time : 10:57:49:765 (corresponds to time 0)
Study: Alasdair
Subject: JF
Recording: jf2
Screen resolution: 1600 x 1200
Coordinate unit: Pixels
 
 
Filter settings:
 
Eye: Average
Validity level: Normal
Fixation radius: 30
Min duration: 100
 
Fix number	Timestamp	Duration	GazepointX	GazepointY
 
1	78	399	856	574
2	497	1495	790	603
3	2072	160	793	592
4	2251	179	788	591
5	2530	120	790	585
6	2750	219	781	590
7	3109	359	958	383
8	3507	219	1155	685
9	3866	180	734	879
10	4165	219	420	945
11	4405	239	431	857
12	4704	179	969	1062
13	5023	160	879	802
14	5242	259	523	356
15	5621	199	1113	1004
16	5960	259	764	407
17	6259	139	800	347
18	6418	219	786	264
19	6677	219	458	338
20	6956	638	1040	669
21	7734	339	788	601
22	8093	698	811	582
23	8811	538	806	573
24	9468	159	808	579
25	9668	259	390	941
26	9987	140	1084	843
27	10186	120	1173	655
28	10326	738	1248	687
29	11143	439	801	548
30	11642	100	853	1015
31	11901	219	799	638
32	12160	957	807	554
33	13137	199	802	551
34	13496	259	342	536
35	13815	259	1066	840
36	14134	299	547	980
37	14473	179	351	993
38	14732	239	465	169
39	15170	160	365	149
40	15529	359	1093	302
41	15988	299	691	271
42	16327	339	1061	541
43	16725	279	1131	862
44	17044	259	1118	1036
45	17363	339	559	1063
46	17802	199	646	751
47	18041	259	787	616
48	18480	1017	789	556
49	19517	857	705	663
50	20434	299	1006	871
51	20793	100	468	1017
52	21052	239	1004	1019
53	21371	239	609	213
54	21630	139	514	225
55	21809	239	756	221
56	22089	259	1085	385
57	22388	199	1096	635
58	22667	319	484	658
59	23025	279	453	939
60	23345	239	830	1063
61	23624	179	1135	1087
62	23863	179	1032	603
63	24082	199	1006	396
64	24321	259	964	226
65	24660	339	408	1041
66	25039	279	498	898
67	25358	498	804	609
68	25916	339	780	561
69	26335	319	845	531
70	26674	837	796	528
71	27551	219	962	921
72	27810	100	652	929
73	27930	359	649	915
74	28329	140	643	919
75	28528	160	797	654
76	28708	538	792	563
77	29326	179	1487	746
78	29605	140	824	608
79	29824	1017	803	557
80	30901	239	1067	290
81	31260	299	462	216
82	31598	219	436	701
83	31858	259	594	983
84	32176	259	1053	987
85	32476	120	1034	802
86	32735	160	1024	483
87	32974	259	525	435
88	33293	439	408	187
89	33792	259	1187	188
90	34110	558	1118	948
91	34769	120	868	607
92	34988	139	799	557
93	35307	1396	796	538
94	36722	319	680	641
95	37081	239	343	778
96	37360	279	900	952
97	37659	259	785	835
98	38038	518	931	414
99	38616	319	483	193
100	38975	279	808	171
101	39334	239	1035	987
102	39673	180	1214	736
103	39912	259	1161	1044
104	40231	199	573	834
105	40470	199	636	550
106	40690	159	699	440
107	40869	279	890	542
108	41208	498	1180	301
109	41806	219	766	578
110	42045	1116	792	564
111	43182	259	841	548
112	43501	419	777	563
113	43979	179	487	346
114	44179	538	451	319
115	44777	319	947	438
116	45176	1236	793	581
117	46451	499	818	386
118	46990	120	438	437
119	47129	558	398	443
120	47747	219	900	498
121	47987	977	810	519
122	48983	718	774	519
123	49761	120	443	511
124	49920	239	387	204
125	50200	299	997	249
126	50538	219	748	259
127	50798	299	1192	406
128	51296	120	1061	627
129	51456	319	694	629
130	51794	399	705	861
131	52233	199	576	981
132	52512	459	1022	1017
133	53031	179	1179	568
134	53270	279	1157	340
135	53609	179	1077	221
136	53808	459	1176	262
137	54327	379	759	89
138	54805	259	393	217
139	55104	399	518	429
140	55523	259	649	406
141	55822	199	480	724
142	56041	259	408	665
143	56360	498	900	820
144	56898	279	1102	963
145	57357	199	442	1022
146	57616	259	1016	1052
147	57955	319	676	538
148	58294	100	792	561
149	58713	638	803	473
150	59370	937	798	473
151	60407	239	612	297
152	60686	160	513	773
153	60866	399	489	804
154	61324	299	946	704
155	61683	1037	795	555
156	62859	598	771	574
157	63517	219	1118	474
158	63797	259	547	910
159	64096	239	1000	802
160	64494	179	589	293
161	64694	199	571	207
162	64953	319	1015	227
163	65332	359	891	679
164	65730	459	677	882
165	66209	160	860	864
166	66408	319	1025	895
167	66747	179	1037	859
168	66986	199	774	574
169	67246	159	487	346
170	67445	379	422	156
171	67884	219	1055	212
172	68183	339	1037	1019
173	68581	199	841	707
174	68821	339	794	638
175	69179	1655	788	574
176	70874	199	584	682
177	71153	219	549	196
178	71432	279	941	235
179	71751	279	1137	505
180	72090	319	803	675
181	72489	199	950	976
182	72748	179	518	1029
183	73047	199	636	710
184	73446	239	386	380
185	73745	199	431	165
186	74044	199	1120	228
187	74343	618	1013	880
188	75001	140	1114	692
189	75260	319	1068	280
190	75619	179	763	312
191	75898	219	556	879
192	76217	259	1107	1002
193	76656	399	633	230
194	77114	279	398	725
195	77433	219	549	589
196	77752	259	773	559
197	78211	339	948	550
198	78590	259	825	535
199	78869	120	786	554
200	79028	917	781	552
201	79985	199	684	370
202	80225	140	508	313
203	80404	159	598	180
204	80643	279	1002	228
205	81022	259	1001	487
206	81321	179	989	744
207	81560	419	637	902
208	82019	239	973	1023
209	82318	179	444	1026
210	82597	319	407	537
211	82956	399	826	538
212	83414	399	716	356
213	83893	279	827	852
214	84212	259	672	926
215	84511	399	515	749
216	84970	239	493	520
217	85249	139	371	465
218	85428	419	372	211
219	85887	319	1129	193
220	86265	299	1211	574
221	86624	279	1187	930
222	86943	479	1172	762
223	87482	2193	794	567
224	89734	180	608	233
225	89974	239	410	784
226	90233	159	395	955
227	90452	279	991	994
228	90791	120	1074	686
229	91050	239	809	398
230	91329	120	665	358
231	91509	498	479	178
232	92087	119	628	157
233	92266	319	1083	214
234	92625	339	1170	362
235	93024	259	869	355
236	93323	558	490	400
237	93941	459	973	594
238	94460	419	530	631
239	94918	279	1063	803
240	95217	179	1062	798
241	95476	379	625	829
242	95955	279	415	988
243	96274	219	737	1053
244	96553	359	1088	1042
245	96992	518	999	452
246	97689	917	799	535
247	98626	180	783	600
248	98826	120	779	594
249	98965	239	819	541
250	99304	219	814	536
251	99583	239	592	302
252	99862	239	1061	307
253	100161	259	819	860
254	100500	359	445	893
255	100899	399	364	913
256	101358	139	824	1043
257	101517	120	828	1037
258	101697	239	1041	636
259	102115	219	1285	498
260	102394	379	1022	266
261	102813	259	801	161
262	103132	259	388	196
263	103451	259	429	651
264	103770	199	770	645
265	104009	180	821	389
266	104249	319	782	286
267	104627	339	874	708
268	105006	279	730	983
269	105305	558	704	1000
270	105923	120	835	798
271	106123	638	829	641
272	106781	797	785	664
273	107797	159	382	1075
274	107977	160	395	1051
275	108396	279	817	850
276	108754	239	949	329
277	109053	159	1001	280
278	109313	160	1249	265
279	109532	359	475	212
280	109931	259	741	465
281	110230	339	401	476
282	110588	359	559	443
283	110987	399	860	630
284	111426	179	1095	692
285	111665	279	1041	573
286	111964	538	1045	538
287	112562	239	1096	1021
288	112881	299	1123	966
289	113220	199	809	1008
290	113579	160	563	890
291	113778	319	515	704
292	114137	140	504	606
293	114297	279	688	583
294	114616	219	343	535
295	114895	160	394	164
296	115114	219	811	102
297	115374	279	1189	183
298	115712	1216	821	445
299	116968	179	761	601
300	117208	538	797	581
301	117905	658	1258	570
302	118623	339	774	557
303	118982	159	817	564
304	119320	499	791	568
305	119839	240	792	548
306	120099	359	788	564
307	120477	219	784	554
308	120756	379	802	219
309	121155	199	836	148
310	121394	159	634	162
311	121594	877	403	244
312	122511	199	416	548
313	122969	638	407	255
314	123667	339	1094	472
315	124066	299	1050	935
316	124465	179	642	1017
317	124664	439	639	1008
318	125142	120	369	987
319	125322	379	385	652
320	125761	259	618	472
321	126100	199	945	304
322	126319	339	1042	248
323	126678	299	1243	307
324	127036	279	1143	812
325	127395	379	845	707
326	127814	339	1134	1042
327	128173	259	987	1076
328	128472	120	1211	1051
329	128671	139	488	486
330	128871	459	401	181
331	129389	478	906	259
332	129947	558	808	637
333	130525	159	773	579
334	130705	140	772	578
335	131104	160	805	551
336	131283	698	796	558
337	132021	200	1045	733
338	132300	279	1007	301
339	132738	199	523	637
340	132958	259	549	529
341	133277	419	586	198
342	133795	159	491	160
343	134014	339	834	305
344	134413	279	1008	938
345	134752	379	487	1002
346	135171	299	928	1035
347	135569	120	697	637
348	135749	359	658	545
349	136168	239	387	567
350	136447	479	366	265
351	136985	518	1042	262
352	137543	259	1015	524
353	137842	239	713	696
354	138121	279	868	641
355	138440	399	639	561
356	138879	339	382	514
357	139338	199	908	1021
358	139577	439	1158	1059
359	140055	100	890	1014
360	140175	279	888	1001
361	140554	120	365	1015
362	140693	140	370	1018
363	140952	239	1008	226
364	141212	179	1046	222
365	141451	359	435	143
366	141869	479	911	660
367	142428	140	782	591
368	142767	578	798	549
369	143385	239	753	635
370	143644	299	806	596
371	144043	518	790	578
372	144601	299	776	457
373	144960	319	709	158
374	145319	199	973	199
375	145598	199	1152	211
376	145877	319	1014	976
377	146236	319	620	1004
378	146614	199	326	1023
379	146894	239	351	691
380	147272	100	318	539
381	147452	678	349	243
382	148170	239	765	298
383	148429	359	791	400
384	148828	339	953	615
385	149186	379	1033	737
386	149625	419	1202	488
387	150103	299	901	919
388	150642	120	573	1026
389	150841	139	459	757
390	151021	658	821	827
391	151718	379	1032	1005
392	152416	299	397	210
393	152755	339	532	197
394	153234	140	776	458
395	153572	259	823	540
396	153892	1435	945	306
397	155387	179	650	176
398	155606	199	1149	196
399	155865	279	366	207
400	156204	259	648	538
401	156523	359	1072	679
402	156982	239	1065	963
403	157281	179	582	1022
404	157580	259	440	924
405	157899	219	536	639
406	158158	239	546	465
407	158437	419	640	264
408	158876	458	610	218
409	159374	239	902	246
410	159653	339	1047	626
411	160052	399	1051	907
412	160630	239	1107	1059
413	161009	319	510	1059
414	161368	538	333	1038
415	161966	478	406	641
416	162484	199	704	618
417	162763	399	677	328
418	163202	439	500	236
419	163701	319	771	504
420	164119	199	815	569
421	164378	917	777	577
422	165315	458	794	602
423	165814	139	1045	579
424	165993	199	998	958
425	166272	239	524	972
426	166611	299	556	268
427	166970	239	963	329
428	167249	638	1103	637
429	167947	419	875	371
430	168406	319	979	322
431	168884	239	631	267
432	169303	100	674	997
433	169422	279	681	965
434	169861	239	1045	1030
435	170160	259	1058	664
436	170479	160	631	593
437	170698	239	423	604
438	170977	419	755	638
439	171456	239	473	484
440	171755	219	665	357
441	172014	279	1115	335
442	172473	120	454	970
443	172612	140	458	973
444	172792	479	1029	1036
445	173330	140	792	701
446	173510	638	795	558
447	174167	319	944	627
448	174566	199	822	609
449	174785	279	791	595
450	175384	100	762	561
451	175503	379	758	553
452	175982	159	824	288
453	176181	179	835	231
454	176400	279	352	212
455	176759	279	1128	438
456	177078	160	910	695
457	177357	299	500	739
458	177696	319	859	1003
459	178035	359	717	981
460	178434	219	418	1023
461	178713	279	1027	1054
462	179072	179	1007	613
463	179291	140	1039	503
464	179530	658	533	421
465	180248	299	366	606
466	180627	399	1103	286
467	181105	339	1147	906
468	181644	957	780	535
469	182640	240	845	556
470	182900	319	784	574
471	183358	239	654	514
472	183677	159	900	787
473	183877	239	473	960
474	184176	319	986	1010
475	184555	139	1033	1008
476	184774	239	1100	285
477	185053	199	580	214
478	185292	279	377	177
479	185631	279	809	551
480	186010	299	923	728
481	186349	199	1000	939
482	186608	100	1024	993
483	186787	359	898	733
484	187166	179	923	773
485	187385	179	483	1036
486	187585	199	486	1038
487	187824	100	781	1052
488	187964	100	777	1048
489	188163	199	365	574
490	188422	179	824	1071
491	188622	618	815	1019
492	189339	339	1170	260
493	189738	299	345	360
494	190057	997	376	424
495	191273	539	771	521
496	191832	279	873	535
497	192190	698	800	534
498	192928	179	560	453
499	193147	379	391	327
500	193586	259	751	781
501	193885	339	451	813
502	194284	179	962	948
503	194483	339	1114	894
504	195021	339	1080	307
505	195400	538	1251	267
506	195998	359	666	589
507	196397	259	806	781
508	196696	319	343	782
509	197075	319	384	1015
510	197454	379	978	1063
511	197892	219	647	1010
512	198191	259	470	208
513	198530	239	512	181
514	198869	319	1054	239
515	199228	419	1203	569
516	199687	359	615	609
517	200065	379	777	566
518	200484	439	889	552
519	200943	498	765	585
520	201481	259	860	586
521	201760	319	796	595
522	202199	100	1164	439
523	202338	758	1197	396
524	203156	159	816	551
525	203335	439	776	574
526	203933	698	750	550
527	204770	199	1254	452
528	205010	180	1190	332
529	205249	299	560	225
530	205688	219	809	575
531	206007	199	1063	776
532	206326	120	1061	986
533	206485	259	552	1019
534	206784	219	372	927
535	207083	239	406	724
536	207382	259	680	630
537	207681	219	999	701
538	207960	219	687	379
539	208239	239	416	331
540	208539	179	651	185
541	208778	239	1084	232
542	209117	339	770	957
543	209496	379	506	1033
544	209934	120	567	679
545	210094	319	663	467
546	210453	498	1077	633
547	210991	279	1014	440
548	211390	179	1005	670
549	211589	658	1040	551
550	212307	239	1009	1012
551	212606	139	506	999
552	212765	100	503	1015
553	212905	219	371	995
554	213204	359	382	627
555	213623	160	697	688
556	213842	239	510	176
557	214121	698	1158	221
558	214938	997	772	557
559	215955	439	768	559
560	216434	259	833	584
561	216832	159	548	387
562	217012	638	481	344
563	217690	439	790	555
564	218328	239	1046	725
565	218627	279	1309	1107
566	218986	299	1506	1157
567	219384	160	777	733
568	219564	279	797	617
569	219903	199	529	582
570	220142	259	429	1001
571	220441	319	989	1012
572	220860	219	1044	369
573	221139	259	558	348
574	221458	279	1109	709
575	221916	299	881	413
576	222255	319	913	255
577	222694	319	502	465
578	223132	259	701	917
579	223432	299	995	1021
580	223770	399	1147	954
581	224249	359	501	1021
582	224688	259	480	625
583	225007	339	445	418
584	225385	299	406	200
585	225724	419	1013	229
586	226183	239	827	224
587	226442	179	776	186
588	226721	359	1133	717
589	227140	120	771	1086
590	227439	239	1149	603
591	227698	159	1163	575
592	227917	379	470	805
593	228336	259	682	1028
594	228695	439	1000	971
595	229253	518	784	602
596	229791	140	766	682
597	229951	140	761	701
598	230130	259	807	650
599	230489	857	759	632
600	231466	159	688	528
601	231685	319	580	187
602	232104	219	690	211
603	232363	180	879	303
604	232602	219	1149	641
605	232862	339	1042	932
606	233440	339	474	977
607	233799	199	438	938
608	234058	279	419	529
609	234377	239	751	466
610	234636	219	787	425
611	234935	359	1160	517
612	235414	279	577	620
613	235733	598	497	533
614	236371	459	305	653
615	237009	100	1085	972
616	237189	159	1204	984
617	237407	419	809	979
618	237866	259	505	1017
619	238165	179	502	1022
620	238504	239	920	217
621	238783	219	1134	229
622	239022	578	1069	235
623	239640	1635	579	314
624	241355	319	700	792
625	241734	239	364	696
626	242072	219	783	522
627	242312	359	781	519
628	242710	199	782	608
629	243069	239	724	702
630	243428	199	789	652
631	243667	1057	782	623
632	244764	120	443	630
633	244903	518	406	626
634	245482	319	799	614
635	245940	339	719	627
636	246299	578	798	573
637	246897	219	802	564
638	247137	120	800	571
639	247356	159	795	572
640	247555	160	512	596
641	247774	279	701	1031
642	248093	379	991	986
643	248632	159	1044	563
644	248851	159	1015	371
645	249150	857	1107	398
646	250207	140	848	535
647	250427	797	793	547
648	251243	100	909	568
649	251523	339	789	561
650	251922	120	941	331
651	252061	558	963	317
652	252699	140	932	535
653	252858	638	814	564
654	253536	199	972	477
655	253796	518	972	474
656	254354	219	786	548
657	254613	140	875	246
658	254772	538	821	232
659	255371	239	905	532
660	255650	259	805	614
661	256108	219	1161	888
662	256447	100	825	653
663	256567	319	792	609
664	256906	219	871	548
665	257145	179	807	539
666	257364	219	805	294
667	257643	160	939	959
668	257823	518	888	956
669	258381	180	880	784
670	258600	1874	793	596
671	260494	219	879	639
672	260754	259	1042	427
673	261052	279	963	244
674	261431	259	342	211
675	261750	179	856	852
676	262009	359	1038	810
677	262448	339	517	877
678	262807	239	346	823
679	263086	299	483	521
680	263425	219	695	470
681	263664	120	725	512
682	263824	180	552	428
683	264143	339	418	178
684	264522	219	1097	241
685	264781	239	486	195
686	265040	160	557	202
687	265259	279	1043	992
688	265578	180	865	1031
689	265858	199	556	1043
690	266176	219	780	638
691	266416	259	793	499
692	266715	399	995	456
693	267153	100	766	497
694	267373	339	762	495
695	267891	738	804	619
696	268649	957	798	560
697	269625	239	863	563
698	269905	160	575	400
699	270084	957	515	355
700	271280	199	1004	626
701	271798	239	790	579
702	272057	658	803	559
703	272815	220	852	222
704	273055	219	847	194
705	273314	179	425	183
706	273553	319	829	725
707	273912	199	1075	922
708	274171	259	506	1016
709	274470	259	404	884
710	274769	439	701	561
711	275327	379	519	480
712	275746	259	333	219
713	276065	239	967	198
714	276384	199	1223	303
715	276623	219	1175	579
716	276882	339	1179	912
717	277261	199	693	804
718	277501	419	666	579
719	277939	199	676	625
720	278318	259	503	1036
721	278737	199	713	785
722	278976	100	900	787
723	279175	299	905	778
724	279574	100	784	594
725	279873	339	787	545
726	280232	558	868	562
727	280830	219	900	841
728	281169	140	776	1001
729	281428	319	613	258
730	281787	239	1087	262
731	282066	279	1243	586
732	282405	239	726	575
733	282684	219	369	598
734	282963	299	1161	368
735	283322	339	630	305
736	283721	279	1152	231
737	284060	359	977	795
738	284479	139	581	893
739	284718	219	464	1010
740	284997	259	442	550
741	285296	339	671	551
742	285675	179	921	607
743	285954	279	1034	1097
744	286293	359	566	1070
745	286692	239	874	1053
746	287011	120	668	520
747	287190	339	483	252
748	287569	179	836	241
749	287788	458	1163	241
750	288486	119	841	588
751	288625	778	799	569
752	289462	240	552	689
753	289862	120	746	608
754	290001	459	831	569
755	290500	239	696	419
756	290779	199	736	214
757	291018	359	1022	240
758	291417	259	1170	714
759	291775	140	875	970
760	292075	199	567	1018
761	292354	139	818	1017
762	292553	359	593	755
763	292932	120	746	721
764	293091	239	729	525
765	293370	419	433	504
766	293829	239	393	202
767	294108	279	682	187
768	294427	319	990	285
769	294786	279	1134	505
770	295105	299	1142	904
771	295504	139	650	978
772	295703	239	385	979
773	295982	200	391	634
774	296221	199	398	485
775	296481	399	1067	414
776	296919	339	936	885
777	297298	179	916	785
778	297577	199	900	665
779	297836	319	773	982
780	298195	179	839	969
781	298415	279	1203	1012
782	298754	299	1012	655
783	299072	479	948	666
784	299970	558	807	504
785	300548	638	807	507
786	301285	199	785	597
787	301544	100	1086	444
788	301664	658	1126	413
789	302382	239	807	554
790	302761	1077	810	554
791	303857	458	759	576
792	304356	100	832	419
793	304515	299	984	259
794	304834	140	1069	252
795	305014	339	552	224
796	305392	199	532	328
797	305652	279	428	557
798	305970	259	629	800
799	306250	100	632	795
800	306389	339	351	676
801	306788	319	662	983
802	307147	299	919	1005
803	307526	219	1075	1016
804	307805	299	468	1018
805	308124	399	447	937
806	308542	180	453	996
807	308842	279	1076	713
808	309140	339	895	643
809	309519	179	1029	537
810	309759	279	1164	294
811	310097	239	427	197
812	310357	319	311	233
813	310716	279	804	172
814	311074	538	800	217
815	311652	239	804	637
816	311912	1097	786	602
817	313028	259	742	608
818	313307	299	791	591
819	313646	638	863	290
820	314384	160	877	646
821	314583	1176	796	596
822	315879	199	786	596
823	316198	299	869	585
824	316577	538	779	945
825	317135	180	874	870
826	317355	1715	801	591
827	319189	638	598	307
828	319867	159	775	444
829	320066	399	804	542
830	320684	997	777	509
831	321741	219	557	334
832	321980	120	501	244
833	322159	259	1110	265
834	322478	259	781	870
835	322777	259	802	1024
836	323057	399	812	1034
837	323535	179	864	680
838	323734	837	806	581
839	324592	179	807	580
840	324791	160	795	560
841	324970	578	794	566
842	325608	199	1004	929
843	325868	299	963	283
844	326207	179	459	261
845	326406	319	404	138
846	326765	239	880	180
847	327044	299	1207	237
848	327383	279	1175	480
849	327702	120	1043	784
850	327881	219	1043	782
851	328160	159	643	1003
852	328340	120	625	1012
853	328499	159	378	1000
854	328739	239	359	678
855	329018	299	398	565
856	329357	299	525	459
857	329775	100	775	501
858	329915	179	733	482
859	330134	339	1153	329
860	330513	199	1238	316
861	330732	179	1247	284
862	330971	359	1111	957
863	331370	399	669	1039
864	331869	319	809	726
865	332267	219	341	591
866	332547	319	359	197
867	332905	299	765	208
868	333284	439	1189	214
869	333822	299	803	483
870	334321	299	759	557
871	334640	239	800	541
872	334899	259	801	523
873	335218	638	804	521
874	335876	199	811	388
875	336095	359	817	197
876	336574	179	1172	300
877	336813	199	1118	755
878	337052	159	1198	678
879	337252	259	795	1030
880	337551	359	533	1000
881	337950	160	331	991
882	338169	259	405	501
883	338468	299	344	365
884	338847	319	981	937
885	339186	239	1124	1051
886	339465	219	977	692
887	339704	199	930	593
888	339923	458	927	585
889	340422	339	772	542
890	340940	1097	774	534
891	342056	219	804	597
892	342315	239	771	427
893	342615	219	659	174
894	342894	219	1210	368
895	343193	199	1072	909
896	343452	279	512	995
897	343791	239	555	795
898	344070	120	777	661
899	344209	120	772	641
900	344449	279	999	535
901	344788	239	467	521
902	345067	359	387	210
903	345486	379	1033	255
904	345924	419	1051	991
905	346423	279	795	1075
906	346742	419	442	1038
907	347180	219	450	903
908	347419	160	429	943
909	347639	299	499	544
910	347978	100	602	419
911	348177	120	466	212
912	348496	339	1178	261
913	348915	359	1104	827
914	349293	100	1064	1049
915	349413	279	1059	1047
916	349752	199	1129	733
917	350011	200	825	599
918	350251	139	630	516
919	350450	119	631	520
920	350629	219	866	349
921	350888	279	1098	312
922	351247	359	843	1018
923	351686	120	686	609
924	351905	319	556	271
925	352324	219	1075	334
926	352583	479	1022	627
927	353101	140	794	606
928	353401	1754	800	557
929	355215	100	566	355
930	355334	299	502	314
931	355713	239	499	322
932	355992	299	740	429
933	356490	300	1032	644
934	356830	718	803	582
935	357587	459	796	573
936	358185	598	777	1002
937	358883	159	931	662
938	359083	1316	804	567
939	360438	478	910	713
940	360957	100	546	739
941	361116	140	543	753
942	361316	199	1135	401
943	361575	219	526	346
944	361834	219	449	178
945	362093	518	1065	230
946	362711	259	1133	934
947	363070	219	520	1022
948	363329	180	434	773
949	363548	359	541	680
950	363947	219	995	809
951	364226	279	713	363
952	364545	379	572	342
953	365024	359	806	557
954	365542	319	284	837
955	365901	379	54	1132
956	366360	219	708	552
957	366639	678	795	557
958	367356	738	768	877
959	368134	180	906	804
960	368353	997	794	581
961	369370	179	850	574
962	369569	379	811	578
963	370068	518	1004	295
964	370626	179	805	525
965	370826	159	802	512
966	371244	299	1273	1193
967	371563	239	1318	1202
968	371882	239	783	615
969	372141	419	818	557
970	372580	319	836	365
971	373038	459	496	326
972	373756	200	951	612
973	373976	179	841	574
974	374175	160	799	568
975	374514	399	777	564
976	374933	439	816	552
977	375391	279	784	547
978	375710	219	759	384
979	375989	259	473	904
980	376328	199	519	142
981	376607	199	1040	207
982	376906	419	687	354
983	377385	339	1049	625
984	377763	239	936	1029
985	378043	279	673	1034
986	378342	100	707	903
987	378501	279	786	780
988	378800	239	829	726
989	379059	379	832	704
990	379478	339	745	623
991	379837	319	787	573
992	380295	180	490	538
993	380515	199	712	524
994	380734	439	810	524
995	381312	698	1152	523
996	382050	877	799	507
997	382987	279	1028	508
998	383446	339	787	524
999	383804	239	740	563
1000	384084	558	546	811
1001	384722	159	946	596
1002	384901	1974	798	560
1003	386915	159	653	480
1004	387154	219	531	972
1005	387553	179	1024	920
1006	387872	239	782	231
1007	388151	239	445	221
1008	388490	299	1064	252
1009	388829	199	1189	385
1010	389068	259	1139	625
1011	389447	339	1168	932
1012	390005	140	490	1002
1013	390224	239	466	539
1014	390503	219	627	503
1015	390743	100	530	472
1016	390882	479	910	648
1017	391400	259	671	699
1018	391700	199	502	926
1019	391979	498	404	1055
1020	392537	140	808	734
1021	392716	1256	804	595
1022	394212	379	736	609
1023	394630	180	483	508
1024	394850	199	642	212
1025	395069	459	606	224
1026	395787	279	877	454
1027	396245	558	812	580
1028	396823	339	781	600
1029	397182	239	835	612
1030	397441	319	801	616
1031	397800	778	1190	706
1032	398618	538	802	582
1033	399355	498	802	528
1034	399874	140	805	513
1035	400073	618	822	575
1036	400711	159	756	865
1037	400910	120	574	944
1038	401050	439	571	941
1039	401548	399	806	545
1040	401967	658	799	554
1041	402645	1017	799	568
1042	403721	199	1170	361
1043	404000	239	543	316
1044	404320	219	638	875
1045	404579	100	930	741
1046	404698	100	929	755
1047	404838	140	1107	674
1048	405057	319	573	512
1049	405416	239	333	674
1050	405695	279	736	330
1051	405994	259	801	174
1052	406313	199	1172	233
1053	406612	219	1089	1016
1054	406891	239	653	1035
1055	407171	299	454	665
1056	407510	219	451	322
1057	407789	379	967	449
1058	408227	339	942	806
1059	408646	339	816	751
1060	409025	100	794	557
1061	409224	1595	795	560
1062	410899	379	804	597
1063	411317	159	1101	612
1064	411557	160	878	308
1065	411776	259	412	569
1066	412095	219	923	915
1067	412334	219	716	970
1068	412594	219	426	968
1069	413032	179	506	280
1070	413291	259	719	206
1071	413570	359	466	175
1072	413989	199	1114	260
1073	414268	419	1160	621
1074	414826	139	1144	920
1075	415006	319	692	934
1076	415365	140	867	663
1077	415544	100	867	659
1078	415684	299	927	583
1079	416023	239	505	514
1080	416302	179	357	454
1081	416541	439	491	1016
1082	417039	219	945	1050
1083	417318	199	403	533
1084	417618	399	347	352
1085	418056	120	789	558
1086	418415	200	843	574
1087	418634	1077	796	571
1088	419771	179	822	595
1089	419970	419	793	601
1090	420429	219	957	1027
1091	420728	399	979	273
1092	421206	459	407	169
1093	421764	219	625	486
1094	422024	179	854	512
1095	422243	419	437	792
1096	422721	100	1082	876
1097	423180	200	1186	503
1098	423419	419	1232	279
1099	423898	379	1091	867
1100	424336	319	556	1005
1101	424715	379	445	622
1102	425293	279	972	650
1103	425612	179	902	447
1104	425852	279	502	326
1105	426150	419	424	237
1106	426609	478	974	260
1107	427127	339	837	384
1108	427506	319	462	496
1109	427865	379	510	903
1110	428304	119	641	1051
1111	428463	738	985	1032
1112	429261	199	792	637
1113	429480	1894	798	591
1114	431414	299	832	993
1115	431773	239	891	324
1116	432072	319	423	269
1117	432431	319	1018	250
1118	432810	279	601	330
1119	433128	299	921	509
1120	433467	359	831	401
1121	433866	439	515	490
1122	434345	339	869	601
1123	434783	359	565	701
1124	435202	319	974	706
1125	435561	498	609	789
1126	436079	299	590	856
1127	436418	319	1038	912
1128	436797	239	929	983
1129	437076	479	456	1026
1130	437614	339	924	1057
1131	438013	120	869	809
1132	438173	1974	791	599
1133	440206	219	696	366
1134	440465	239	516	217
1135	440784	299	1131	235
1136	441143	259	1104	691
1137	441522	100	614	978
1138	441741	399	379	1016
1139	442220	239	941	1044
1140	442499	219	1022	779
1141	442758	339	929	508
1142	443177	239	828	469
1143	443496	459	1053	899
1144	443974	339	1153	1077
1145	444393	279	897	521
1146	444712	598	962	318
1147	445350	419	1150	738
1148	445808	459	1037	1002
1149	446307	219	868	1119
1150	446566	339	458	1099
1151	446985	219	322	1023
1152	447244	239	410	720
1153	447523	239	792	614
1154	447782	339	845	546
1155	448161	140	1157	651
1156	448380	319	718	694
1157	448739	140	816	323
1158	448978	359	816	347
1159	449377	598	651	349
1160	450095	1595	779	618
1161	451730	319	673	634
1162	452089	179	861	632
1163	452328	618	840	924
1164	453065	279	824	575
1165	453584	179	851	521
1166	453863	299	807	529
1167	454182	199	771	568
1168	454401	738	798	561
1169	455278	140	455	474
1170	455438	419	481	499
1171	455877	219	678	503
1172	456275	479	801	494
1173	456774	379	797	507
1174	457192	200	675	561
1175	457432	439	755	566
1176	457910	279	513	444
1177	458249	339	459	867
1178	458648	179	1039	999
1179	458887	140	893	724
1180	459066	339	952	541
1181	459505	279	1056	832
1182	459844	259	672	1059
1183	460143	199	367	1011
1184	460422	259	430	283
1185	460701	199	675	258
1186	460940	279	1000	333
1187	461240	120	974	461
1188	461559	179	464	534
1189	461778	1595	392	692
1190	463473	319	759	672
1191	463811	518	869	655
1192	464370	758	970	660
1193	465187	199	577	663
1194	465506	219	278	592
1195	465785	299	356	170
1196	466124	239	715	217
1197	466403	299	1062	247
1198	466762	299	835	226
1199	467101	259	562	259
1200	467400	379	516	423
1201	467819	279	573	641
1202	468118	299	470	708
1203	468437	140	424	659
1204	468656	199	1017	630
1205	468875	199	1012	637
1206	469134	279	753	797
1207	469553	159	451	994
1208	469753	239	757	974
1209	470032	479	819	916
1210	470530	179	632	1024
1211	470770	279	1074	1067
1212	471108	439	1005	813
1213	471647	279	1018	601
1214	471946	239	1052	518
1215	472345	239	1173	589
1216	472604	339	1122	693
1217	473002	299	1117	173
1218	473341	199	714	149
1219	473580	479	384	147
1220	474139	379	412	819
1221	474557	399	477	1034
1222	475016	199	758	1059
1223	475275	419	619	644
1224	475714	100	687	935
1225	475913	239	739	1060
1226	476212	159	691	1062
1227	476412	279	1154	1071
1228	476731	339	1156	878
1229	477109	140	789	614
1230	477388	857	804	576
1231	478286	279	900	660
1232	478605	598	800	666
1233	479243	160	437	749
1234	479422	299	436	786
1235	479801	439	971	340
1236	480299	419	741	566
1237	480957	319	688	592
1238	481316	299	743	558
1239	481675	399	471	571
1240	482094	199	646	569
1241	482333	638	347	692
1242	483031	199	897	580
1243	483250	718	797	564
1244	483988	159	842	582
1245	484167	857	788	571
1246	485064	100	403	601
1247	485184	140	370	575
1248	485383	857	339	560
1249	486440	618	874	480
1250	487158	259	743	565
1251	487437	638	803	569
1252	488115	299	638	877
1253	488473	239	420	487
1254	488772	299	352	197
1255	489131	140	383	715
1256	489291	259	344	689
1257	489670	180	901	607
1258	489869	140	917	742
1259	490048	319	726	752
1260	490427	479	1110	256
1261	490946	199	705	233
1262	491265	419	805	423
1263	491703	160	768	460
1264	491903	299	499	495
1265	492261	419	1058	548
1266	492740	478	540	668
1267	493318	279	615	918
1268	493637	259	1036	1005
1269	493916	319	996	1044
1270	494295	259	443	1032
1271	494594	160	375	839
1272	494913	478	1121	521
1273	495431	478	778	538
1274	496069	199	897	652
1275	496289	758	807	604
1276	497066	439	809	613
1277	497545	120	807	619
1278	497804	159	1092	340
1279	497983	937	1132	339
1280	499000	877	800	578
1281	499937	658	974	462
1282	500635	339	649	454
1283	501034	160	741	905
1284	501233	199	736	902
1285	501572	140	1099	988
1286	501751	319	1098	655
1287	502090	159	1068	595
1288	502310	319	992	235
1289	502669	419	383	182
1290	503147	239	806	194
1291	503606	339	486	1014
1292	504024	299	1054	1047
1293	504403	379	837	657
1294	504822	259	1010	707
1295	505121	199	1017	600
1296	505360	259	1188	371
1297	505739	259	1209	267
1298	506058	339	425	289
1299	506456	459	429	849
1300	506955	498	847	1031
1301	507493	199	530	1063
1302	507772	279	883	608
1303	508091	199	621	406
1304	508331	199	1150	739
1305	508610	259	997	201
1306	508929	339	491	161
1307	509308	379	768	528
1308	509826	159	779	560
1309	510045	2732	483	350
1310	512796	239	545	410
1311	513215	1176	1038	396
1312	514451	239	606	571
1313	514730	180	826	844
1314	514950	259	875	663
1315	515309	279	610	881
1316	515727	239	845	1025
1317	516006	299	406	1010
1318	516365	219	1128	858
1319	516664	299	402	332
1320	516983	120	472	243
1321	517163	379	1001	241
1322	517581	199	1077	470
1323	517821	219	802	486
1324	518080	379	493	497
1325	518498	359	1017	646
1326	518917	179	832	643
1327	519136	299	393	659
1328	519495	219	671	1006
1329	519754	339	1020	1084
1330	520133	299	1154	826
1331	520472	439	1181	1053
1332	520971	259	434	1030
1333	521250	399	457	811
1334	521708	299	826	553
1335	522147	120	808	533
1336	522326	1037	660	295
1337	523383	419	633	358
1338	523842	179	404	423
1339	524081	339	362	856
1340	524460	319	996	924
1341	524818	179	389	1049
1342	525078	279	977	299
1343	525417	140	460	187
1344	525616	100	1228	574
1345	525955	239	489	200
1346	526254	299	1042	228
1347	526593	279	752	324
1348	526912	339	901	562
1349	527350	140	901	547
1350	527530	259	724	712
1351	527909	279	839	833
1352	528228	379	908	1017
1353	528626	299	900	1077
1354	528965	339	686	1099
1355	529364	239	1070	1037
1356	529663	219	480	877
1357	529922	399	410	637
1358	530361	598	784	590
1359	531039	179	834	602
1360	531238	339	788	600
1361	531597	339	791	596
1362	531956	219	848	611
1363	532195	299	802	616
1364	532574	100	794	906
1365	532694	100	789	920
1366	532893	140	545	303
1367	533052	219	592	231
1368	533331	219	1043	284
1369	533591	279	830	471
1370	533910	339	584	698
1371	534288	199	876	777
1372	534528	339	1006	451
1373	534887	259	1188	566
1374	535206	279	832	651
1375	535525	319	687	832
1376	535983	219	569	1041
1377	536242	299	988	1037
1378	536581	259	945	854
1379	536880	100	837	757
1380	537100	159	511	274
1381	537399	299	999	249
1382	537738	199	1120	510
1383	538017	339	460	840
1384	538415	219	432	1037
1385	538675	279	855	1087
1386	539014	159	914	812
1387	539212	279	996	1020
1388	539850	997	771	624
1389	540867	877	802	561
1390	541784	140	657	382
1391	541964	578	579	362
1392	542582	339	758	336
1393	542961	299	847	487
1394	543359	199	980	1022
1395	543658	658	1256	1204
1396	544396	718	778	566
1397	545134	120	771	516
1398	545313	239	622	1031
1399	545612	319	578	215
1400	545971	120	815	223
1401	546131	279	985	557
1402	546430	219	876	568
1403	546689	219	1021	389
1404	546948	159	1139	310
1405	547147	319	601	555
1406	547546	120	459	639
1407	547706	179	299	555
1408	547985	299	1056	826
1409	548324	199	1085	997
1410	548583	259	719	1048
1411	548882	259	508	1050
1412	549321	279	1187	669
1413	549660	180	963	265
1414	549979	299	607	131
1415	550317	419	331	363
1416	550756	160	479	319
1417	550956	199	752	358
1418	551175	558	683	355
1419	551813	259	907	264
1420	552092	299	1052	352
1421	552411	259	1203	302
1422	552750	299	465	626
1423	553268	100	517	735
1424	553548	199	458	1021
1425	553787	179	758	1027
1426	554086	718	1060	1066
1427	554883	179	798	657
1428	555262	199	800	551
1429	555561	100	794	688
1430	555701	100	797	689
1431	555820	219	834	616
1432	556059	199	832	624
1433	556279	718	795	610
1434	557056	159	1011	558
1435	557276	359	498	264
1436	557694	259	1038	963
1437	558013	179	603	876
1438	558312	199	688	611
1439	558591	179	660	527
1440	558811	179	404	660
1441	559010	598	397	625
1442	559688	498	956	609
1443	560306	399	795	587
1444	560725	339	842	578
1445	561083	638	784	595
1446	561761	199	511	605
1447	562021	179	465	975
1448	562260	319	1072	1066
1449	562638	239	1041	488
1450	562918	199	965	333
1451	563217	279	1193	267
1452	563556	279	535	249
1453	563895	179	651	738
1454	564254	518	813	1042
1455	564812	179	489	1036
1456	565071	279	442	231
1457	565390	279	832	276
1458	565749	498	995	539
1459	566267	359	1002	663
1460	566726	558	920	844
1461	567344	239	628	902
1462	567643	498	411	508
1463	568201	219	601	148
1464	568460	239	993	191
1465	568899	339	864	1090
1466	569298	419	848	373
1467	569915	818	787	575
1468	570813	140	830	541
1469	570972	957	793	551
1470	571969	179	1042	515
1471	572208	179	1145	284
1472	572448	239	494	386
1473	572747	259	449	746
1474	573066	279	853	892
1475	573385	499	1074	760
1476	573923	219	1071	936
1477	574182	179	1204	1046
1478	574421	299	432	1033
1479	574820	239	382	361
1480	575079	518	467	241
1481	575677	518	850	245
1482	576276	857	731	829
1483	577213	100	888	657
1484	577352	100	962	536
1485	577611	379	1029	473
1486	578050	259	924	977
1487	578349	239	455	973
1488	578668	319	465	388
1489	579047	359	981	359
1490	579426	738	1056	385
1491	580223	179	705	563
1492	580422	459	782	587
1493	581060	219	678	503
1494	581300	419	789	551
1495	581738	279	788	586
1496	582057	179	677	434
1497	582296	259	445	357
1498	582635	359	996	236
1499	583034	259	1000	528
1500	583333	319	850	653
1501	583692	299	653	855
1502	584111	219	499	778
1503	584410	279	1131	1002
1504	584729	299	657	1031
1505	585088	219	339	966
1506	585347	419	305	633
1507	585865	219	328	192
1508	586144	219	1099	283
1509	586424	299	1112	639
1510	586762	239	796	590
1511	587042	339	849	522
1512	587420	299	1116	689
1513	587739	538	1111	732
1514	588337	179	1040	1002
1515	588597	279	490	1009
1516	588915	140	412	946
1517	589075	299	615	926
1518	589773	199	306	576
1519	590032	319	639	517
1520	590391	279	616	237
1521	590710	259	832	165
1522	591009	419	1200	193
1523	591547	100	804	540
1524	591807	438	774	560
1525	592265	419	820	553
1526	592704	139	793	557
1527	592903	817	593	276
1528	593760	279	878	362
1529	594079	239	498	732
1530	594358	160	601	848
1531	594598	299	625	863
1532	595056	139	902	750
1533	595256	319	815	618
1534	595714	578	829	552
1535	596312	518	775	587
1536	596910	419	822	696
1537	597389	179	608	452
1538	597588	180	548	310
1539	597807	239	984	275
1540	598106	319	902	809
1541	598505	219	657	932
1542	598804	219	431	669
1543	599063	159	342	576
1544	599263	259	353	165
1545	599582	319	1004	230
1546	599941	199	719	281
1547	600180	419	808	238
1548	600698	299	454	289
1549	601037	280	950	394
1550	601357	338	1178	429
1551	601735	219	1223	401
1552	601974	239	1188	445
1553	602293	419	1237	362
1554	602792	319	539	473
1555	603170	160	1007	628
1556	603430	319	1002	593
1557	603789	160	1133	705
1558	603968	139	1187	561
1559	604227	319	739	598
1560	604566	479	446	662
1561	605084	399	659	809
1562	605523	160	425	953
1563	605703	120	425	956
1564	605942	399	764	1014
1565	606360	139	737	958
1566	606540	917	828	1045
1567	607497	259	926	873
1568	608035	259	830	580
1569	608314	1376	793	579
1570	609730	179	859	369
1571	609949	259	848	240
1572	610248	239	1009	375
1573	610547	219	1191	637
1574	610786	1535	1213	578
1575	612381	618	770	510
1576	613019	120	810	549
1577	613318	419	755	561
1578	613857	937	1078	398
1579	614854	339	814	481
1580	615212	538	805	527
1581	615771	219	967	508
1582	616010	738	962	509
1583	616907	678	498	452
1584	617625	439	824	496
1585	618103	518	774	525
1586	618642	199	807	557
1587	618921	359	776	575
1588	619419	299	802	574
1589	619758	179	672	434
1590	619977	319	849	742
1591	620336	100	900	933
1592	620496	259	495	999
1593	620854	239	1053	340
1594	621154	259	550	228
1595	621472	399	1134	897
1596	621931	120	897	654
1597	622111	299	739	275
1598	622450	159	529	273
1599	622669	419	470	984
1600	623147	399	1057	1088
1601	623566	179	955	1016
1602	623825	279	548	525
1603	624144	259	501	393
1604	624543	160	494	399
1605	624802	279	925	688
1606	625161	339	789	1030
1607	625540	339	531	1050
1608	625938	319	1000	1030
1609	626317	439	843	810
1610	626816	140	1196	814
1611	627015	299	1138	240
1612	627354	120	702	191
1613	627534	160	1145	172
1614	627713	299	1104	155
1615	628112	279	397	147
1616	628430	379	698	451
1617	628849	399	1024	391
1618	629268	219	963	353
1619	629527	179	877	639
1620	629906	199	886	1005
1621	630145	239	429	1060
1622	630444	339	1091	1063
1623	630843	279	776	605
1624	631162	499	838	569
1625	631680	179	830	477
1626	632179	638	974	255
1627	632856	179	1211	328
1628	633176	259	540	126
1629	633475	180	764	119
1630	633674	538	775	162
1631	634372	339	794	202
1632	634910	159	761	158
1633	635129	140	820	578
1634	635289	439	798	572
1635	635787	638	844	282
1636	636465	877	700	256
1637	637362	379	796	233
1638	637761	299	758	380
1639	638100	399	725	509
1640	638539	120	830	405
1641	638698	419	829	403
1642	639157	140	825	506
1643	639316	299	998	669
1644	639655	299	512	883
1645	640014	339	888	1012
1646	640393	199	736	917
1647	640692	259	498	179
1648	640991	379	1055	219
1649	641410	658	1147	504
1650	642127	319	1077	831
1651	642506	259	729	1007
1652	642825	458	446	952
1653	643304	299	411	872
1654	643702	140	1020	1002
1655	643862	259	1018	990
1656	644221	159	1147	897
1657	644440	259	806	691
1658	644739	179	592	625
1659	644958	359	703	991
1660	645337	179	822	1058
1661	645596	179	438	281
1662	645895	100	460	240
1663	646055	339	903	423
1664	646434	199	1151	393
1665	646653	498	1188	461
1666	647191	578	1216	223
1667	647809	119	806	512
1668	647969	379	802	502
1669	648447	239	866	625
1670	648726	558	799	594
1671	649384	857	798	566
1672	650301	120	813	848
1673	650441	359	824	892
1674	650840	179	905	752
1675	651139	199	819	647
1676	651378	777	795	582
1677	652195	399	867	765
1678	652634	379	801	703
1679	653033	140	890	780
1680	653232	219	610	1007
1681	653551	199	744	304
1682	653790	219	723	283
1683	654050	359	721	273
1684	654488	498	818	485
1685	655006	359	799	565
1686	655525	718	806	566
1687	656263	598	810	546
1688	656881	179	681	590
1689	657100	140	935	660
1690	657299	239	784	261
1691	657598	319	1082	275
1692	657957	319	1184	520
1693	658336	279	1026	952
1694	658655	120	550	1022
1695	658795	159	547	1019
1696	658994	120	423	1028
1697	659173	279	468	624
1698	659492	219	686	644
1699	659732	160	503	550
1700	659991	219	392	300
1701	660310	339	536	222
1702	660709	319	1098	434
1703	661067	279	1112	647
1704	661386	279	836	701
1705	661705	259	889	904
1706	662044	339	858	1070
