Data properties:
 
Recording date: 28/05/2007
Recording time : 11:09:27:296 (corresponds to time 0)
Study: Alasdair
Subject: JF
Recording: jf3
Screen resolution: 1600 x 1200
Coordinate unit: Pixels
 
 
Filter settings:
 
Eye: Average
Validity level: Normal
Fixation radius: 30
Min duration: 100
 
Fix number	Timestamp	Duration	GazepointX	GazepointY
 
1	89	219	749	606
2	408	219	749	590
3	647	678	796	612
4	1385	419	796	604
5	1824	100	799	602
6	1943	179	718	644
7	2142	459	780	637
8	2621	160	779	630
9	2800	239	822	798
10	3059	120	990	828
11	3219	239	1059	302
12	3518	379	467	218
13	3957	359	940	727
14	4336	179	897	925
15	4555	439	417	996
16	5093	259	759	1045
17	5632	339	422	631
18	6030	139	934	510
19	6230	219	269	594
20	6529	319	1167	491
21	6948	279	1063	994
22	7506	518	858	504
23	8064	419	763	552
24	8523	219	858	587
25	8782	877	771	596
26	9679	399	743	585
27	10117	299	993	996
28	10476	359	745	290
29	10875	319	992	382
30	11274	419	646	821
31	11732	179	528	901
32	11972	339	1006	1043
33	12350	199	435	1026
34	12610	379	384	420
35	13028	199	383	251
36	13347	299	1122	535
37	13666	259	1119	713
38	13965	319	1023	944
39	14344	299	829	774
40	14683	419	475	998
41	15181	458	509	174
42	15680	319	1162	215
43	16039	399	1184	675
44	16517	479	669	577
45	17295	1116	749	537
46	18431	160	797	612
47	18630	558	797	591
48	19248	299	613	422
49	19687	119	478	172
50	19866	259	1037	271
51	20205	219	1161	574
52	20444	160	1176	530
53	20744	279	586	898
54	21063	279	850	1025
55	21362	279	875	922
56	21681	180	1112	1060
57	21940	140	398	1051
58	22139	159	418	699
59	22339	219	403	565
60	22598	618	604	463
61	23236	239	601	614
62	23555	299	1090	822
63	23874	219	1115	754
64	24273	1794	774	583
65	26107	399	653	684
66	26545	159	432	972
67	26765	219	476	188
68	27024	219	962	266
69	27283	219	1131	475
70	27602	120	1139	412
71	27761	219	1183	247
72	28040	179	1150	925
73	28260	100	1149	912
74	28419	199	825	1034
75	28659	179	436	1051
76	28898	259	457	453
77	29197	279	419	325
78	29576	399	1035	549
79	29994	120	989	556
80	30154	439	592	730
81	30632	199	370	782
82	30872	817	798	589
83	31928	279	742	535
84	32227	239	831	534
85	32486	419	791	545
86	32965	219	626	383
87	33244	140	478	254
88	33424	359	1052	230
89	33842	339	1141	781
90	34201	100	1123	857
91	34400	219	482	885
92	34739	239	432	613
93	35018	259	533	384
94	35318	359	862	373
95	35716	359	1024	315
96	36155	339	778	954
97	36593	299	1228	236
98	36972	239	468	1011
99	37291	419	679	317
100	37750	179	784	500
101	38009	359	781	490
102	38448	1336	798	629
103	39883	100	501	640
104	40023	598	436	758
105	40681	1495	807	587
106	42196	459	783	584
107	42694	239	515	813
108	42993	359	519	836
109	43392	239	743	671
110	43651	439	802	608
111	44110	1376	797	575
112	45545	219	480	984
113	45824	279	528	275
114	46143	319	1041	266
115	46502	319	1101	660
116	46921	219	1136	918
117	47220	199	555	951
118	47459	259	478	713
119	47738	160	488	617
120	47958	538	397	135
121	48536	160	414	205
122	48815	399	1188	182
123	49273	259	913	648
124	49552	120	910	645
125	49712	379	893	840
126	50111	100	891	862
127	50230	219	1084	923
128	50589	140	1063	984
129	50808	399	525	991
130	51247	100	493	849
131	51466	299	550	642
132	51805	259	714	656
133	52084	359	528	649
134	52583	239	954	470
135	52862	379	882	342
136	53261	279	780	506
137	53580	239	1221	261
138	53839	239	1263	218
139	54198	259	972	961
140	54517	498	369	1033
141	55035	179	343	1105
142	55274	100	496	1072
143	55474	239	902	1040
144	55753	259	1122	932
145	56052	179	1025	747
146	56311	180	385	727
147	56630	140	1193	757
148	56869	239	763	189
149	57168	339	435	123
150	57567	219	780	507
151	57946	538	775	499
152	58504	419	612	567
153	58983	479	412	559
154	59501	239	565	512
155	59780	239	879	642
156	60059	219	1014	946
157	60338	219	418	967
158	60657	279	526	320
159	60976	279	991	255
160	61295	319	988	473
161	61674	319	803	693
162	62053	359	1022	966
163	62452	259	1102	914
164	62771	259	508	1073
165	63090	379	440	480
166	63528	319	791	559
167	63907	219	629	1082
168	64326	239	770	734
169	64605	479	776	596
170	65103	299	771	595
171	65422	259	805	559
172	65741	219	578	382
173	66000	160	597	174
174	66220	199	1007	250
175	66479	438	651	778
176	66957	259	1061	913
177	67256	319	589	1040
178	67835	180	838	797
179	68154	239	782	185
180	68453	219	1194	206
181	68772	179	1114	1090
182	69011	199	336	1044
183	69270	239	458	450
184	69549	498	455	336
185	70227	917	742	404
186	71164	339	817	425
187	71543	638	721	186
188	72221	179	828	503
189	72440	359	513	565
190	72839	319	441	760
191	73218	279	995	925
192	73556	319	1162	592
193	73935	180	1118	308
194	74214	140	1043	193
195	74414	439	406	150
196	74892	339	753	443
197	75271	379	990	517
198	75710	479	1162	753
199	76208	100	1166	743
200	76368	259	1163	974
201	76687	279	818	1020
202	77026	419	405	998
203	77504	319	485	808
204	77843	219	356	776
205	78102	319	313	626
206	78481	359	590	435
207	78880	279	784	527
208	79239	479	913	603
209	79817	199	830	558
210	80036	279	778	563
211	80335	359	779	558
212	80714	259	768	520
213	81093	299	979	224
214	81452	439	487	200
215	81950	379	857	435
216	82369	299	983	567
217	82747	199	1096	583
218	82987	279	904	781
219	83306	359	638	864
220	83704	199	428	979
221	83924	140	429	984
222	84163	239	1016	1002
223	84502	279	1133	826
224	84821	399	1124	570
225	85280	179	1172	242
226	85479	179	1178	191
227	85718	419	420	161
228	86256	239	346	533
229	86575	179	380	648
230	86835	180	770	360
231	87034	259	740	293
232	87333	179	731	219
233	87532	279	755	286
234	87851	239	778	624
235	88410	239	922	620
236	88669	379	1061	574
237	89167	279	1109	835
238	89486	239	1092	1014
239	89785	199	461	1025
240	90084	279	416	724
241	90403	478	597	648
242	90922	997	778	574
243	91958	817	773	570
244	92796	279	658	561
245	93115	199	595	886
246	93354	179	933	1051
247	93593	259	429	1002
248	93932	259	485	235
249	94231	319	891	252
250	94570	917	833	238
251	95567	1037	797	559
252	96643	120	846	424
253	97102	578	829	202
254	97720	738	727	149
255	98517	219	801	608
256	98797	379	799	563
257	99235	339	799	266
258	99594	219	850	436
259	99853	558	963	313
260	100431	199	838	248
261	100651	279	712	185
262	100990	279	887	757
263	101309	339	565	863
264	101707	199	889	1059
265	101967	159	1083	1063
266	102226	259	1192	536
267	102525	239	1161	353
268	102784	179	1167	246
269	103043	299	570	210
270	103382	179	883	360
271	103701	339	447	627
272	104080	339	760	597
273	104459	379	379	694
274	104857	299	388	809
275	105196	180	398	988
276	105416	239	708	1061
277	105715	299	1039	1059
278	106054	160	1145	889
279	106253	279	1193	746
280	106712	259	390	203
281	106991	518	360	144
282	107609	279	789	482
283	108008	1834	784	603
284	109882	179	546	673
285	110121	339	1069	993
286	110520	199	577	996
287	110819	319	738	263
288	111177	319	975	295
289	111556	339	467	203
290	111955	359	564	834
291	112353	219	510	1027
292	112672	219	454	571
293	112991	219	454	454
294	113231	279	655	374
295	113569	120	972	945
296	113709	219	967	946
297	113988	279	654	805
298	114327	100	972	1078
299	114586	319	710	773
300	114925	239	790	720
301	115204	499	704	694
302	115763	199	1211	690
303	116022	259	1147	283
304	116361	578	404	212
305	116999	279	808	531
306	117457	817	746	609
307	118295	179	814	610
308	118554	180	785	599
309	118873	379	815	412
310	119311	259	801	852
311	119630	239	423	1040
312	119969	100	753	1024
313	120109	199	556	879
314	120328	219	473	859
315	120587	120	648	836
316	120727	140	646	822
317	120926	160	348	627
318	121166	139	348	467
319	121365	179	358	217
320	121624	299	932	202
321	121963	279	1222	248
322	122302	399	1181	703
323	122740	219	1102	999
324	123159	120	866	1061
325	123339	439	997	660
326	123797	279	1112	638
327	124136	339	508	647
328	124515	359	366	656
329	124894	179	394	602
330	125133	299	723	358
331	125472	319	530	341
332	125851	259	1164	288
333	126130	259	1210	228
334	126409	199	1078	201
335	126688	319	1183	333
336	127147	239	699	1077
337	127426	379	355	1057
338	127864	239	744	654
339	128143	1216	799	590
340	129379	239	746	569
341	129718	279	785	566
342	130137	578	582	385
343	130795	299	855	526
344	131293	319	777	525
345	131772	199	838	534
346	131991	219	779	546
347	132231	359	782	544
348	132609	319	807	571
349	132988	259	629	375
350	133307	339	991	807
351	133706	279	516	1001
352	134144	100	1188	1051
353	134284	120	1230	994
354	134523	239	1128	264
355	134822	279	609	209
356	135141	678	377	159
357	135859	199	788	564
358	136138	598	384	161
359	136796	419	1117	648
360	137235	100	1145	661
361	137394	120	816	653
362	137653	279	406	639
363	137972	239	783	745
364	138232	239	836	760
365	138511	439	359	653
366	139009	239	930	1054
367	139428	319	1131	1043
368	139767	379	1128	1034
369	140265	179	803	598
370	140464	179	799	568
371	140664	478	798	558
372	141282	1256	756	528
373	142578	159	945	1025
374	142757	259	919	1065
375	143116	239	999	356
376	143515	199	521	419
377	143774	140	1209	626
378	143953	120	535	496
379	144093	618	481	489
380	144771	179	884	557
381	145150	1256	793	547
382	146446	179	903	490
383	146665	239	722	473
384	146944	279	510	309
385	147243	140	499	242
386	147442	139	681	326
387	147602	239	378	384
388	147901	319	904	846
389	148280	239	525	891
390	148539	219	645	906
391	148878	319	1077	467
392	149217	120	1175	444
393	149356	1017	1202	488
394	150413	419	786	579
395	150892	339	1081	455
396	151270	758	773	490
397	152048	419	669	559
398	152546	179	996	959
399	152845	100	1039	1014
400	153025	159	623	451
401	153204	160	627	383
402	153403	379	1038	335
403	153862	219	1047	665
404	154161	339	513	787
405	154540	239	475	965
406	154859	359	460	243
407	155278	419	804	476
408	155776	419	578	633
409	156274	279	1092	805
410	156593	239	1097	996
411	156912	239	1175	385
412	157172	239	1151	279
413	157511	498	557	914
414	158069	1017	789	634
415	159125	439	697	639
416	159644	439	485	711
417	160142	219	582	553
418	160421	199	586	264
419	160661	219	923	336
420	160900	299	972	587
421	161279	299	1055	263
422	161697	419	1185	860
423	162156	259	1073	1069
424	162435	100	1091	1043
425	162614	180	501	1019
426	162834	219	446	810
427	163073	319	429	669
428	163412	279	522	564
429	163711	120	571	528
430	163870	359	407	403
431	164269	339	480	161
432	164648	399	1034	233
433	165087	359	1038	432
434	165485	219	972	742
435	165804	359	804	961
436	166223	439	515	1000
437	166722	399	1073	1004
438	167160	279	1092	724
439	167459	239	1088	719
440	167758	1176	787	578
441	169014	658	804	523
442	169712	339	635	447
443	170111	419	811	178
444	170569	299	1043	280
445	170888	159	960	286
446	171088	299	1042	551
447	171506	180	1067	775
448	171765	319	1043	981
449	172124	159	553	973
450	172443	100	448	895
451	172583	219	704	1062
452	172862	359	394	672
453	173261	379	528	621
454	173679	319	844	632
455	174038	399	917	601
456	174477	160	801	555
457	174716	399	572	315
458	175215	339	387	152
459	175633	399	1124	192
460	176191	339	483	1018
461	176590	219	1021	1050
462	176849	199	978	730
463	177089	299	504	712
464	177527	239	1085	862
465	177806	259	1154	1049
466	178105	199	1222	796
467	178345	219	1218	678
468	178604	239	1216	466
469	178883	379	903	315
470	179461	299	812	564
471	179780	319	774	555
472	180119	439	857	532
473	180578	558	796	521
474	181156	219	707	523
475	181415	239	939	426
476	181694	180	981	302
477	181913	259	1179	236
478	182272	379	479	295
479	182671	259	500	447
480	182990	299	544	754
481	183349	279	512	978
482	183767	439	866	947
483	184246	219	1130	983
484	184505	219	1123	800
485	184764	937	1191	776
486	185761	239	845	567
487	186020	658	789	557
488	186698	199	860	552
489	186937	638	766	535
490	187615	180	652	462
491	187875	917	436	719
492	188851	239	799	592
493	189130	339	956	524
494	189489	319	847	511
495	189828	877	795	497
496	190745	219	1167	780
497	191104	319	585	855
498	191523	219	504	207
499	191782	299	803	217
500	192121	239	1044	293
501	192400	179	1159	275
502	192619	299	605	371
503	192958	299	711	548
504	193297	299	891	710
505	193676	259	838	936
506	194015	100	927	1000
507	194155	478	504	1010
508	194753	239	506	760
509	195052	199	1073	613
510	195331	239	1171	550
511	195630	498	1200	483
512	196348	678	768	527
513	197065	199	899	588
514	197285	797	798	608
515	198162	160	474	445
516	198361	239	409	178
517	198660	299	1098	231
518	199039	299	1038	473
519	199398	279	888	748
520	199717	359	632	952
521	200116	100	1121	991
522	200235	140	1123	992
523	200455	219	739	631
524	200714	100	497	565
525	200913	339	857	808
526	201332	199	914	807
527	201571	319	436	820
528	201910	319	511	1003
529	202309	219	490	351
530	202568	259	434	214
531	202887	299	1144	241
532	203246	339	1186	854
533	203625	139	1130	1068
534	203824	299	701	1033
535	204163	239	765	721
536	204462	698	1033	613
537	205319	259	766	517
538	205599	159	765	517
539	205778	538	788	555
540	206356	259	858	534
541	206635	458	781	529
542	207133	279	902	319
543	207472	279	823	980
544	207811	199	460	926
545	208110	319	397	502
546	208489	219	370	174
547	208768	239	1197	372
548	209048	339	1194	713
549	209446	339	1128	987
550	209845	279	529	1021
551	210164	119	436	967
552	210323	498	420	512
553	210882	359	830	408
554	211280	299	841	266
555	211619	299	1080	267
556	211958	199	872	376
557	212197	498	610	433
558	212776	239	415	443
559	213055	239	408	365
560	213314	199	447	309
561	213533	279	447	192
562	213832	299	425	146
563	214171	379	910	748
564	214610	199	851	841
565	214849	339	577	982
566	215208	199	548	963
567	215427	379	415	1008
568	215866	140	762	707
569	216025	1117	799	628
570	217162	478	791	650
571	217680	379	633	679
572	218099	319	993	926
573	218478	219	1170	413
574	218737	139	1069	287
575	218936	419	542	215
576	219395	259	929	387
577	219674	299	732	461
578	219993	159	695	373
579	220212	339	503	909
580	220571	180	483	871
581	220790	319	956	998
582	221149	180	849	848
583	221448	100	838	769
584	221648	319	628	323
585	222006	239	744	256
586	222286	937	1124	274
587	223342	299	714	574
588	223841	718	773	594
589	224618	538	798	444
590	225196	618	741	885
591	225874	180	807	636
592	226074	1376	785	578
593	227489	259	683	675
594	227888	319	772	617
595	228247	199	737	891
596	228486	120	436	979
597	228685	279	601	193
598	228984	319	763	292
599	229343	219	1087	375
600	229622	199	1088	207
601	229862	399	474	201
602	230300	299	630	424
603	230659	319	337	608
604	231038	379	1092	621
605	231476	219	877	829
606	231736	120	871	825
607	231895	339	578	964
608	232433	199	564	1001
609	232653	658	559	996
610	233470	279	1091	992
611	233809	439	567	987
612	234268	359	470	896
613	234647	179	418	860
614	234886	179	606	617
615	235085	299	327	634
616	235444	159	1205	451
617	235643	718	1218	297
618	236680	857	807	505
619	237557	439	689	523
620	238036	538	785	537
621	238634	279	701	869
622	238993	219	1143	761
623	239272	259	1078	293
624	239611	319	602	231
625	239970	259	753	215
626	240269	339	418	209
627	240648	478	788	531
628	241365	159	914	691
629	241565	279	710	859
630	241923	379	484	987
631	242342	299	1095	980
632	242681	299	1183	634
633	243020	259	1161	392
634	243299	458	1161	291
635	243837	459	472	987
636	244336	239	443	651
637	244595	199	474	595
638	244874	359	958	498
639	245313	159	934	465
640	245532	139	967	915
641	245692	339	966	921
642	246070	120	1070	842
643	246230	279	706	928
644	246589	279	657	365
645	246968	179	670	214
646	247187	777	1036	419
647	248024	1635	783	587
648	249699	399	658	508
649	250137	199	916	588
650	250397	219	1023	867
651	250676	319	551	951
652	251035	239	847	912
653	251413	259	961	1050
654	251752	359	738	244
655	252151	279	947	256
656	252470	299	1141	222
657	252829	279	386	276
658	253148	199	384	471
659	253367	140	367	520
660	253547	458	628	365
661	254045	279	784	321
662	254364	279	871	551
663	254663	319	844	529
664	255022	439	1119	618
665	255480	140	1167	632
666	255700	439	531	677
667	256178	239	342	707
668	256437	319	405	774
669	256796	339	750	836
670	257215	140	1064	853
671	257474	159	1057	859
672	257674	339	1151	1058
673	258072	299	485	1042
674	258431	199	353	957
675	258650	239	364	887
676	258989	120	798	700
677	259189	1455	792	630
678	260664	478	760	602
679	261183	179	801	351
680	261382	199	811	321
681	261621	299	406	167
682	261940	379	309	150
683	262379	239	1049	205
684	262718	219	1110	411
685	263096	299	946	476
686	263435	299	465	548
687	263774	359	620	717
688	264193	379	483	892
689	264651	100	869	852
690	264791	1276	1110	698
691	266147	219	1122	677
692	266406	399	813	606
693	266825	1057	799	603
694	268021	399	817	617
695	268479	379	1014	903
696	268978	219	566	884
697	269217	199	568	878
698	269496	339	389	986
699	269975	299	613	911
700	270333	160	519	410
701	270533	339	478	282
702	270912	459	966	264
703	271410	379	1121	402
704	271829	558	1027	565
705	272427	439	1096	856
706	272905	299	1071	1050
707	273304	179	694	1019
708	273563	219	466	599
709	273803	419	402	505
710	274281	359	755	666
711	274660	439	558	863
712	275158	179	423	1085
713	275497	179	1016	1086
714	275756	339	1043	230
715	276115	718	1046	284
716	277072	299	938	733
717	277491	359	1255	989
718	277949	319	781	590
719	278288	738	800	569
720	279066	598	799	241
721	279744	319	857	678
722	280182	578	1245	1064
723	280800	279	1234	1191
724	281179	199	841	563
725	281398	479	796	562
726	281917	120	865	458
727	282076	319	852	191
728	282535	339	469	161
729	283073	439	612	141
730	283552	359	1051	399
731	283950	359	969	707
732	284349	120	1090	730
733	284509	299	725	875
734	284848	199	683	1018
735	285127	279	1127	1060
736	285466	319	416	1038
737	285844	180	354	1045
738	286064	299	443	693
739	286403	339	626	674
740	286782	279	434	655
741	287100	379	337	580
742	287519	140	916	617
743	287718	917	360	583
744	288735	419	1080	385
745	289194	199	1204	277
746	289413	419	1219	169
747	289912	439	653	193
748	290390	419	461	355
749	290888	299	789	415
750	291207	239	976	469
751	291506	359	1238	628
752	292025	199	1083	952
753	292264	319	790	998
754	292663	259	668	1002
755	292982	219	871	1006
756	293241	319	661	1004
757	293600	239	852	1002
758	293859	160	848	1001
759	294078	798	710	835
760	294936	1196	799	575
761	296152	259	847	659
762	296491	518	791	617
763	297049	239	805	401
764	297328	219	804	223
765	297587	239	1211	320
766	297926	299	1084	969
767	298265	259	610	938
768	298584	120	442	844
769	298823	199	406	659
770	299122	100	365	1038
771	299362	239	359	367
772	299621	239	387	260
773	299900	399	932	269
774	300338	498	806	538
775	300897	439	866	810
776	301415	439	1052	1052
777	301953	379	1001	212
778	302352	179	1188	239
779	302552	159	1250	249
780	303209	618	589	576
781	303867	359	767	553
782	304246	1276	836	540
783	305562	379	728	558
784	305981	160	692	446
785	306200	339	644	212
786	306599	159	492	717
787	306778	299	497	687
788	307137	299	850	843
789	307456	120	828	715
790	307755	279	1030	305
791	308074	319	824	203
792	308433	379	1123	369
793	308852	339	1079	952
794	309210	100	1026	1040
795	309410	459	425	1013
796	309888	140	347	1015
797	310088	339	509	640
798	310447	259	564	669
799	310746	239	486	682
800	311005	179	586	682
801	311264	239	1010	638
802	311563	359	996	514
803	311962	399	1105	235
804	312400	140	866	179
805	313018	140	647	1014
806	313258	339	1081	1069
807	313637	518	1077	625
808	314195	239	813	598
809	314454	439	792	579
810	314952	1236	780	584
811	316308	558	618	254
812	317006	239	815	593
813	317265	538	781	578
814	317863	179	896	669
815	318082	199	798	631
816	318441	439	132	880
817	318940	259	690	522
818	319239	199	1099	644
819	319458	479	1101	680
820	319996	1077	800	574
821	321133	120	797	581
822	321272	419	875	506
823	321711	259	820	503
824	322030	219	1159	594
825	322309	199	795	258
826	322548	199	468	181
827	322768	159	391	159
828	323027	339	610	897
829	323406	199	1057	957
830	323665	120	876	587
831	324004	199	678	542
832	324303	179	1029	325
833	324502	738	1096	325
834	325479	578	805	565
835	326137	379	826	555
836	326536	259	777	530
837	326835	459	803	458
838	327313	100	844	456
839	327473	179	783	864
840	327672	319	780	911
841	328051	239	818	540
842	328310	459	789	560
843	328789	219	898	598
844	329088	1096	809	611
845	330224	279	764	898
846	330682	160	1112	595
847	330862	199	1149	496
848	331081	339	1155	486
849	331620	179	877	497
850	331819	778	795	563
851	332636	1097	695	249
852	333773	299	765	683
853	334132	259	1022	915
854	334431	199	1085	606
855	334829	179	1149	215
856	335069	299	520	215
857	335428	319	450	689
858	335786	239	475	910
859	336065	877	493	462
860	337162	239	1170	610
861	337442	259	803	576
862	337760	180	546	384
863	338040	1276	1124	340
864	339355	299	1093	719
865	339714	299	542	896
866	340053	100	450	661
867	340272	259	451	253
868	340611	319	934	275
869	340970	179	1161	304
870	341169	279	1171	249
871	341488	100	846	474
872	341648	459	1237	282
873	342186	100	834	561
874	342386	139	836	540
875	342565	459	718	716
876	343083	319	481	975
877	343641	320	1085	982
878	344200	638	1183	537
879	344897	219	616	376
880	345177	160	555	136
881	345376	279	878	139
882	345835	199	821	712
883	346074	239	465	691
884	346333	299	438	538
885	346652	439	502	435
886	347150	678	826	496
887	347928	239	791	550
888	348227	159	900	522
889	348406	120	897	531
890	348546	339	781	543
891	348905	279	837	539
892	349224	259	738	298
893	349543	917	887	320
894	350659	100	728	210
895	350799	638	456	185
896	351457	818	503	164
897	352314	259	825	213
898	352593	139	1148	282
899	352793	259	1114	756
900	353151	259	640	979
901	353450	160	439	994
902	353690	179	469	592
903	353949	219	546	543
904	354248	339	914	576
905	354647	419	854	978
906	355145	359	559	196
907	355584	259	1201	231
908	355923	239	1215	636
909	356242	259	773	1050
910	356561	159	364	1065
911	356800	239	566	539
912	357398	259	346	457
913	357697	219	349	324
914	357956	239	507	347
915	358235	558	793	520
916	358992	1316	797	555
917	360369	100	443	260
918	360488	279	402	226
919	360847	159	1052	255
920	361086	279	894	906
921	361425	180	521	921
922	361664	279	1088	577
923	362003	379	534	619
924	362422	439	818	666
925	362920	239	663	1060
926	363220	339	1137	1059
927	363618	140	388	1056
928	364157	419	1185	228
929	364635	279	558	732
930	364954	359	759	654
931	365413	199	826	678
932	365692	2233	799	658
933	367945	658	773	642
934	368642	139	1005	601
935	368902	219	950	299
936	369161	419	579	209
937	369619	279	1039	230
938	369938	299	1017	565
939	370297	160	1114	815
940	370477	200	1217	741
941	370836	279	511	1028
942	371155	100	374	984
943	371294	279	397	641
944	371613	379	421	486
945	372032	239	857	436
946	372311	339	956	427
947	372710	139	819	921
948	372869	419	777	864
949	373328	219	1018	1022
950	373567	120	1022	1023
951	373746	319	613	1058
952	374125	180	1148	1026
953	374364	239	1077	448
954	374703	259	1088	323
955	375002	259	1226	295
956	375321	279	588	162
957	375680	279	548	1028
958	375999	319	904	1051
959	376378	179	898	762
960	376617	299	529	458
961	376956	299	432	295
962	377295	259	452	177
963	377614	259	1210	231
964	377933	279	706	205
965	378252	359	812	544
966	378850	1336	786	564
967	380266	119	636	401
968	380445	897	532	223
969	381402	339	826	493
970	381801	399	802	598
971	382359	518	785	561
972	382917	299	852	547
973	383256	239	723	413
974	383635	160	753	880
975	383834	140	751	890
976	384014	239	449	1014
977	384293	140	1146	876
978	384472	239	1174	604
979	384772	219	1086	282
980	385011	219	1091	216
981	385270	319	555	204
982	385628	319	821	412
983	385968	339	905	572
984	386386	279	964	1008
985	386725	239	529	1064
986	387024	219	625	789
987	387283	259	769	695
988	387582	259	946	653
989	387901	399	433	221
990	388380	239	1121	1052
991	388679	279	545	1072
992	389038	179	544	704
993	389277	479	488	292
994	389816	319	775	525
995	390154	658	804	549
996	390832	1037	743	600
997	391949	778	442	387
998	392786	339	787	538
999	393145	299	836	618
1000	393564	319	1117	1007
1001	394002	120	889	657
1002	394142	678	812	580
1003	394879	100	683	340
1004	395019	379	889	277
1005	395438	319	1019	286
1006	395856	179	851	798
1007	396076	798	808	630
1008	396893	777	809	583
1009	397810	299	1145	380
1010	398129	100	1154	351
1011	398289	239	828	1050
1012	398608	179	489	939
1013	398827	219	442	628
1014	399106	459	658	431
1015	399684	319	619	213
1016	400063	219	1194	235
1017	400322	359	1006	880
1018	400721	140	956	951
1019	400920	100	476	1009
1020	401399	279	510	452
1021	401718	379	762	566
1022	402136	219	825	590
1023	402376	1575	776	594
1024	403971	159	746	555
1025	404170	379	982	288
1026	404609	279	846	913
1027	404928	339	926	1062
1028	405326	199	566	821
1029	405585	179	492	613
1030	405884	259	1126	608
1031	406263	199	1099	215
1032	406522	319	441	236
1033	406921	558	582	932
1034	407699	857	752	383
1035	408676	459	763	595
1036	409154	379	895	697
1037	409573	199	827	695
1038	409832	578	789	662
1039	410550	758	840	217
1040	411347	239	829	513
1041	411626	379	805	518
1042	412065	319	826	631
1043	412583	199	790	666
1044	412823	558	810	573
1045	413421	199	804	309
1046	413660	219	822	167
1047	413959	259	868	982
1048	414278	259	648	836
1049	414577	199	376	797
1050	414836	319	405	426
1051	415215	439	933	486
1052	415693	179	1058	581
1053	415913	279	995	982
1054	416232	299	703	1012
1055	416591	399	623	163
1056	417009	120	674	159
1057	417189	239	1218	313
1058	417468	718	1260	573
1059	418225	518	771	553
1060	418843	558	475	855
1061	419462	917	808	654
1062	420419	179	796	364
1063	420658	259	533	222
1064	420957	239	337	231
1065	421256	299	1070	299
1066	421575	199	1086	254
1067	421814	319	973	687
1068	422173	259	717	985
1069	422552	179	415	1029
1070	422891	199	463	649
1071	423110	219	549	533
1072	423449	339	1099	698
1073	423828	359	1046	953
1074	424206	179	837	980
1075	424466	259	820	416
1076	424825	259	967	424
1077	425183	738	983	415
1078	425961	419	833	549
1079	426559	518	775	580
1080	427097	120	803	568
1081	427237	279	733	555
1082	427556	219	801	419
1083	427815	160	678	365
1084	427994	159	588	410
1085	428214	259	1012	274
1086	428493	259	1030	241
1087	428792	219	1146	463
1088	429051	299	1091	874
1089	429390	299	719	1019
1090	429769	199	403	1017
1091	430028	359	480	631
1092	430427	219	696	621
1093	430686	339	621	472
1094	431065	438	1042	418
1095	431663	259	1079	214
1096	431962	199	1226	192
1097	432261	279	1136	1025
1098	432600	179	449	1044
1099	432839	160	371	451
1100	433038	877	352	212
1101	433996	1415	800	595
1102	435431	478	733	581
1103	435949	140	739	397
1104	436129	279	725	257
1105	436468	359	1073	267
1106	436886	319	1084	632
1107	437265	279	972	881
1108	437684	518	942	990
1109	438282	219	843	606
1110	438521	439	797	582
1111	439020	179	778	698
1112	439239	1077	814	651
1113	440375	140	852	432
1114	440555	259	1082	324
1115	440894	359	679	908
1116	441293	140	520	687
1117	441492	239	466	329
1118	441831	219	783	339
1119	442150	359	1068	698
1120	442549	179	1002	1027
1121	442768	339	531	1021
1122	443147	140	696	1053
1123	443326	140	678	902
1124	443585	160	571	624
1125	443884	239	358	593
1126	444183	159	430	161
1127	444403	359	1172	183
1128	444801	459	992	241
1129	445599	718	785	546
1130	446357	578	867	465
1131	447094	279	745	503
1132	447413	239	946	338
1133	447672	120	900	246
1134	447812	199	830	193
1135	448031	279	836	334
1136	448330	160	819	372
1137	448550	259	912	769
1138	448849	179	944	984
1139	449128	179	552	999
1140	449347	279	416	986
1141	449646	100	370	969
1142	449806	319	416	571
1143	450184	160	1105	544
1144	450384	259	1217	501
1145	450703	239	1208	252
1146	451002	140	1249	776
1147	451321	160	1260	274
1148	451540	339	362	213
1149	451919	279	580	737
1150	452238	219	900	668
1151	452537	199	897	581
1152	452776	439	870	418
1153	453275	299	1125	926
1154	453614	160	1174	1090
1155	453873	140	506	1052
1156	454072	199	463	581
1157	454311	339	468	393
1158	454690	179	446	195
1159	454909	339	928	208
1160	455308	259	580	1023
1161	455607	219	741	624
1162	455847	458	805	511
1163	456325	379	829	559
1164	456883	419	785	537
1165	457322	877	785	565
1166	458299	219	811	555
1167	458678	359	892	337
1168	459136	159	1064	619
1169	459355	359	549	902
1170	459754	139	441	835
1171	459973	219	458	193
1172	460292	458	924	198
1173	460791	199	1144	327
1174	461010	239	1199	192
1175	461329	339	1081	876
1176	461728	120	1163	658
1177	461867	179	1189	596
1178	462107	239	1120	726
1179	462406	219	458	778
1180	462685	319	602	326
1181	463024	339	727	309
1182	463443	159	346	316
1183	463682	239	494	1106
1184	464061	2313	507	395
1185	466433	219	836	330
1186	466672	777	1001	326
1187	467490	339	1032	398
1188	468008	319	875	444
1189	468407	219	876	646
1190	468646	379	809	626
1191	469045	379	784	578
1192	469603	179	554	913
1193	469802	259	530	913
1194	470101	259	805	619
1195	470380	219	797	573
1196	470620	1635	798	575
1197	472294	279	868	825
1198	472633	299	828	309
1199	473012	159	1106	339
1200	473232	279	439	203
1201	473530	419	313	184
1202	474009	379	1153	186
1203	474448	538	805	131
1204	475006	598	819	233
1205	475664	618	1225	488
1206	476322	279	1198	594
1207	476641	379	1184	833
1208	477040	479	1179	1007
1209	477558	538	625	970
1210	478136	598	388	983
1211	478774	239	903	1067
1212	479033	120	888	1032
1213	479233	459	656	629
1214	479711	279	613	577
1215	480030	439	352	606
1216	480489	279	362	521
1217	480887	120	994	553
1218	481067	498	716	115
1219	481585	180	749	66
1220	481824	359	1128	597
1221	482203	379	1146	461
1222	482602	359	1222	406
1223	483021	339	1224	213
1224	483459	159	1229	146
1225	483758	339	459	1011
1226	484137	379	696	988
1227	484576	159	452	1056
1228	484755	279	450	1053
1229	485094	339	464	572
1230	485473	359	685	536
1231	485911	120	978	539
1232	486071	259	1191	611
1233	486410	259	604	248
1234	486709	518	339	217
1235	487267	359	787	512
1236	487646	299	812	590
1237	488104	419	782	556
1238	488543	817	807	590
1239	489400	179	484	522
1240	489600	459	451	526
1241	490118	239	828	588
1242	490437	279	1309	1091
1243	490836	937	770	676
1244	491813	199	594	751
1245	492032	199	599	647
1246	492251	279	665	527
1247	492590	259	943	671
1248	492909	219	718	915
1249	493169	160	439	908
1250	493388	179	383	478
1251	493687	419	1039	269
1252	494165	359	1151	973
1253	494584	239	796	1043
1254	495082	399	1021	828
1255	495601	359	451	178
1256	495999	319	768	162
1257	496358	419	940	338
1258	496837	139	916	389
1259	497016	379	499	437
1260	497415	239	421	361
1261	497674	199	414	497
1262	497913	319	426	808
1263	498292	359	397	1015
1264	498771	259	934	1026
1265	499090	299	1102	1030
1266	499449	299	798	640
1267	499927	578	791	564
1268	500585	1077	787	564
1269	501721	219	518	959
1270	502060	179	409	1008
1271	502260	100	454	1007
1272	502419	299	713	277
1273	502758	299	360	176
1274	503117	259	1194	427
1275	503476	399	881	342
1276	503914	319	583	279
1277	504293	299	667	546
1278	504672	419	1080	778
1279	505151	439	992	1005
1280	505669	339	824	843
1281	506048	339	531	888
1282	506466	419	401	1012
1283	506985	120	602	1053
1284	507144	319	468	575
1285	507543	279	830	539
1286	507862	259	1235	536
1287	508161	339	1189	287
1288	508540	239	1160	208
1289	508919	379	522	748
1290	509317	518	409	813
1291	509915	319	713	525
1292	510454	897	816	548
1293	511431	219	792	577
1294	511670	299	816	565
1295	512009	140	766	479
1296	512308	179	338	893
1297	512547	279	890	865
1298	512866	219	1159	823
1299	513145	279	781	240
1300	513464	379	532	231
1301	513883	200	732	581
1302	514182	239	822	134
1303	514481	379	1110	220
1304	514900	439	1172	527
1305	515378	459	1189	777
1306	515916	199	1189	973
1307	516216	299	732	1026
1308	516554	219	888	1043
1309	516854	199	436	1048
1310	517113	299	430	654
1311	517472	239	693	372
1312	517791	120	927	386
1313	517950	219	1043	398
1314	518249	219	1122	773
1315	518608	379	676	830
1316	519026	180	702	652
1317	519246	498	834	377
1318	519784	578	824	630
1319	520402	159	541	572
1320	520582	199	525	522
1321	520821	179	736	592
1322	521020	1196	768	620
1323	522236	1356	792	582
1324	523692	817	892	408
1325	524569	239	780	781
1326	524848	219	1032	791
1327	525107	259	1196	539
1328	525426	199	1014	342
1329	525686	259	629	322
1330	525984	179	434	210
1331	526204	199	551	217
1332	526543	200	511	988
1333	526782	419	854	982
1334	527241	479	1061	1067
1335	527759	439	883	787
1336	528238	279	1066	921
1337	528616	259	487	900
1338	528895	120	484	846
1339	529075	339	471	548
1340	529434	140	466	472
1341	529912	379	1146	214
1342	530351	379	1182	674
1343	530789	219	706	702
1344	531048	419	682	356
1345	531507	319	983	409
1346	531866	279	909	724
1347	532285	339	670	985
1348	532663	259	886	1039
1349	532982	339	1124	1042
1350	533600	319	780	556
1351	533940	319	837	556
1352	534278	917	836	573
1353	535215	219	764	580
1354	535454	100	756	608
1355	535614	219	690	229
1356	535873	259	918	341
1357	536172	339	1064	200
1358	536651	160	1177	708
1359	536910	259	738	993
1360	537229	219	401	978
1361	537508	219	460	667
1362	537767	3967	793	556
1363	541775	439	854	777
1364	542253	199	811	601
1365	542472	1794	789	561
1366	544366	339	1153	1031
1367	544725	120	1039	1089
1368	544905	239	1083	853
1369	545204	160	986	765
1370	545443	139	771	623
1371	545782	199	780	553
1372	546061	419	370	158
1373	546540	219	1108	213
1374	546799	199	698	525
1375	547197	658	783	573
1376	547875	479	829	514
1377	548374	259	776	561
1378	548693	618	488	953
1379	549530	179	463	496
1380	549749	199	421	342
1381	549989	399	480	215
1382	550467	179	596	207
1383	550686	937	802	566
1384	551663	498	773	461
1385	552182	458	841	479
1386	552700	140	532	469
1387	552879	658	416	466
1388	553597	100	745	506
1389	553876	399	920	516
1390	554315	1017	801	592
1391	555471	399	788	592
1392	555930	199	500	941
1393	556189	199	479	171
1394	556428	219	1031	264
1395	556727	339	1139	860
1396	557106	199	973	1070
1397	557385	478	990	539
1398	557923	259	489	564
1399	558282	219	407	367
1400	558701	319	653	1017
1401	559040	219	405	1034
1402	559319	199	1120	1066
1403	559578	140	1021	586
1404	559738	219	1018	584
1405	559997	140	1161	494
1406	560216	319	1137	226
1407	560595	199	600	172
1408	560874	259	553	840
1409	561193	159	632	745
1410	561392	279	636	531
1411	561891	179	804	433
1412	562110	319	1125	496
1413	562509	359	804	460
1414	563048	857	781	658
1415	563984	897	621	621
1416	564921	219	1099	636
1417	565160	139	1106	804
1418	565420	239	463	944
1419	565679	199	390	1050
1420	565938	219	507	329
1421	566197	279	903	337
1422	566516	299	1142	327
1423	566875	319	933	1030
1424	567254	140	675	798
1425	567473	279	609	426
1426	567772	319	569	338
1427	568131	160	452	200
1428	568331	279	847	358
1429	568709	219	468	890
1430	569008	339	1124	889
1431	569407	419	766	583
1432	569866	299	822	566
1433	570184	658	752	558
1434	570942	478	835	554
1435	571480	179	530	378
1436	571680	598	435	371
1437	572378	399	923	532
1438	572796	259	813	563
1439	573075	180	784	578
1440	573275	160	785	577
1441	573454	120	858	580
1442	573674	618	806	571
1443	574331	119	537	461
1444	574491	140	401	728
1445	574650	399	356	747
1446	575109	179	850	643
1447	575308	100	807	593
1448	575448	1097	802	585
1449	576644	718	786	584
1450	577422	120	977	883
1451	577561	160	1011	932
1452	577741	160	1009	936
1453	577980	179	848	570
1454	578179	399	793	567
1455	578598	618	789	572
1456	579236	817	813	588
1457	580113	199	1067	831
1458	580352	259	487	892
1459	580651	259	793	647
1460	580950	179	815	396
1461	581170	179	940	274
1462	581449	279	478	203
1463	581808	359	1110	886
1464	582206	179	967	1050
1465	582426	259	624	1048
1466	582725	160	368	988
1467	583044	120	340	838
1468	583204	199	551	756
1469	583443	279	421	479
1470	583762	299	698	384
1471	584121	339	1158	349
1472	584479	319	1276	396
1473	584838	239	1036	464
1474	585117	439	1136	170
1475	585576	359	1229	124
1476	586034	259	1157	842
1477	586314	359	1140	765
1478	586712	259	1108	579
1479	587310	279	572	643
1480	587629	319	771	570
1481	587988	1176	535	615
1482	589224	259	770	984
1483	589523	239	579	988
1484	589803	259	451	992
1485	590082	199	347	909
1486	590321	259	969	894
1487	590660	578	965	483
1488	591298	419	403	452
1489	591756	239	399	307
1490	592195	239	792	255
1491	592633	199	1062	411
1492	592933	439	694	1015
1493	593411	239	440	1034
1494	593670	140	444	1035
1495	593870	499	1063	1036
1496	594408	259	939	969
1497	594727	857	449	816
1498	595724	638	651	495
1499	596402	339	783	545
1500	596760	818	801	575
1501	597598	179	845	571
1502	597797	738	775	589
1503	598654	160	1162	455
1504	598834	439	1142	461
1505	599372	419	787	589
1506	599871	239	253	920
1507	600349	1017	814	547
1508	601386	159	888	834
1509	601645	259	439	965
1510	601984	299	481	194
1511	602343	439	980	391
1512	602841	120	913	620
1513	603061	319	436	663
1514	603439	359	985	953
1515	603858	179	439	1018
1516	604097	239	425	707
1517	604416	159	826	629
1518	604616	140	845	505
1519	604815	259	946	223
1520	605114	160	1126	196
1521	605333	518	425	165
1522	606011	120	826	498
1523	606390	957	792	469
1524	607387	259	626	498
1525	607666	279	782	508
1526	608045	259	733	241
1527	608344	219	1097	225
1528	608643	279	1028	849
1529	609042	239	620	895
1530	609400	100	387	958
1531	609680	219	364	710
1532	609959	259	415	480
1533	610258	279	834	530
1534	610577	199	769	606
1535	610836	299	971	208
1536	611195	259	433	210
1537	611534	120	358	311
1538	611733	279	1040	973
1539	612032	239	1116	918
1540	612331	299	609	1032
1541	612690	359	860	542
1542	613148	239	861	372
1543	613448	439	384	1021
1544	613906	100	450	1001
1545	614066	259	402	642
1546	614365	159	384	509
1547	614684	160	484	478
1548	614903	219	586	206
1549	615162	419	1125	201
1550	615680	219	1255	760
1551	615920	538	1226	900
1552	616498	319	977	1051
1553	616877	120	810	639
1554	617076	339	798	580
1555	617435	180	799	576
1556	617674	1376	707	371
1557	619090	339	1013	648
1558	619548	199	1162	883
1559	619768	100	1165	952
1560	619927	339	475	954
1561	620346	219	391	238
1562	620605	219	785	182
1563	620864	239	982	187
1564	621143	279	1252	237
1565	621462	339	1192	455
1566	621841	200	1195	672
1567	622100	180	1155	1034
1568	622360	219	455	1013
1569	622639	180	436	682
1570	622878	219	811	525
1571	623117	159	925	569
1572	623336	578	611	367
1573	623974	459	796	807
1574	624453	678	617	791
1575	625151	1256	794	691
1576	626426	518	824	668
1577	626965	299	811	666
1578	627284	160	845	493
1579	627503	319	455	426
1580	627862	239	490	917
1581	628161	259	1130	979
1582	628440	199	1202	929
1583	628719	239	871	210
1584	629058	339	513	210
1585	629517	279	963	764
1586	629836	120	969	559
1587	629975	239	1027	487
1588	630274	439	609	895
1589	630793	359	806	1040
1590	631231	239	329	1038
1591	631530	159	300	643
1592	632009	299	368	129
1593	632348	319	763	190
1594	632726	160	1138	404
1595	632986	239	1169	964
1596	633305	179	481	1025
1597	633544	299	687	652
1598	633883	140	910	527
1599	634102	399	530	298
1600	634521	120	524	317
1601	634680	319	783	526
1602	635019	279	834	534
1603	635318	598	830	543
1604	635936	419	733	535
1605	636375	140	814	535
1606	636694	259	780	538
1607	637013	140	630	198
1608	637172	578	629	164
1609	637810	219	749	318
1610	638070	1077	796	571
1611	639226	379	650	269
1612	639645	698	401	477
1613	640382	179	773	538
1614	640661	279	1105	562
1615	640980	937	792	573
1616	641937	419	860	563
1617	642396	199	523	590
1618	642655	179	542	876
1619	642954	259	1050	1011
1620	643293	219	1076	302
1621	643572	379	587	233
1622	644031	279	998	568
1623	644330	319	1214	732
1624	644689	159	1176	996
1625	644888	239	469	1031
1626	645167	140	465	556
1627	645406	179	483	411
1628	645686	319	931	421
1629	646064	219	930	738
1630	646323	299	868	970
1631	646682	379	830	477
1632	647340	618	811	567
1633	648018	738	567	707
1634	648796	359	842	511
1635	649214	160	861	1015
1636	649613	219	733	294
1637	649872	219	450	204
1638	650211	239	1109	351
1639	650510	239	755	788
1640	650789	239	466	748
1641	651088	359	673	482
1642	651487	199	676	273
1643	651846	439	416	965
1644	652404	399	841	526
1645	652982	399	757	488
1646	653401	499	852	458
1647	653920	698	722	483
1648	654657	239	1049	290
1649	654916	199	1165	235
1650	655176	299	459	151
1651	655534	319	763	157
1652	655893	279	1089	523
1653	656212	239	1130	957
1654	656571	279	651	1028
1655	656890	239	412	781
1656	657169	199	482	598
1657	657428	299	629	408
1658	657767	319	681	288
1659	658126	359	1007	318
1660	658545	239	1088	649
1661	659063	259	397	886
1662	659402	120	364	628
1663	659562	359	361	421
1664	659960	219	479	207
1665	660240	399	1058	206
1666	660658	379	1191	211
1667	661216	1894	804	522
1668	663170	140	593	931
1669	663370	299	575	968
1670	663728	180	766	706
1671	663948	1515	809	587
1672	665742	279	874	605
1673	666081	219	628	974
1674	666360	239	521	317
1675	666619	179	434	247
1676	666819	160	407	189
1677	667098	199	1034	210
1678	667357	239	1062	513
1679	667636	339	710	622
1680	668015	179	670	534
1681	668274	259	835	955
1682	668772	478	1182	485
1683	669311	199	1216	943
1684	669590	179	453	1010
1685	669949	279	359	404
1686	670268	219	722	362
1687	670627	259	982	263
1688	670906	478	818	175
1689	671504	279	815	921
1690	671823	180	684	827
1691	672062	299	799	497
1692	672381	658	802	426
1693	673079	379	885	392
1694	673498	259	723	450
1695	673777	678	618	591
1696	674554	159	768	568
1697	674893	259	761	570
1698	675173	279	804	599
1699	675492	319	807	592
1700	675830	737	810	574
1701	676628	100	720	378
1702	676787	419	569	880
1703	677266	180	756	676
1704	677465	817	812	572
1705	678382	339	938	523
1706	678761	479	1072	499
1707	679339	179	746	577
1708	679558	159	676	800
1709	679798	259	562	172
1710	680097	239	1184	247
1711	680376	299	1230	642
1712	680755	239	547	961
1713	681034	179	528	460
1714	681253	299	585	275
1715	681592	319	933	266
1716	681951	239	595	212
1717	682250	179	855	535
1718	682569	319	928	704
1719	682928	299	724	847
1720	683266	239	976	1015
1721	683566	299	589	1042
1722	684144	239	1114	163
1723	684523	498	508	168
1724	685061	598	800	442
1725	685858	419	614	435
1726	686337	658	895	636
1727	687015	259	646	587
1728	687314	219	635	132
1729	687613	179	1130	213
1730	687892	219	1110	777
1731	688191	239	582	999
1732	688450	120	786	1062
1733	688630	299	845	453
1734	688948	239	799	346
1735	689287	219	1186	486
1736	689547	140	1094	723
1737	689746	219	438	898
1738	690025	160	978	725
1739	690245	239	445	337
1740	690544	299	422	964
1741	690942	239	573	470
1742	691261	219	792	515
1743	691660	718	831	470
1744	692398	658	789	529
1745	693195	319	729	588
1746	693554	239	700	894
1747	693813	259	696	890
1748	694112	259	801	710
1749	694391	299	817	634
1750	694730	439	804	557
1751	695229	259	404	721
1752	695548	758	752	512
1753	696345	159	701	810
1754	696564	1336	978	348
1755	698100	179	756	601
1756	698299	1196	796	584
1757	699555	439	565	882
1758	700053	299	739	623
1759	700372	1535	790	582
1760	701947	259	810	640
1761	702246	199	610	827
1762	702506	299	467	230
1763	702864	259	1139	343
1764	703184	219	1089	947
1765	703502	279	1088	706
1766	703802	299	1106	709
