Data properties:
 
Recording date: 30/05/2007
Recording time : 9:43:03:609 (corresponds to time 0)
Study: Alasdair
Subject: LM
Recording: lm2
Screen resolution: 1600 x 1200
Coordinate unit: Pixels
 
 
Filter settings:
 
Eye: Average
Validity level: Normal
Fixation radius: 30
Min duration: 100
 
Fix number	Timestamp	Duration	GazepointX	GazepointY
 
1	217	239	587	904
2	496	120	786	644
3	636	100	783	670
4	994	100	826	645
5	1213	259	789	588
6	1533	160	808	585
7	1712	259	800	603
8	2011	140	737	545
9	2310	279	807	563
10	2629	120	525	464
11	2869	120	547	350
12	3088	179	1088	598
13	3507	179	725	618
14	4145	159	986	358
15	4523	139	791	638
16	5062	479	809	581
17	5640	419	808	570
18	6079	179	801	575
19	6278	259	789	580
20	6617	219	1216	683
21	6856	598	1256	687
22	7494	140	848	583
23	7933	120	818	636
24	8232	379	802	557
25	8631	718	809	578
26	9369	180	805	584
27	9569	159	802	578
28	9768	159	400	521
29	10007	100	402	529
30	10187	140	529	430
31	10366	319	1092	364
32	10725	140	1274	324
33	10924	100	1176	649
34	11084	100	737	613
35	11243	120	748	616
36	11403	140	796	596
37	11782	378	799	517
38	12260	100	786	604
39	12877	558	791	486
40	13475	259	482	739
41	13774	299	506	417
42	14173	180	320	350
43	14412	219	1086	715
44	14692	160	1191	718
45	14871	319	760	620
46	15270	159	817	975
47	15509	199	1119	314
48	15748	279	680	285
49	16087	120	930	263
50	16606	120	532	573
51	16805	299	1108	687
52	17562	140	807	548
53	17762	319	809	562
54	18121	778	810	551
55	18978	359	795	525
56	19576	379	652	889
57	20035	120	807	545
58	20314	100	1218	598
59	20653	160	847	563
60	20912	419	809	574
61	21470	359	812	514
62	21869	100	812	608
63	21988	219	808	602
64	22287	120	590	917
65	22726	299	884	444
66	23125	120	610	373
67	23284	299	568	488
68	23803	100	1142	652
69	24122	319	746	553
70	24839	299	813	583
71	25158	698	811	561
72	25916	279	821	568
73	26315	140	803	582
74	26474	199	807	572
75	26753	279	1008	1007
76	27072	299	435	676
77	27591	279	662	853
78	28189	339	686	358
79	28607	160	493	385
80	28867	179	800	499
81	29106	319	1196	651
82	29604	299	1149	419
83	30182	200	772	551
84	30422	120	807	594
85	30581	199	803	586
86	30800	698	806	592
87	31518	160	803	539
88	31698	160	817	546
89	31877	219	819	589
90	32236	219	606	591
91	32535	179	470	347
92	32894	160	468	298
93	33073	100	469	280
94	33632	558	802	523
95	34210	259	803	535
96	34688	160	807	594
97	34908	498	816	499
98	35505	100	481	434
99	35685	219	391	404
100	35964	100	386	409
101	36303	299	825	615
102	36781	179	749	629
103	36981	239	749	610
104	37299	976	801	587
105	38495	140	470	372
106	38655	179	640	481
107	38894	100	1046	715
108	39034	100	1043	731
109	39153	140	1034	729
110	39353	199	960	597
111	39612	100	693	431
112	39732	119	706	444
113	40349	100	522	764
114	40469	219	745	681
115	40708	120	626	395
116	40868	100	610	396
117	41087	140	619	411
118	41347	200	1150	713
119	41706	140	1276	455
120	42025	259	801	569
121	42423	339	824	556
122	42782	160	822	555
123	43061	200	824	560
124	43460	140	775	584
125	43679	259	811	589
126	44018	100	603	628
127	44277	100	512	783
128	44437	100	508	791
129	44875	598	810	545
130	45533	140	740	592
131	45713	100	806	559
132	45832	100	795	551
133	46132	219	653	661
134	46391	179	765	652
135	46650	139	791	616
136	46909	159	582	710
137	47108	339	624	485
138	47507	219	430	584
139	47886	120	386	306
140	48225	160	1180	461
141	48464	259	1237	796
142	49023	120	469	782
143	49162	239	472	785
144	49581	259	812	534
145	49860	100	813	534
146	50238	140	832	547
147	50398	179	793	586
148	50598	100	825	582
149	50717	798	818	587
150	51973	140	680	725
151	52193	100	700	688
152	52352	179	1173	760
153	52571	299	1204	504
154	52930	160	835	235
155	53150	319	431	347
156	53548	259	437	817
157	54067	120	806	666
158	54466	219	814	618
159	54844	220	806	691
160	55303	260	828	663
161	55623	100	829	668
162	55922	498	799	626
163	56440	398	567	608
164	56878	399	393	449
165	57357	219	1113	661
166	57636	159	1123	338
167	57875	239	399	217
168	58174	339	1010	234
169	58573	219	657	307
170	58852	319	535	788
171	59211	100	766	721
172	59430	119	1228	730
173	59649	179	515	517
174	60247	100	814	573
175	60367	419	808	569
176	60985	299	801	528
177	61484	598	809	559
178	62122	279	613	437
179	62740	180	1083	434
180	63158	139	1181	940
181	63358	140	1169	487
182	63896	339	804	591
183	64315	299	810	576
184	64813	100	833	504
185	64933	179	822	558
186	65132	459	814	571
187	65630	199	801	557
188	65850	120	813	552
189	65989	319	811	556
190	66388	120	953	697
191	66567	100	999	710
192	66707	299	433	741
193	67026	160	432	758
194	67245	120	492	791
195	67445	120	384	416
196	67584	120	384	440
197	67764	259	950	344
198	68083	299	707	162
199	68442	219	451	275
200	68761	239	1142	494
201	69080	100	1058	836
202	69658	219	561	802
203	70096	259	820	565
204	70375	119	810	601
205	70515	100	813	579
206	70834	518	816	581
207	71392	299	817	593
208	71751	479	814	589
209	72269	259	508	975
210	72648	179	498	465
211	72848	159	503	481
212	73087	299	670	605
213	73446	140	1125	373
214	73765	180	886	297
215	74064	279	500	296
216	74383	100	1095	689
217	74502	120	1098	682
218	74682	120	1220	726
219	74981	159	1196	1017
220	75220	139	505	823
221	75519	199	626	429
222	75758	219	943	351
223	76077	219	660	563
224	76317	219	927	635
225	76576	140	925	651
226	76915	120	805	503
227	77054	140	820	576
228	77612	100	789	550
229	77732	598	812	575
230	78430	140	820	571
231	78609	239	818	527
232	78908	618	1277	552
233	79546	160	861	548
234	79925	498	798	577
235	80444	140	807	549
236	80603	199	811	558
237	80882	120	807	589
238	81022	120	800	587
239	81181	100	799	579
240	81301	199	846	559
241	81540	259	845	571
242	81959	179	626	406
243	82377	120	1061	986
244	82696	179	621	888
245	83195	120	811	616
246	83514	459	823	578
247	84012	399	822	560
248	84431	379	814	572
249	84830	439	818	575
250	85288	100	813	563
251	85428	160	464	576
252	85607	219	506	334
253	85886	259	724	606
254	86225	239	1188	609
255	86644	120	1133	213
256	86823	399	651	934
257	87721	140	1272	1101
258	87880	299	1301	1230
259	88199	259	1247	1218
260	88698	159	813	587
261	88877	678	809	566
262	89694	180	601	617
263	89934	239	521	870
264	90312	239	455	295
265	90592	319	1111	507
266	90990	140	775	417
267	91309	179	881	733
268	91628	339	800	564
269	91987	160	798	573
270	92187	439	806	569
271	92645	100	796	579
272	92785	279	803	572
273	93104	140	803	560
274	93283	379	807	557
275	93781	100	1196	523
276	93941	100	1289	519
277	94100	139	595	336
278	94260	179	600	342
279	94499	259	747	791
280	94818	179	439	566
281	95037	140	990	578
282	95197	239	984	582
283	95755	219	796	550
284	96054	219	811	597
285	96553	319	815	582
286	96892	578	812	584
287	97490	239	814	572
288	97769	100	514	467
289	98028	239	483	778
290	98327	140	894	683
291	98487	159	884	705
292	98766	219	1196	381
293	99005	179	1031	260
294	99244	160	478	207
295	99463	180	1157	603
296	99703	279	762	445
297	100221	159	789	573
298	100400	219	804	587
299	100640	239	805	579
300	100919	539	811	582
301	101477	299	808	590
302	101796	319	802	531
303	102155	359	435	511
304	102574	179	539	863
305	102853	219	733	876
306	103232	160	465	707
307	103471	140	1105	703
308	103650	159	1104	690
309	103850	180	1070	492
310	104089	199	859	485
311	104308	120	852	492
312	104488	180	818	395
313	104727	100	527	217
314	104846	160	523	227
315	105126	419	801	505
316	105804	140	784	565
317	105963	339	814	578
318	106700	478	823	579
319	107199	438	822	586
320	107657	239	643	570
321	107936	239	486	424
322	108215	219	430	907
323	108674	140	383	413
324	108853	399	380	395
325	109432	179	796	545
326	109631	359	802	583
327	110428	100	798	570
328	110548	339	800	576
329	110907	638	780	564
330	111605	279	448	652
331	112063	100	343	798
332	112243	140	1156	677
333	112602	120	348	747
334	112741	199	309	760
335	113000	100	690	344
336	113120	160	688	352
337	113359	120	431	256
338	113658	139	905	311
339	113917	120	1253	649
340	114097	120	1257	639
341	114376	100	882	860
342	114535	219	781	607
343	114775	279	779	597
344	115233	180	794	575
345	115492	518	824	584
346	116111	180	799	566
347	116310	100	799	573
348	116449	299	794	581
349	116769	399	797	575
350	117227	140	591	397
351	117486	239	1203	370
352	117745	179	1218	385
353	118124	140	888	544
354	118483	179	828	584
355	118682	140	828	571
356	118842	100	827	572
357	119041	159	807	601
358	119241	120	816	555
359	119380	259	815	543
360	119759	120	814	603
361	119998	100	719	411
362	120198	259	821	561
363	120636	100	988	637
364	120875	120	486	432
365	121075	199	448	964
366	121513	219	1109	893
367	121793	239	1172	954
368	122211	179	728	704
369	122510	179	947	481
370	122789	279	1238	574
371	123388	159	1269	191
372	123607	339	807	340
373	123966	159	719	396
374	124225	140	472	217
375	124544	199	437	574
376	124803	120	659	538
377	124982	259	984	589
378	125302	100	1177	920
379	125461	498	810	579
380	126179	399	816	531
381	126597	857	806	563
382	127515	219	809	580
383	127754	219	800	582
384	128152	239	503	291
385	128412	160	499	318
386	128770	159	780	536
387	128950	359	798	569
388	129329	439	801	571
389	130086	638	804	560
390	130824	239	560	412
391	131103	319	1090	270
392	131542	239	1120	917
393	131841	179	506	718
394	132100	179	540	855
395	132359	299	1116	382
396	132778	199	494	395
397	133097	319	931	509
398	133854	120	807	571
399	133994	179	804	588
400	134193	219	784	554
401	134433	459	797	566
402	134971	140	851	560
403	135130	399	808	568
404	135549	219	810	571
405	135868	219	804	960
406	136227	120	402	613
407	136366	120	401	615
408	136546	100	502	779
409	136705	199	1143	472
410	136964	299	650	261
411	137283	120	649	285
412	137483	180	796	538
413	137682	239	801	571
414	138101	339	823	550
415	138460	219	807	571
416	138779	259	802	560
417	139318	598	810	573
418	139975	100	475	586
419	140095	379	426	591
420	140733	140	773	536
421	141231	179	771	618
422	141450	219	816	632
423	141689	100	810	607
424	141969	319	802	584
425	142308	239	798	576
426	142786	140	430	800
427	142986	319	424	468
428	143364	120	1130	458
429	143643	498	1123	356
430	144501	219	808	564
431	144999	239	790	574
432	145517	120	1327	1134
433	145697	160	852	598
434	145916	140	824	585
435	146156	319	823	566
436	146514	259	581	517
437	147033	339	988	278
438	147391	120	978	266
439	147571	100	818	630
440	147850	399	797	547
441	148707	419	1278	1202
442	149146	160	1273	1208
443	149385	259	837	552
444	149684	120	795	229
445	149864	478	836	131
446	150661	1236	808	478
447	151917	479	804	590
448	152475	100	739	323
449	152615	100	989	232
450	152854	139	1168	872
451	153054	100	940	913
452	153193	279	920	922
453	153632	319	941	848
454	153971	538	932	841
455	154549	199	932	845
456	155007	100	928	844
457	155127	179	932	828
458	155326	179	930	836
459	155645	219	633	685
460	155924	179	716	502
461	156184	120	381	671
462	156403	359	857	980
463	156802	279	1085	344
464	157220	279	614	141
465	157539	160	577	544
466	157799	100	899	611
467	157958	199	805	576
468	158377	339	794	568
469	158736	817	803	563
470	159573	498	796	560
471	160091	100	621	497
472	160251	578	528	336
473	160969	179	761	583
474	161268	100	901	1050
475	161547	199	792	1206
476	161806	558	800	556
477	162384	299	808	562
478	162703	379	796	563
479	163580	100	469	795
480	163740	239	466	255
481	164039	259	1129	214
482	164338	219	1160	736
483	164637	239	804	463
484	164936	160	908	877
485	165235	239	909	872
486	165614	219	904	683
487	165873	159	1243	987
488	166172	598	815	582
489	166950	199	808	586
490	167169	279	814	576
491	167508	279	910	895
492	168006	180	509	902
493	168206	100	511	908
494	168365	179	835	521
495	168564	120	831	537
496	168704	139	718	592
497	168883	159	599	281
498	169063	120	590	308
499	169402	219	1109	361
500	169741	100	844	537
501	170020	120	788	491
502	170179	1037	792	579
503	171236	319	804	576
504	171575	339	813	587
505	171934	299	663	566
506	172353	120	702	917
507	172552	239	431	412
508	172971	199	1166	333
509	173250	139	879	312
510	173509	159	509	188
511	174187	219	759	599
512	174605	120	840	539
513	174745	439	800	581
514	175463	538	800	551
515	176021	100	807	595
516	176240	478	807	557
517	177236	120	1131	378
518	178014	139	830	523
519	178173	120	798	529
520	178532	120	806	525
521	178672	399	802	560
522	179191	159	829	629
523	179370	179	823	647
524	179609	279	504	435
525	179928	160	879	904
526	180187	160	600	834
527	180686	100	1033	885
528	180825	100	1034	897
529	181084	179	1026	426
530	181364	159	1204	393
531	181583	160	523	209
532	181822	299	922	580
533	182141	199	802	584
534	182759	139	811	549
535	182919	159	807	540
536	183357	299	812	542
537	183676	379	816	546
538	184075	179	819	541
539	184274	179	823	549
540	184733	100	888	232
541	184912	219	874	269
542	185172	120	843	589
543	185331	538	814	568
544	185889	120	816	551
545	186248	239	814	572
546	186527	219	805	578
547	186926	120	804	561
548	187126	299	813	568
549	187624	120	774	938
550	187763	140	829	918
551	188342	120	806	577
552	188481	219	800	559
553	188760	140	806	564
554	188999	219	818	577
555	189239	399	807	572
556	189658	339	809	580
557	190016	379	811	583
558	190475	140	612	287
559	190634	219	593	285
560	190993	140	773	588
561	191153	518	810	582
562	191890	160	821	574
563	192149	518	817	563
564	192688	419	809	567
565	193386	239	848	1032
566	193705	159	822	499
567	193964	140	815	565
568	194303	658	812	560
569	195080	419	817	588
570	195519	339	814	629
571	196137	219	664	310
572	196476	179	881	301
573	197034	120	878	1025
574	197194	259	1160	508
575	197512	259	787	521
576	197792	100	822	566
577	198131	100	788	595
578	198410	658	812	553
579	199267	179	819	504
580	199466	140	808	545
581	199706	299	810	555
582	200184	120	608	389
583	200383	219	433	840
584	200702	339	979	725
585	201241	120	893	599
586	201460	239	896	528
587	201739	120	948	289
588	201919	259	504	256
589	202457	199	818	552
590	202975	259	810	551
591	203374	139	1102	393
592	203573	559	823	558
593	204152	239	827	562
594	204451	239	815	584
595	204929	259	611	425
596	205348	180	533	225
597	205547	120	523	236
598	205707	279	1157	546
599	206544	100	926	452
600	206823	160	759	572
601	207182	199	799	518
602	207421	139	811	568
603	207620	519	811	570
604	208239	180	811	577
605	208438	538	820	579
606	209036	140	627	377
607	209275	159	521	278
608	209475	180	515	286
609	210152	239	813	550
610	210411	937	803	573
611	211369	458	805	580
612	211847	100	803	571
613	211967	100	806	569
614	212505	180	934	905
615	212724	179	811	979
616	212924	179	798	970
617	213303	100	799	965
618	213761	538	775	626
619	214339	339	806	601
620	214758	399	796	556
621	215276	140	507	496
622	215456	299	430	268
623	215914	179	1081	815
624	216154	159	1038	703
625	216373	100	1025	710
626	216532	120	763	854
627	216851	279	484	719
628	217350	199	916	424
629	217987	140	812	589
630	218187	120	810	587
631	218326	299	809	604
632	218665	160	814	600
633	218845	538	816	595
634	219403	219	798	563
635	219802	120	796	848
636	219981	160	772	848
637	220241	120	769	858
638	220560	139	831	631
639	220978	459	795	656
640	221457	159	786	677
641	221855	299	799	656
642	222175	259	805	642
643	222494	159	965	291
644	222673	120	1004	305
645	222812	219	1009	277
646	223251	100	1015	308
647	223390	379	1018	283
648	223909	140	848	540
649	224188	299	822	579
650	224746	219	810	606
651	225065	140	804	552
652	225524	358	786	546
653	226182	518	490	306
654	226760	199	852	267
655	227019	199	494	312
656	227258	120	492	305
657	227398	239	486	303
658	227657	259	488	307
659	228096	618	798	573
660	228794	100	777	560
661	228933	179	790	595
662	229132	379	796	581
663	229531	239	793	581
664	229850	339	794	573
665	230249	179	622	220
666	230687	180	717	263
667	230927	778	660	231
668	232003	100	796	553
669	232183	139	810	561
670	232402	120	821	569
671	232601	399	803	571
672	233020	319	807	573
673	233359	219	804	506
674	233598	319	796	591
675	233977	120	1142	500
676	234117	339	1167	510
677	234575	100	841	544
678	234854	100	822	530
679	235034	339	809	564
680	235412	159	798	564
681	235871	139	833	547
682	236030	180	821	567
683	236230	319	817	558
684	236589	219	802	572
685	237267	120	572	782
686	237446	100	822	561
687	237905	100	812	588
688	238024	100	812	591
689	238184	478	804	567
690	238762	120	793	681
691	239001	140	811	599
692	239161	379	812	591
693	239559	100	575	857
694	239679	140	568	849
695	239878	159	828	702
696	240098	199	570	392
697	240397	219	668	466
698	240895	179	1172	258
699	241174	239	1125	831
700	241433	100	1127	838
701	241553	139	1046	580
702	241812	199	529	795
703	242051	140	532	795
704	242251	139	805	565
705	242590	139	780	542
706	242769	159	822	555
707	242949	259	809	549
708	243228	299	815	531
709	243666	259	812	581
710	243985	120	811	568
711	244145	239	815	633
712	244524	120	486	819
713	244703	120	488	359
714	245281	299	606	194
715	245839	339	828	519
716	246517	159	775	509
717	246717	498	819	526
718	247434	299	823	590
719	247793	120	1177	666
720	247993	100	1143	616
721	248132	239	1234	693
722	248491	179	1220	699
723	249289	179	828	99
724	249528	140	312	158
725	249727	140	827	495
726	249947	179	821	480
727	250166	339	817	559
728	250525	299	821	549
729	250844	359	759	386
730	251282	100	663	281
731	251482	159	1202	1022
732	251940	199	1136	580
733	252279	120	509	872
734	252419	100	566	894
735	252558	339	566	905
736	253276	1136	812	557
737	254452	219	801	572
738	254691	160	819	567
739	254871	160	820	571
740	255130	180	712	967
741	255569	259	475	752
742	255868	179	790	604
743	256586	219	651	214
744	256865	199	382	141
745	257124	219	1192	380
746	257403	139	1235	418
747	257602	179	1117	871
748	257961	179	532	934
749	258200	100	724	716
750	258320	120	756	521
751	258460	120	760	513
752	258599	180	762	518
753	259137	1156	808	563
754	260334	698	811	553
755	261051	139	877	575
756	261231	259	794	248
757	261570	319	448	466
758	261909	120	586	426
759	262108	140	672	567
760	262327	139	695	975
761	262507	160	731	955
762	262706	180	671	575
763	262906	379	700	546
764	263344	120	764	953
765	263484	159	745	930
766	263663	239	737	954
767	264142	259	1155	457
768	264480	239	735	508
769	264740	239	696	543
770	265099	139	461	212
771	265358	179	891	272
772	265617	279	870	460
773	266873	179	806	568
774	267072	399	811	564
775	267491	817	810	563
776	268388	100	611	613
777	268647	120	656	982
778	268787	120	659	974
779	269126	120	1178	681
780	269345	180	1100	253
781	269644	159	450	280
782	269844	199	596	500
783	270142	199	1027	752
784	270382	200	733	622
785	270601	120	736	629
786	270741	120	790	572
787	271060	159	820	531
788	271319	140	831	558
789	271498	219	815	559
790	271837	439	815	554
791	272415	379	814	616
792	272854	199	802	961
793	273472	139	563	754
794	273652	239	438	397
795	273911	140	391	242
796	274170	140	841	397
797	274489	299	1149	519
798	274828	259	1158	227
799	275266	100	629	803
800	275406	100	799	716
801	275585	140	484	654
802	275785	160	1041	716
803	276383	379	811	556
804	277320	159	808	549
805	277500	638	809	557
806	278237	100	653	354
807	278596	100	1047	949
808	278716	100	1037	941
809	278895	299	419	175
810	279353	219	824	434
811	279593	120	871	482
812	279772	239	541	647
813	280071	159	1035	952
814	280290	140	417	841
815	280729	319	1063	264
816	281088	120	1181	349
817	281267	199	462	214
818	281686	119	871	660
819	281885	578	869	548
820	282784	139	819	550
821	282942	100	814	559
822	283141	120	815	568
823	283560	578	816	571
824	284178	299	821	564
825	284776	140	840	900
826	284936	100	887	888
827	285095	120	872	900
828	285235	120	878	885
829	285893	140	870	653
830	286471	159	803	663
831	286670	100	801	664
832	287129	438	816	642
833	287687	100	499	475
834	287807	259	487	483
835	288086	259	483	488
836	288465	100	482	484
837	288863	439	739	570
838	289422	139	804	566
839	289960	518	816	564
840	290498	419	814	578
841	290977	100	1221	833
842	291096	100	1211	856
843	291216	120	1120	858
844	291395	379	550	411
845	291854	199	793	272
846	292173	259	373	196
847	292512	299	894	551
848	293110	160	1006	911
849	293529	299	650	986
850	293927	180	559	956
851	294386	219	576	525
852	294645	199	1106	630
853	295104	120	1251	281
854	295303	100	897	260
855	295482	120	469	197
856	295662	199	793	565
857	295881	199	813	588
858	296479	140	814	553
859	296679	598	814	567
860	297297	199	816	552
861	297536	259	800	556
862	297975	100	547	398
863	298333	219	1006	140
864	298672	319	1090	736
865	299051	638	1059	402
866	299709	140	1057	407
867	300208	219	803	538
868	300546	120	1090	272
869	300766	778	813	540
870	301603	120	782	542
871	301743	299	804	554
872	302102	100	503	729
873	302221	598	463	796
874	303298	399	812	604
875	303716	219	803	604
876	304095	100	809	567
877	304215	159	804	565
878	304394	698	810	573
879	305272	319	347	686
880	305869	120	791	579
881	306089	399	809	569
882	306687	159	783	579
883	306867	299	820	554
884	307425	399	728	559
885	307843	199	819	558
886	308083	159	454	547
887	308262	160	363	559
888	308621	140	372	563
889	309099	219	833	576
890	309339	179	817	579
891	309737	179	837	582
892	309937	239	820	562
893	310415	399	802	564
894	310894	219	811	570
895	311173	279	448	560
896	311492	279	1165	389
897	311811	160	1054	352
898	312070	299	1109	743
899	312688	100	433	940
900	313306	140	807	536
901	313466	259	805	566
902	313944	239	810	552
903	314582	917	806	579
904	315519	359	760	409
905	316396	239	1147	308
906	316914	299	816	547
907	317233	140	811	550
908	317393	179	816	544
909	317592	260	814	573
910	317951	160	86	804
911	318151	159	810	564
912	318430	518	812	556
913	318968	239	583	354
914	319287	279	1059	968
915	320144	279	989	549
916	320523	140	826	529
917	321082	438	815	579
918	321540	399	819	576
919	321959	837	821	570
920	322876	100	579	392
921	323015	219	508	328
922	323255	219	493	332
923	323673	120	809	541
924	323952	120	809	586
925	324371	937	812	640
926	325368	319	812	559
927	325787	160	501	317
928	326046	120	698	825
929	326245	160	1127	939
930	326484	140	781	623
931	326704	179	965	580
932	327242	239	486	585
933	327601	160	495	897
934	327840	140	896	422
935	328000	259	891	430
936	328418	459	840	758
937	328897	179	817	576
938	329096	100	826	574
939	329216	239	820	559
940	329614	140	813	562
941	329774	179	821	562
942	329973	239	816	574
943	330233	319	811	576
944	330572	299	812	553
945	330891	359	809	569
946	331309	199	608	725
947	331628	159	503	348
948	332107	239	1200	883
949	332426	219	745	797
950	332665	159	788	875
951	333183	140	854	851
952	333343	120	789	850
953	333522	319	1085	333
954	333861	219	804	424
955	334140	179	439	387
956	334778	259	830	574
957	335157	120	814	593
958	335296	100	811	599
959	335775	160	810	569
960	335954	339	818	570
961	336353	159	789	575
962	336632	140	788	580
963	336852	179	874	908
964	337131	199	1199	356
965	337410	279	449	382
966	338008	518	808	613
967	338745	160	779	556
968	338925	140	802	582
969	339084	199	806	569
970	339423	479	817	580
971	340041	877	812	570
972	340938	180	734	346
973	341357	140	1067	887
974	341556	259	1231	789
975	341875	140	487	863
976	342135	160	846	890
977	342374	199	501	499
978	343092	219	930	512
979	343351	319	775	713
980	344367	120	812	573
981	344527	1416	816	562
982	346202	120	433	388
983	346361	478	443	914
984	346979	199	1146	946
985	347318	180	388	902
986	347657	239	325	920
987	347956	199	1059	675
988	348216	199	1213	590
989	348515	219	1230	361
990	348754	219	845	294
991	349133	219	495	206
992	349571	199	806	51
993	349850	140	892	630
994	350408	319	864	401
995	350767	100	827	556
996	351086	100	795	516
997	351206	478	807	551
998	351764	139	842	528
999	351924	618	814	544
1000	352562	199	811	560
1001	352781	179	817	547
1002	353080	100	777	901
1003	353538	140	501	899
1004	353738	120	501	933
1005	353937	279	1143	551
1006	354276	319	541	302
1007	354695	259	385	587
1008	355114	219	394	605
1009	355492	100	394	603
1010	355871	140	818	514
1011	356111	100	813	541
1012	356230	179	812	538
1013	356609	180	811	534
1014	356808	120	805	531
1015	356988	159	810	573
1016	357167	199	807	572
1017	357526	439	813	544
1018	358064	199	498	547
1019	358642	159	954	753
1020	358822	100	964	757
1021	359021	100	1145	889
1022	359360	160	448	936
1023	359619	339	1144	402
1024	360038	160	626	612
1025	360218	219	891	546
1026	360477	120	807	536
1027	360936	139	857	560
1028	361174	120	826	553
1029	361633	120	811	557
1030	361772	159	816	562
1031	361952	159	824	563
1032	362151	199	820	532
1033	362390	219	822	543
1034	362650	219	656	678
1035	362929	120	620	288
1036	363148	120	620	297
1037	363347	259	858	547
1038	363666	219	1105	459
1039	364025	100	1240	500
1040	364245	160	1089	259
1041	364504	140	539	803
1042	364703	299	713	414
1043	365042	120	809	521
1044	365342	239	921	563
1045	366259	379	812	554
1046	366657	140	817	577
1047	366837	259	820	557
1048	367256	100	447	571
1049	367415	219	1152	320
1050	367654	179	830	147
1051	367953	219	1225	544
1052	368252	140	707	698
1053	368451	140	545	390
1054	368671	199	688	386
1055	369169	120	977	775
1056	369528	219	1106	723
1057	370106	120	816	546
1058	370246	160	797	553
1059	371263	638	807	565
1060	371980	100	681	822
1061	372120	160	617	828
1062	372299	120	613	805
1063	372479	100	608	813
1064	372638	140	804	563
1065	372958	100	783	531
1066	373077	379	805	588
1067	373536	419	813	577
1068	374074	299	824	551
1069	374492	180	807	576
1070	374751	100	654	823
1071	375170	120	612	310
1072	375549	140	1164	686
1073	376007	259	848	531
1074	376306	259	493	962
1075	376885	140	713	820
1076	377084	219	1073	947
1077	377323	100	1175	915
1078	377463	100	712	816
1079	377582	159	710	826
1080	377782	179	427	774
1081	378021	199	817	530
1082	378340	259	1054	573
1083	378659	299	1162	244
1084	379137	140	509	206
1085	379317	120	371	159
1086	379536	140	752	138
1087	379716	359	729	528
1088	380194	119	824	570
1089	380732	199	827	554
1090	381450	139	777	520
1091	381829	100	804	562
1092	381949	179	808	557
1093	382168	179	578	594
1094	382427	199	450	333
1095	383105	179	1133	835
1096	383643	279	1164	406
1097	384002	279	475	216
1098	384421	179	494	559
1099	384620	100	793	547
1100	384740	140	797	541
1101	384999	339	1095	543
1102	385438	160	1107	810
1103	386135	439	1241	552
1104	386614	120	875	537
1105	386933	140	833	557
1106	387093	399	828	557
1107	387531	219	825	547
1108	387830	179	803	577
1109	388069	618	827	559
1110	388747	159	1093	474
1111	388966	120	879	391
1112	389186	458	1093	357
1113	389664	160	1088	352
1114	390023	219	845	581
1115	390262	219	810	567
1116	390661	1316	819	562
1117	391997	199	1014	346
1118	392435	239	502	379
1119	392695	239	505	404
1120	392994	120	502	392
1121	393332	100	844	510
1122	393512	180	820	535
1123	394190	717	815	561
1124	394927	458	815	549
1125	395446	179	1224	397
1126	395785	239	637	824
1127	396124	299	1307	442
1128	396443	319	929	420
1129	396841	199	1028	633
1130	397081	159	546	580
1131	397420	100	1160	150
1132	397858	100	547	339
1133	398197	299	1061	842
1134	398636	100	1150	692
1135	398795	159	571	798
1136	398995	100	685	299
1137	399294	279	864	468
1138	399852	200	810	501
1139	400091	359	812	549
1140	400490	259	807	515
1141	400789	658	806	530
1142	401547	120	807	529
1143	401826	100	853	493
1144	402005	120	752	140
1145	402145	239	766	168
1146	402504	179	776	142
1147	402882	160	814	436
1148	403201	199	824	524
1149	403760	279	810	521
1150	404138	120	806	572
1151	404298	159	815	583
1152	404497	259	814	490
1153	404976	379	703	236
1154	405434	120	830	535
1155	405594	259	827	578
1156	405933	199	808	595
1157	406152	120	811	581
1158	406571	199	824	560
1159	406790	120	814	567
1160	406990	120	817	545
1161	407149	239	785	358
1162	407787	279	778	247
1163	408186	219	396	410
1164	408485	140	1044	857
1165	408744	199	1234	618
1166	409103	179	616	747
1167	409382	160	805	639
1168	410080	160	776	585
1169	410259	459	790	627
1170	410738	160	814	581
1171	410977	199	778	615
1172	411256	140	775	592
1173	411455	200	800	617
1174	411934	120	795	905
1175	412094	259	814	926
1176	412553	100	782	815
1177	413131	100	790	699
1178	413270	159	793	705
1179	413470	598	794	700
1180	414347	100	786	715
1181	414726	199	723	476
1182	415065	100	1121	882
1183	415403	199	1232	605
1184	415643	219	710	301
1185	415882	419	706	246
1186	416938	140	782	554
1187	417098	100	766	557
1188	417317	139	782	623
1189	417636	299	793	529
1190	418055	120	809	621
1191	418474	219	787	598
1192	418792	160	486	712
1193	419012	199	866	475
1194	419231	139	868	485
1195	419410	259	944	701
1196	419869	159	521	493
1197	420088	100	749	902
