Data properties:
 
Recording date: 30/05/2007
Recording time : 9:51:38:484 (corresponds to time 0)
Study: Alasdair
Subject: LM
Recording: l3
Screen resolution: 1600 x 1200
Coordinate unit: Pixels
 
 
Filter settings:
 
Eye: Average
Validity level: Normal
Fixation radius: 30
Min duration: 100
 
Fix number	Timestamp	Duration	GazepointX	GazepointY
 
1	431	140	365	1119
2	730	100	804	583
3	930	298	788	594
4	1268	239	790	590
5	1627	199	795	591
6	1966	100	797	581
7	2105	339	804	595
8	2684	199	815	560
9	2923	379	588	386
10	3342	219	599	121
11	3621	120	381	289
12	3920	259	1058	542
13	4239	179	1206	409
14	4558	159	668	757
15	4996	179	1051	759
16	5714	100	752	499
17	5833	120	796	569
18	5973	239	798	579
19	6332	100	804	541
20	6531	319	790	525
21	6870	159	783	516
22	7110	439	779	576
23	7947	120	557	288
24	8126	180	325	510
25	8386	279	1091	654
26	8685	199	1163	697
27	8944	259	773	499
28	9402	219	624	834
29	9721	200	671	809
30	10021	239	801	520
31	10539	279	800	566
32	10858	299	797	514
33	11197	140	800	558
34	11356	758	802	559
35	12134	219	763	374
36	12413	179	828	244
37	12732	199	1135	611
38	12951	140	1168	589
39	13310	299	686	272
40	13669	219	634	265
41	13908	299	634	275
42	14407	179	792	506
43	14825	299	804	543
44	15403	499	794	517
45	15922	359	790	515
46	16400	100	689	379
47	16520	239	689	396
48	16859	180	502	311
49	17138	179	1026	659
50	17337	478	1076	540
51	17856	319	1064	472
52	18215	120	1080	615
53	18354	120	1070	592
54	18514	299	608	680
55	18972	259	570	977
56	19271	219	1137	939
57	19670	140	535	233
58	19830	299	536	248
59	20527	219	807	521
60	20767	160	815	540
61	20946	179	822	541
62	21145	239	813	535
63	21424	199	772	504
64	21644	618	798	507
65	22282	259	791	541
66	22581	279	844	355
67	22920	160	721	206
68	23139	259	422	431
69	23458	199	766	642
70	23777	319	1229	594
71	24156	219	974	915
72	24415	219	442	665
73	24694	239	842	506
74	25053	419	655	603
75	25651	180	756	592
76	26209	339	802	612
77	26568	159	804	609
78	26748	160	720	569
79	26927	439	728	569
80	27426	259	797	582
81	27844	219	452	750
82	28203	259	489	769
83	28622	199	651	708
84	28901	159	795	614
85	29161	119	794	585
86	29300	359	792	568
87	29719	698	721	573
88	30436	140	722	584
89	30636	339	533	788
90	31274	518	532	825
91	31812	139	531	828
92	32131	299	637	657
93	32629	758	612	750
94	33487	359	608	749
95	33965	140	502	707
96	34165	180	427	442
97	34404	140	398	419
98	34623	179	1070	684
99	34942	100	1085	616
100	35102	219	736	308
101	35381	439	794	568
102	35919	239	807	533
103	36238	100	804	581
104	36358	618	799	583
105	36996	438	798	556
106	37454	199	897	576
107	37673	120	901	576
108	37813	179	932	580
109	38092	259	1058	367
110	38431	239	536	289
111	38770	339	1099	239
112	39189	139	943	147
113	39388	239	1052	609
114	39667	179	1153	642
115	39906	179	1229	911
116	40166	199	534	812
117	40405	179	580	674
118	40704	219	745	550
119	41123	100	624	1000
120	41282	120	490	499
121	41422	160	488	485
122	41621	139	665	468
123	41999	279	811	531
124	42318	519	801	578
125	42877	100	811	579
126	42997	359	810	590
127	43375	180	734	575
128	43714	159	801	559
129	44113	179	540	566
130	44332	199	554	285
131	44551	100	555	275
132	44711	100	459	341
133	44870	140	1033	419
134	45169	100	1226	563
135	45329	140	979	342
136	45528	179	945	262
137	45867	199	1035	789
138	46107	259	546	745
139	46605	199	531	311
140	46824	160	531	306
141	47283	139	778	542
142	47682	319	777	560
143	48041	239	777	565
144	48459	319	776	565
145	48838	420	762	611
146	49317	179	486	630
147	49537	299	510	285
148	49876	160	597	266
149	50215	120	689	226
150	50573	140	961	574
151	50733	100	992	458
152	50952	120	512	779
153	51092	120	516	764
154	51371	339	356	466
155	51769	379	774	314
156	52248	160	466	221
157	52467	239	994	686
158	52826	179	654	562
159	53304	239	715	561
160	53564	179	765	607
161	54181	299	796	554
162	54540	159	746	580
163	54720	498	792	546
164	55278	219	633	624
165	55557	179	1061	423
166	55756	120	1007	459
167	55936	219	557	284
168	56175	140	608	295
169	56374	140	385	653
170	56594	100	378	661
171	56733	239	801	630
172	57052	140	1129	349
173	57212	259	800	485
174	57790	479	818	553
175	58288	997	802	568
176	59305	379	803	558
177	59724	120	1112	379
178	59863	100	1115	375
179	60023	299	503	381
180	60342	140	559	373
181	60701	578	837	179
182	61598	957	798	528
183	62754	179	768	522
184	62973	399	800	566
185	63392	160	813	319
186	63671	199	785	194
187	63990	239	736	154
188	64269	199	726	144
189	64668	100	796	494
190	64887	319	811	589
191	65286	100	811	557
192	65426	259	702	157
193	65705	379	709	166
194	66163	140	797	499
195	66323	399	815	536
196	67120	140	1118	713
197	67439	339	1098	772
198	67819	199	996	757
199	68058	319	1069	429
200	68476	179	472	549
201	68795	279	446	175
202	69393	259	542	885
203	70390	459	625	417
204	70888	120	805	573
205	71187	140	879	513
206	71387	179	818	560
207	71606	498	799	575
208	72204	758	803	570
209	73002	299	819	281
210	73360	279	798	635
211	73679	219	970	645
212	73979	319	533	907
213	74617	100	1090	968
214	74756	259	1206	554
215	75235	160	546	293
216	75494	239	441	292
217	75793	199	757	526
218	76012	319	704	521
219	76511	120	795	574
220	76949	199	867	622
221	77308	179	745	552
222	77507	180	798	574
223	77806	139	799	579
224	77965	598	798	567
225	78603	239	675	571
226	78882	159	629	300
227	79401	199	415	168
228	79800	140	1209	681
229	80059	100	1245	939
230	80258	279	1144	328
231	80597	299	510	719
232	80996	140	462	1019
233	81175	120	464	1013
234	81773	139	751	627
235	81933	259	608	632
236	82272	459	684	206
237	83707	100	783	495
238	83887	478	802	557
239	84405	259	796	550
240	84684	159	799	559
241	84883	100	641	414
242	85043	379	611	350
243	85442	159	608	353
244	86060	179	828	562
245	86279	797	809	554
246	87096	160	793	552
247	87455	339	645	488
248	87834	299	693	349
249	88313	120	1073	591
250	88612	160	967	241
251	88911	179	482	608
252	89150	180	938	798
253	89389	100	389	848
254	89529	279	1021	475
255	90187	319	795	562
256	90545	140	1340	443
257	90725	259	814	541
258	91004	439	812	546
259	91463	478	806	556
260	92120	818	483	471
261	92958	718	490	479
262	93755	618	499	477
263	94393	458	510	481
264	94892	100	806	575
265	95011	259	805	559
266	95350	199	565	433
267	95569	120	511	345
268	95729	279	1067	419
269	96068	199	836	236
270	96287	179	855	260
271	96487	179	1242	305
272	96726	259	1032	783
273	97105	180	646	806
274	97324	339	524	417
275	97703	100	695	476
276	98022	100	681	200
277	98201	239	736	518
278	98839	359	816	561
279	99278	439	810	561
280	99736	179	810	560
281	99956	180	783	549
282	100195	239	812	558
283	100554	199	790	552
284	100833	219	611	291
285	101291	120	1175	361
286	101531	239	1134	713
287	101830	219	897	548
288	102109	239	491	659
289	102388	160	550	238
290	103664	160	803	646
291	103844	379	810	637
292	104263	219	811	605
293	104582	180	806	567
294	104782	239	803	580
295	105080	179	467	453
296	105339	120	472	248
297	105598	179	531	666
298	105798	119	586	641
299	106156	100	1114	518
300	106276	239	825	325
301	106575	239	1096	811
302	106874	179	718	812
303	107193	159	587	306
304	107532	140	718	623
305	107851	140	792	558
306	108030	199	802	567
307	108249	120	798	547
308	108409	578	800	560
309	109047	538	791	560
310	109625	159	570	403
311	110004	140	898	487
312	110183	279	596	631
313	110722	120	1016	947
314	111081	160	1182	382
315	111320	159	881	257
316	111838	359	706	658
317	112257	120	810	1062
318	112675	159	1048	2112
319	113993	199	434	1134
320	114451	239	735	643
321	114750	180	846	422
322	115189	219	1152	642
323	115468	279	714	327
324	116067	100	511	736
325	116306	139	474	503
326	116545	259	512	563
327	116864	299	688	979
328	117203	100	1058	438
329	117423	179	1043	451
330	117682	239	727	600
331	118320	259	787	1106
332	118878	120	797	608
333	119157	139	859	607
334	119356	199	804	629
335	119815	120	822	637
336	120074	100	569	695
337	120194	140	564	703
338	120393	120	517	406
339	120812	199	1153	624
340	121051	120	1047	407
341	121190	159	1046	399
342	121609	219	494	831
343	121848	219	439	726
344	122088	140	430	771
345	122427	180	646	698
346	122626	119	630	693
347	123005	159	-2	900
348	123184	339	8	919
349	123543	279	29	985
350	123882	159	694	728
351	124062	159	766	677
352	124241	219	793	695
353	124500	159	457	736
354	124680	140	509	797
355	124859	279	1128	655
356	125278	140	581	333
357	125636	239	801	952
358	125896	199	802	954
359	126434	199	1271	1217
360	126653	160	1248	1197
361	126833	100	1247	1195
362	126992	180	817	604
363	127331	120	791	595
364	127491	359	792	564
365	127869	120	780	583
366	128009	179	705	595
367	128428	120	443	677
368	128806	219	505	209
369	129185	160	1143	559
370	129384	120	785	758
371	129684	199	717	508
372	129943	159	712	534
373	130720	160	837	585
374	130979	199	796	584
375	131199	159	785	548
376	131378	140	788	539
377	131657	200	781	577
378	131877	359	787	572
379	132275	259	598	529
380	132594	259	954	512
381	132913	279	643	832
382	133452	199	679	262
383	133830	239	381	597
384	134349	159	1209	584
385	134568	199	1218	867
386	134807	140	613	838
387	134987	160	698	534
388	135166	140	709	560
389	135326	139	709	549
390	136023	240	778	1183
391	136283	279	799	1243
392	137319	100	811	560
393	137459	100	813	562
394	137738	140	716	428
395	137977	199	1048	870
396	138296	180	459	881
397	138516	160	510	663
398	138755	219	494	404
399	139034	279	1179	439
400	139393	139	852	718
401	139752	100	752	986
402	140031	120	739	454
403	140170	180	745	470
404	140848	239	812	600
405	141247	359	804	581
406	141626	179	808	587
407	141825	120	818	605
408	141965	538	808	592
409	142543	140	660	571
410	142742	140	783	879
411	142902	159	766	909
412	143260	120	759	906
413	143400	120	760	919
414	143560	179	763	924
415	144118	240	795	569
416	144676	159	811	551
417	144875	179	803	583
418	145174	299	808	584
419	145493	239	805	591
420	145752	160	796	576
421	146032	119	594	641
422	146191	299	613	377
423	146650	100	1042	179
424	146929	100	1264	462
425	147088	339	1235	732
426	147567	159	494	719
427	147746	100	494	727
428	147866	219	677	690
429	148185	120	365	629
430	148444	160	605	221
431	148663	219	800	404
432	148942	299	1066	543
433	149341	140	742	545
434	149640	220	820	771
435	149879	100	829	767
436	150039	179	827	762
437	150278	219	811	560
438	150577	399	804	557
439	151215	359	767	515
440	151793	120	965	728
441	151953	160	527	952
442	152252	140	546	372
443	152651	199	1045	402
444	152870	100	1048	388
445	153089	139	501	654
446	153289	179	930	660
447	153608	199	734	594
448	153987	199	748	528
449	154385	219	720	923
450	154664	120	796	515
451	155003	140	827	529
452	155183	219	808	568
453	155422	159	752	526
454	155641	219	801	553
455	155960	159	708	297
456	156139	219	736	266
457	156458	219	539	692
458	156718	140	471	234
459	157176	100	728	229
460	157336	160	1096	573
461	157515	139	1226	615
462	157894	120	757	733
463	158253	459	712	350
464	159010	219	808	556
465	159250	419	803	567
466	159688	379	798	552
467	160087	179	732	496
468	160286	120	782	550
469	160625	160	770	495
470	160845	359	795	553
471	161223	219	1078	359
472	161502	140	1127	657
473	161722	100	1049	661
474	162041	140	1133	656
475	162240	479	1137	712
476	162918	140	889	574
477	163257	159	852	737
478	163616	239	807	658
479	164014	299	790	622
480	164533	120	769	618
481	164732	199	818	630
482	164952	219	777	492
483	165390	100	1002	572
484	165609	199	413	782
485	166028	239	541	219
486	166388	238	1134	316
487	166706	259	1163	831
488	167025	159	821	895
489	167244	179	529	464
490	167483	399	882	490
491	168400	299	805	578
492	168719	120	799	573
493	168959	160	803	567
494	169138	199	804	565
495	169377	279	805	546
496	169696	458	818	560
497	170354	259	813	195
498	170633	120	809	187
499	170952	658	800	509
500	171650	100	798	625
501	171770	100	802	627
502	171889	299	811	535
503	172368	239	797	494
504	172627	179	790	508
505	172866	239	770	224
506	173145	159	1178	132
507	173524	279	549	525
508	174003	179	864	806
509	174242	120	763	830
510	174621	119	1104	750
511	174800	140	736	452
512	175199	299	810	379
513	175657	199	807	439
514	176236	239	812	525
515	176535	219	813	532
516	176774	299	819	526
517	177093	239	820	530
518	177372	319	799	549
519	177751	160	1086	252
520	178190	160	524	657
521	178449	219	542	306
522	178748	239	1117	786
523	179067	120	1098	462
524	179326	239	701	578
525	179805	239	798	586
526	180064	120	818	647
527	180342	160	801	605
528	180522	160	806	621
529	180701	140	820	675
530	180861	399	808	672
531	181399	339	840	616
532	181798	140	780	409
533	182197	100	778	166
534	182496	100	767	379
535	182655	140	773	481
536	182814	419	767	430
537	183293	279	1022	771
538	183612	140	1197	243
539	184131	239	496	418
540	184549	239	794	554
541	185486	160	178	680
542	185726	179	46	674
543	185945	179	780	587
544	186144	518	812	574
545	186882	140	629	210
546	187141	140	648	217
547	187480	159	762	511
548	187660	239	778	602
549	188058	139	825	573
550	188337	738	806	580
551	189135	259	746	265
552	189454	239	913	516
553	189733	160	1108	700
554	189932	359	1109	705
555	190610	179	820	585
556	191029	160	822	594
557	191288	259	783	580
558	191607	259	842	595
559	191886	518	804	590
560	192424	159	1048	331
561	192603	199	1099	290
562	192823	399	1106	299
563	193401	119	899	453
564	193560	100	820	532
565	193899	140	936	497
566	194218	140	970	430
567	194418	120	816	547
568	194637	140	807	575
569	194796	299	800	572
570	195155	458	787	554
571	195654	199	805	868
572	195873	219	800	888
573	196112	199	803	899
574	196650	219	1090	258
575	197029	140	817	793
576	197249	200	630	1239
577	197528	219	799	631
578	197767	159	792	668
579	197947	359	806	671
580	198325	160	812	666
581	198545	539	1172	499
582	199641	140	-33	505
583	199841	199	58	564
584	200578	120	829	578
585	200718	518	812	581
586	201356	159	654	1030
587	201695	160	1200	554
588	201894	199	663	330
589	202153	180	800	318
590	202452	100	416	752
591	202612	299	370	1098
592	202951	219	1088	1064
593	203250	239	1172	638
594	203529	100	1177	276
595	203668	120	1175	265
596	203868	120	710	567
597	204107	140	1262	630
598	204267	140	1284	747
599	204566	100	799	546
600	204765	100	797	548
601	205044	179	779	601
602	205323	159	835	646
603	205543	100	836	645
604	205682	100	838	648
605	205842	239	823	593
606	206101	219	819	585
607	206340	818	799	572
608	207217	140	723	410
609	207417	100	636	397
610	207536	179	847	280
611	207736	100	856	269
612	207895	179	1012	185
613	208214	379	1196	905
614	208633	120	1189	1072
615	208892	319	618	841
616	209251	100	654	787
617	209391	259	376	724
618	209710	418	446	323
619	210148	339	654	405
620	210826	319	716	701
621	211225	100	1098	754
622	211424	239	718	701
623	211703	239	773	508
624	212261	120	782	532
625	212461	120	799	583
626	212660	140	809	573
627	212820	299	812	566
628	213318	160	815	518
629	213498	538	805	559
630	214435	419	897	298
631	215033	379	796	510
632	215770	319	805	525
633	216368	120	785	580
634	216548	598	797	557
635	217206	219	722	265
636	217485	140	1077	750
637	217804	200	936	695
638	218043	359	404	564
639	218442	279	1060	339
640	218741	100	1175	448
641	219000	319	756	719
642	219698	120	811	556
643	219837	219	813	551
644	220117	160	1121	883
645	220376	120	795	531
646	220515	498	795	559
647	221153	339	788	544
648	221512	319	571	425
649	221891	179	1009	303
650	222110	100	1071	624
651	222350	140	433	370
652	222549	160	494	870
653	222789	180	966	783
654	223088	100	928	686
655	223466	279	690	433
656	223805	120	751	531
657	224223	140	817	520
658	224383	359	801	555
659	224782	120	1389	731
660	224981	140	794	557
661	225320	119	827	507
662	225559	399	801	550
663	225978	140	810	553
664	226317	120	796	914
665	226496	319	1134	457
666	226855	219	736	299
667	227134	159	671	138
668	227333	120	469	501
669	227673	120	508	737
670	228071	259	821	889
671	228390	199	586	593
672	228610	219	908	564
673	228869	140	783	554
674	229507	698	805	550
675	230225	558	806	567
676	230803	259	806	563
677	231301	239	1175	504
678	231600	478	791	383
679	232099	179	634	414
680	232318	120	823	217
681	232498	139	957	184
682	232697	120	556	229
683	232836	179	553	219
684	233076	159	512	657
685	233275	758	541	211
686	234232	100	843	550
687	234391	399	814	558
688	234810	140	809	561
689	234990	199	1350	613
690	235408	199	814	536
691	235647	239	814	534
692	235907	239	801	563
693	236485	199	822	466
694	236804	140	1089	901
695	237003	259	1154	1058
696	237342	199	453	813
697	237561	100	510	830
698	237781	379	911	534
699	238339	239	575	232
700	238738	219	1122	306
701	238997	120	1242	368
702	239276	160	962	567
703	239495	319	897	565
704	239874	180	831	589
705	240093	239	1067	464
706	240392	179	1161	253
707	240672	219	529	306
708	240911	120	652	334
709	241050	120	684	351
710	241310	159	1090	704
711	241529	239	1139	1034
712	241808	419	699	538
713	242506	179	813	594
714	242825	219	331	935
715	243243	100	797	592
716	243482	339	796	573
717	243921	140	813	620
718	244101	219	801	598
719	244360	140	520	392
720	244519	279	450	359
721	244818	179	447	361
722	245237	179	670	484
723	245516	199	387	413
724	245795	120	752	534
725	246114	239	523	382
726	246413	319	389	392
727	246772	180	498	409
728	247051	140	762	496
729	247430	339	918	195
730	247989	139	838	383
731	248188	179	812	528
732	248566	100	775	440
733	248766	319	832	457
734	249125	160	788	512
735	249304	120	791	522
736	249464	179	1001	292
737	249703	120	777	430
738	249843	259	782	418
739	250142	200	754	745
740	250401	219	1067	244
741	250700	140	514	259
742	250939	140	679	270
743	251258	100	557	617
744	251378	120	681	644
745	251517	159	687	643
746	251876	140	848	582
747	252036	179	839	599
748	252235	100	801	585
749	252514	498	792	555
750	253172	239	813	529
751	253471	239	819	557
752	253890	319	807	556
753	254248	239	791	556
754	254567	279	510	251
755	254906	219	625	499
756	255265	179	590	253
757	255903	259	1134	874
758	256202	140	940	733
759	256382	139	833	687
760	256661	100	507	598
761	256781	100	506	600
762	256920	180	751	576
763	257299	140	804	540
764	257478	538	799	565
765	258196	160	805	518
766	258475	379	813	561
767	258874	159	807	571
768	259053	239	807	556
769	259472	199	850	177
770	259771	239	845	183
771	260190	140	809	505
772	260429	140	813	575
773	260588	199	815	557
774	260907	219	817	556
775	261146	199	823	559
776	261366	120	816	561
777	261526	438	808	523
778	262004	179	820	439
779	262343	279	755	151
780	262682	239	387	377
781	262981	159	829	184
782	263160	100	819	183
783	263360	339	873	180
784	263778	299	1074	630
785	264097	200	1149	986
786	264377	299	708	946
787	264735	219	481	750
788	265054	259	538	249
789	265633	120	881	172
790	265792	279	1157	558
791	266211	259	770	602
792	266769	120	843	538
793	266988	139	819	561
794	267307	319	817	527
795	267726	638	811	562
796	268404	439	811	557
797	268902	120	1018	376
798	269042	478	1019	374
799	269540	100	1020	383
800	269939	379	810	543
801	270517	897	816	540
802	271434	339	819	539
803	271853	160	847	412
804	272052	259	634	452
805	272331	259	863	258
806	272630	179	1159	406
807	272870	199	844	133
808	273209	160	896	744
809	273408	259	920	158
810	273687	379	902	143
811	274126	160	417	161
812	274365	239	455	743
813	274724	100	838	949
814	275003	160	1222	584
815	275382	120	654	568
816	275920	140	802	545
817	276079	159	802	570
818	276259	399	810	567
819	276857	120	843	524
820	277116	419	807	571
821	277555	100	802	559
822	277695	119	802	529
823	277834	299	801	523
824	278153	219	795	340
825	278412	179	380	357
826	278651	319	1102	513
827	279309	159	1038	930
828	279848	259	960	955
829	280386	179	802	505
830	280605	219	799	543
831	281044	399	796	595
832	281463	139	813	610
833	281781	199	796	548
834	282001	160	821	594
835	282220	140	866	862
836	282419	199	400	689
837	282679	160	691	598
838	282918	299	424	575
839	283317	279	965	331
840	283656	100	1146	797
841	283795	140	1142	800
842	284014	120	1132	612
843	284254	159	534	930
844	284453	339	539	249
845	285569	180	799	647
846	286148	100	784	562
847	286307	100	817	596
848	286467	219	813	613
849	286806	120	818	601
850	287005	160	774	459
851	287264	159	720	191
852	287464	239	814	317
853	287743	100	822	323
854	287862	219	520	192
855	288480	120	717	295
856	288660	180	1145	578
857	288899	140	1220	640
858	289417	120	514	885
859	289577	140	460	779
860	289776	139	612	1070
861	290056	199	425	505
862	290375	160	322	755
863	290594	319	753	288
864	290992	199	851	574
865	291212	239	612	400
866	291571	120	795	519
867	291870	319	830	562
868	292428	100	798	1242
869	292767	239	809	560
870	293026	179	792	553
871	293245	498	794	553
872	293764	179	663	373
873	293963	120	663	389
874	294521	279	1206	591
875	294840	179	1101	464
876	295060	439	489	647
877	295538	199	645	417
878	295777	259	726	294
879	296076	120	895	129
880	296236	219	643	557
881	297073	518	793	562
882	297632	239	809	554
883	297911	239	805	553
884	298190	279	789	560
885	298509	219	800	569
886	298748	159	807	548
887	298947	140	978	258
888	299106	459	1017	252
889	299764	219	813	493
890	300004	399	801	542
891	300422	179	804	577
892	300662	179	813	549
893	300881	798	797	548
894	301818	100	518	861
895	301997	100	550	899
896	302137	299	547	898
897	302675	119	842	463
898	302814	379	802	500
899	303233	179	884	85
900	303512	100	783	452
901	303751	259	802	507
902	304250	179	823	505
903	304629	140	725	622
904	304828	299	1156	230
905	305167	219	987	735
906	305426	179	698	855
907	305706	219	475	710
908	306005	219	535	243
909	306264	180	899	328
910	306503	120	1051	658
911	306682	179	717	569
912	306922	419	812	575
913	307560	120	831	535
914	307759	100	814	568
915	307879	120	812	577
916	308018	319	815	579
917	308357	618	812	580
918	309035	299	851	913
919	309354	160	1091	937
920	309553	180	1078	965
921	309792	199	516	481
922	310012	658	450	485
923	310690	140	447	474
924	311128	339	802	517
925	311826	160	801	538
926	312085	678	810	578
927	312803	140	745	546
928	313002	359	548	525
929	313421	100	906	777
930	313541	180	906	781
931	313820	259	565	987
932	314258	120	1174	404
933	314657	199	407	142
934	314916	299	773	474
935	315235	100	770	466
936	315594	219	816	547
937	315833	159	810	574
938	316232	120	807	551
939	316531	319	811	567
940	316890	478	808	578
941	317408	219	802	584
942	317668	140	560	849
943	318046	279	906	291
944	318385	159	468	250
945	318724	219	576	576
946	318963	199	681	575
947	319182	159	1132	713
948	319402	239	1166	321
949	320000	120	813	396
950	320160	120	802	521
951	320498	159	805	521
952	320877	179	795	565
953	321236	160	808	526
954	321495	120	814	574
955	321635	100	804	570
956	321775	319	808	575
957	322133	279	799	555
958	322472	319	1137	832
959	322811	259	800	866
960	323110	179	847	256
961	323330	299	1019	230
962	323669	100	502	177
963	323928	120	691	161
964	324087	160	790	123
965	324307	120	687	585
966	324446	120	696	560
967	324645	140	638	1005
968	324805	120	644	1008
969	324964	199	718	644
970	325184	199	712	571
971	325503	239	1153	823
972	325802	100	1174	1002
973	325961	120	843	914
974	326181	159	1180	363
975	326479	479	817	568
976	327157	100	810	550
977	327397	100	807	569
978	327556	498	810	573
979	328134	439	803	557
980	328593	359	802	566
981	329231	180	745	390
982	329490	179	562	358
983	330009	139	619	891
984	330228	200	1061	1021
985	330467	279	951	667
986	330766	140	988	567
987	331025	219	507	637
988	331304	239	1147	296
989	331723	418	814	518
990	332341	159	818	510
991	332540	120	821	561
992	332919	718	816	562
993	333657	100	812	564
994	333777	558	811	566
995	334474	140	575	367
996	334694	279	476	746
997	335092	219	1088	929
998	335372	120	717	972
999	335730	159	1113	215
1000	335950	199	515	213
1001	336209	518	743	421
1002	337285	279	803	583
1003	337664	299	816	470
1004	337983	160	807	496
1005	338182	598	805	577
1006	338840	100	489	420
1007	339000	219	405	406
1008	339239	259	404	415
1009	339698	219	807	535
1010	339977	239	810	574
1011	340435	379	798	565
1012	341053	140	806	536
1013	341213	339	810	561
1014	341671	259	688	501
1015	341990	259	607	389
1016	342289	259	1095	289
1017	342588	199	1290	427
1018	342908	219	1158	691
1019	343167	160	1303	388
1020	343346	119	1311	452
1021	343506	180	1003	178
1022	343745	279	807	865
1023	344084	219	512	380
1024	344363	120	759	525
1025	344881	120	792	559
1026	345021	897	807	574
1027	345938	199	812	569
1028	346177	299	826	549
1029	346616	100	519	614
1030	346735	219	427	626
1031	346995	239	880	910
1032	347274	160	885	923
1033	347513	179	1154	303
1034	347732	140	767	185
1035	347991	100	547	315
1036	348151	199	868	484
1037	348370	140	811	511
1038	348869	678	809	568
1039	349566	698	808	566
1040	350304	279	812	564
1041	350643	120	641	416
1042	350842	160	488	331
1043	351201	160	443	324
1044	351839	319	780	564
1045	352397	179	759	551
1046	352656	180	805	569
1047	352916	179	594	418
1048	353235	160	776	544
1049	353414	100	777	553
1050	353534	160	515	356
1051	353733	160	420	788
1052	353913	259	359	743
1053	354351	120	930	583
1054	354511	140	833	586
1055	354670	299	800	596
1056	355129	140	933	394
1057	355368	160	801	509
1058	355707	100	834	488
1059	355827	100	797	549
1060	355946	359	794	566
1061	356325	140	796	571
1062	356524	239	470	584
1063	356863	199	908	357
1064	357083	160	936	421
1065	357302	339	780	200
1066	357780	100	1151	657
1067	357940	219	1048	911
1068	358259	339	1032	925
1069	358797	140	811	554
1070	359156	120	824	251
1071	359315	179	813	530
1072	359535	199	814	575
1073	359814	219	802	551
1074	360133	299	821	557
1075	360512	199	830	553
1076	360731	299	801	889
1077	361070	239	477	696
1078	361389	140	381	991
1079	361688	179	1087	273
1080	361907	199	825	162
1081	362127	179	870	216
1082	362426	160	985	343
1083	362645	100	523	176
1084	362765	100	527	201
1085	362924	359	658	606
1086	363343	199	473	493
1087	363662	199	995	906
1088	363901	120	998	914
1089	364100	279	1217	610
1090	364659	219	828	275
1091	364938	120	780	517
1092	365257	498	808	573
1093	365775	877	813	572
1094	366672	259	799	562
1095	367011	259	803	569
1096	367310	120	1027	296
1097	367469	119	1137	391
1098	367609	100	1149	405
1099	367828	180	1122	406
1100	368565	139	813	548
1101	368725	219	802	580
1102	369064	100	1190	459
1103	369243	140	822	540
1104	369542	638	808	563
1105	370240	239	488	754
1106	370499	120	459	797
1107	370718	239	961	337
1108	371137	219	1056	261
1109	371396	139	1091	936
1110	371795	199	764	578
1111	372632	100	817	565
1112	372812	219	810	576
1113	373111	239	807	546
1114	373430	119	798	545
1115	373569	140	806	549
1116	373789	319	809	551
1117	374168	159	471	420
1118	374407	140	373	304
1119	375005	179	1035	348
1120	375504	159	539	604
1121	376281	100	804	567
1122	376400	159	800	573
1123	377098	160	828	569
1124	377298	279	808	577
1125	377617	259	805	581
1126	377996	100	660	451
1127	378175	199	418	787
1128	378454	100	1089	973
1129	378634	120	1131	322
1130	378873	139	1126	334
1131	379072	319	785	524
1132	379651	199	820	713
1133	380348	160	809	522
1134	380628	219	814	582
1135	380947	219	828	583
1136	381345	239	831	571
1137	381604	139	821	584
1138	381784	199	1186	845
1139	382043	219	557	968
1140	382302	239	596	318
1141	382661	140	365	162
1142	382880	219	1028	403
1143	383139	199	772	518
1144	383737	259	816	601
1145	384017	558	811	573
1146	384595	698	800	553
1147	385432	140	664	373
1148	385592	140	676	181
1149	385771	718	643	121
1150	386628	140	833	509
1151	386788	159	801	516
1152	386967	120	807	519
1153	387206	159	815	526
1154	387685	100	804	579
1155	387984	618	812	558
1156	388662	439	416	448
1157	389160	140	798	545
1158	389539	199	799	518
1159	389758	598	799	569
1160	390377	658	811	573
1161	391054	279	816	553
1162	391533	239	686	233
1163	391832	139	1170	273
1164	392031	239	1135	820
1165	392350	140	433	570
1166	392609	199	733	504
1167	392849	140	813	576
1168	393287	359	798	542
1169	394065	319	810	561
1170	394404	558	809	557
1171	395002	199	593	420
1172	395241	139	620	408
1173	395440	299	1082	259
1174	395819	139	584	895
1175	396118	100	890	1008
1176	396737	279	486	224
1177	397056	239	924	429
1178	397335	319	627	483
1179	397972	319	814	570
1180	398351	219	812	572
1181	398670	718	811	569
1182	399588	139	800	509
1183	399827	219	817	568
1184	400146	140	412	687
1185	400345	339	692	189
1186	400724	199	1076	477
1187	401003	120	1023	916
1188	401222	259	833	616
1189	401581	199	897	788
1190	402040	179	803	564
1191	402418	1017	802	548
1192	403575	139	803	562
1193	403734	319	804	569
1194	404113	100	644	954
1195	404233	180	588	926
1196	404432	179	592	937
1197	404930	239	804	562
1198	405230	160	822	559
1199	405688	100	852	452
1200	405847	100	796	535
1201	406067	200	811	588
1202	406286	319	811	576
1203	406625	100	812	580
1204	406765	239	653	925
1205	407084	199	620	236
1206	407383	160	765	193
1207	407562	120	841	162
1208	407742	179	1201	534
1209	408021	239	595	482
1210	408340	139	685	893
1211	408559	239	961	741
1212	409117	100	855	512
1213	409237	100	828	542
1214	409456	159	824	568
1215	409636	100	824	568
1216	409755	578	824	578
1217	410413	179	808	626
1218	410613	299	815	589
1219	410991	100	654	862
1220	411111	219	583	865
1221	411350	140	575	857
1222	411669	120	782	544
1223	411868	359	802	565
1224	412347	139	799	492
1225	412666	658	799	558
1226	413344	100	807	551
1227	413583	299	695	817
1228	414042	100	502	970
1229	414201	219	823	373
1230	414460	120	700	185
1231	414600	100	701	195
1232	414779	259	424	383
1233	415118	159	497	241
1234	415337	180	842	156
1235	415577	239	1065	631
1236	415936	100	1152	1001
1237	416155	100	1158	970
1238	416354	219	1207	488
1239	416673	239	1197	960
1240	417072	259	633	766
1241	418009	180	794	556
1242	418208	319	830	560
1243	418767	239	817	547
1244	419026	160	803	572
1245	419205	120	796	575
1246	419345	538	800	567
1247	420023	180	786	846
1248	420242	100	864	916
1249	420501	100	1121	933
1250	420680	199	1119	215
1251	420960	359	532	285
1252	421478	259	746	591
1253	421857	179	445	897
1254	422116	160	1130	512
1255	422315	199	740	557
1256	422734	120	809	533
1257	422894	478	802	553
1258	423591	458	797	528
1259	424189	140	802	554
1260	424369	219	800	557
1261	424648	219	748	883
1262	424927	199	722	889
1263	425346	299	791	576
1264	425984	100	850	547
1265	426104	399	805	555
1266	426562	120	874	1053
1267	426801	239	802	593
1268	427140	120	805	560
1269	427320	100	683	906
1270	427539	140	930	418
1271	427698	379	987	338
1272	428097	179	999	334
1273	428476	498	818	577
1274	428994	180	822	573
1275	429393	120	801	577
1276	429612	339	809	594
1277	430131	319	808	585
1278	430848	120	577	839
1279	431107	160	668	801
1280	431307	160	824	639
1281	431506	419	808	563
1282	432125	997	807	578
1283	433141	100	791	555
1284	433301	160	696	882
1285	433540	179	375	752
1286	433799	199	875	279
1287	434018	160	839	266
1288	434238	140	654	507
1289	434457	199	985	796
1290	434736	179	762	946
1291	435035	160	1257	634
1292	435235	279	501	252
1293	435593	498	912	666
