Data properties:
 
Recording date: 01/06/2007
Recording time : 11:14:56:343 (corresponds to time 0)
Study: Alasdair
Subject: PS
Recording: ps1
Screen resolution: 1600 x 1200
Coordinate unit: Pixels
 
 
Filter settings:
 
Eye: Average
Validity level: Normal
Fixation radius: 30
Min duration: 100
 
Fix number	Timestamp	Duration	GazepointX	GazepointY
 
1	153	199	840	440
2	392	180	694	542
3	592	120	787	579
4	831	339	801	486
5	1250	379	842	483
6	1808	598	826	591
7	2645	180	855	528
8	2865	179	755	493
9	3084	259	788	319
10	3363	160	822	279
11	3562	259	596	250
12	3881	279	702	196
13	4200	359	1059	198
14	4579	299	1179	249
15	4938	239	775	434
16	5237	239	656	586
17	5496	259	571	727
18	5775	199	475	796
19	5995	120	475	791
20	6174	140	667	1012
21	6353	339	904	1030
22	6732	459	415	996
23	7211	359	397	953
24	7629	219	973	1073
25	7889	299	1117	1059
26	8228	239	1138	923
27	8487	299	1218	776
28	8806	279	1220	738
29	9145	359	831	777
30	9543	160	800	684
31	9763	379	852	562
32	10161	180	838	499
33	10361	120	833	399
34	10620	479	908	287
35	11118	219	934	194
36	11378	379	1134	147
37	11816	299	414	216
38	12235	359	350	107
39	12873	299	732	428
40	13311	299	739	387
41	13710	239	922	461
42	13989	379	628	410
43	14528	219	998	530
44	14786	319	671	336
45	15145	439	610	192
46	15624	299	726	163
47	16063	339	1091	170
48	16442	239	862	467
49	16780	179	733	583
50	17040	279	641	786
51	17339	279	526	952
52	17698	219	466	1037
53	17937	120	504	1063
54	18136	219	432	974
55	18376	259	342	971
56	18675	219	335	814
57	18914	319	349	799
58	19293	299	845	941
59	19612	100	839	943
60	19831	439	1079	1025
61	20290	219	1142	929
62	20529	159	1147	773
63	20708	518	1166	722
64	21346	299	1130	591
65	21665	259	1169	716
66	21964	159	866	591
67	22263	379	768	448
68	22742	459	927	560
69	23340	638	841	528
70	24038	319	765	703
71	24396	120	682	889
72	24596	219	679	905
73	24855	339	1182	924
74	25234	259	1145	845
75	25573	120	1094	533
76	25732	159	1090	240
77	26071	140	811	240
78	26250	120	957	144
79	26510	120	1265	221
80	26709	319	911	179
81	27686	120	346	417
82	27845	219	369	657
83	28085	299	371	798
84	28424	399	516	883
85	28882	179	1142	890
86	29102	219	1176	549
87	29361	199	1140	388
88	29580	219	1150	266
89	29839	259	1075	185
90	30138	219	811	219
91	30477	279	687	434
92	30816	279	685	733
93	31115	219	745	836
94	31374	259	551	534
95	31653	140	607	523
96	31833	219	397	515
97	32132	299	710	1005
98	32451	140	714	990
99	32790	199	749	597
100	33129	179	742	436
101	33348	180	745	454
102	33667	479	780	580
103	34504	120	1539	1082
104	34823	239	855	466
105	35102	1097	428	588
106	36438	339	598	419
107	36817	678	822	575
108	37555	499	560	592
109	38093	120	784	607
110	38273	259	435	542
111	38552	219	440	475
112	38811	319	754	355
113	39150	179	673	344
114	40286	299	1162	233
115	40605	399	1209	204
116	41103	180	756	271
117	41323	199	653	436
118	41562	219	635	699
119	41821	139	901	887
120	41981	259	923	940
121	42260	658	932	955
122	43097	1096	808	553
123	44274	259	817	885
124	44573	259	877	667
125	44892	259	807	890
126	45171	339	909	946
127	45569	279	423	1030
128	45869	419	492	1000
129	46347	259	1093	1044
130	46646	100	1187	955
131	46766	219	1183	955
132	47025	239	1210	830
133	47304	219	1152	704
134	47603	180	1201	595
135	47822	439	1166	460
136	48301	299	1137	216
137	48819	339	552	526
138	49238	179	424	627
139	49457	140	458	259
140	49756	120	445	89
141	49956	359	775	244
142	50394	299	443	834
143	50773	239	397	964
144	51092	299	535	637
145	51431	140	695	530
146	51610	160	1004	368
147	51810	379	1097	153
148	52428	239	419	518
149	52707	319	364	834
150	53046	159	480	1067
151	53305	239	451	1029
152	53584	817	713	561
153	54481	279	1151	638
154	54800	359	806	534
155	55199	159	1274	1018
156	55398	120	1349	1196
157	55638	299	655	548
158	55996	180	460	448
159	56296	359	482	115
160	56834	179	406	258
161	57233	100	998	187
162	57352	518	1174	209
163	57910	518	1281	344
164	58509	219	1030	611
165	58808	180	979	754
166	59007	419	1095	954
167	59446	319	1203	1016
168	59804	339	522	954
169	60183	359	372	968
170	60682	159	493	1043
171	60921	359	727	665
172	61320	100	628	954
173	61519	259	646	1025
174	61978	259	497	744
175	62337	239	427	668
176	62596	259	369	618
177	62875	259	362	543
178	63154	359	387	507
179	63533	299	385	469
180	63852	239	351	376
181	64131	518	786	491
182	64689	239	758	430
183	64968	179	973	402
184	65168	458	957	346
185	65746	199	1095	354
186	66025	219	1021	669
187	66284	359	897	882
188	66683	279	1147	1009
189	67141	199	1149	1018
190	67401	219	741	742
191	67660	379	794	559
192	68158	239	1020	643
193	68437	160	1383	1055
194	68636	299	1298	1185
195	68996	458	1577	1128
196	69534	279	754	549
197	69873	319	573	738
198	70232	339	420	850
199	70929	339	1013	1030
200	71527	199	1093	795
201	71747	319	1101	782
202	72106	439	1039	733
203	72584	359	833	580
204	72963	538	840	496
205	73680	1117	801	564
206	74817	140	863	656
207	75116	359	930	838
208	75515	179	885	956
209	75854	180	466	965
210	76073	160	473	924
211	76252	159	416	982
212	76512	139	430	964
213	76671	179	479	938
214	77010	339	1138	1013
215	77369	140	1252	1012
216	77568	279	1171	598
217	77927	160	1219	497
218	78127	239	1266	393
219	78426	299	821	285
220	78765	279	615	285
221	79143	100	580	221
222	79343	140	868	130
223	79542	1057	1107	133
224	80678	279	390	310
225	80977	279	338	555
226	81296	419	430	742
227	81815	219	670	654
228	82074	100	688	753
229	82214	359	782	798
230	82752	100	592	997
231	82891	239	392	1022
232	83430	419	387	986
233	84028	160	1203	1040
234	84287	219	1196	558
235	84526	100	1259	426
236	84666	239	1253	270
237	85005	458	1036	117
238	85503	259	787	464
239	85782	319	780	401
240	86241	718	881	407
241	87058	139	1515	861
242	87258	219	1527	1124
243	87537	259	812	477
244	87836	159	726	361
245	88015	219	658	157
246	88255	299	668	112
247	88613	439	1112	152
248	89072	259	1272	201
249	89471	159	1133	133
250	89750	160	1265	194
251	89989	319	411	255
252	90348	359	542	637
253	90727	179	478	766
254	90946	199	390	963
255	91185	339	444	1021
256	91564	100	1028	1016
257	91684	199	1034	1014
258	91923	159	1083	943
259	92122	219	1191	747
260	92381	160	1125	658
261	92561	299	1027	541
262	92960	279	1215	680
263	93259	259	1260	602
264	93578	339	808	520
265	93936	239	683	580
266	94275	159	784	437
267	94574	219	952	362
268	94814	199	983	398
269	95033	180	1078	290
270	95232	160	1106	260
271	95492	259	1248	408
272	95930	339	744	335
273	96388	279	846	415
274	96687	160	960	395
275	96927	339	863	174
276	97306	199	728	165
277	97605	279	864	221
278	97904	518	857	152
279	98462	439	903	207
280	98921	259	917	195
281	99220	219	619	143
282	99539	439	442	872
283	100037	179	712	455
284	100237	618	714	424
285	100954	179	682	712
286	101154	219	685	721
287	101413	678	867	584
288	102111	299	598	620
289	102569	957	910	289
290	103686	299	870	298
291	104144	817	851	371
292	105201	479	841	316
293	105699	180	921	296
294	105919	140	440	519
295	106078	518	419	590
296	106636	179	464	816
297	106836	159	464	814
298	107035	179	528	576
299	107254	219	821	591
300	107633	698	636	518
301	108351	160	635	503
302	108550	279	879	480
303	108869	120	611	527
304	109148	199	692	531
305	109387	139	465	620
306	109547	239	430	805
307	109826	219	414	986
308	110085	140	825	982
309	110344	279	1047	953
310	110663	140	972	765
311	110883	160	964	404
312	111082	140	980	268
313	111262	219	1103	196
314	111501	179	1118	185
315	111780	399	568	549
316	112219	199	364	409
317	112458	259	443	205
318	112777	199	916	170
319	113016	399	1251	217
320	113435	199	1283	206
321	113794	279	558	186
322	114172	219	716	289
323	114452	399	865	477
324	114890	339	708	665
325	115269	239	588	846
326	115588	299	456	921
327	116007	219	1073	994
328	116266	100	1184	943
329	116565	279	1245	1049
330	116904	120	1102	1028
331	117123	279	816	941
332	117442	179	811	820
333	117642	219	890	684
334	117901	219	884	474
335	118160	259	960	370
336	118459	239	951	209
337	118738	299	884	157
338	119117	219	1072	128
339	119476	219	881	186
340	119835	598	543	773
341	120473	140	341	837
342	120752	179	1034	293
343	120971	299	1224	247
344	121370	140	1286	263
345	121529	299	1289	231
346	121848	299	1250	178
347	122307	140	375	238
348	122845	139	428	1005
349	123024	319	467	785
350	123642	519	772	415
351	124241	120	1240	909
352	124400	339	1452	1186
353	124779	618	1555	1092
354	125477	299	807	509
355	125836	239	955	326
356	126155	159	1164	218
357	126394	120	1253	200
358	126533	100	1273	206
359	126713	199	433	275
360	126952	279	461	610
361	127251	319	494	813
362	127590	359	397	1010
363	128009	179	636	759
364	128228	1276	654	611
365	129544	379	1028	916
366	129963	299	1201	679
367	130282	199	1203	633
368	130561	319	1031	503
369	130900	419	973	378
370	131338	179	973	305
371	131558	219	989	192
372	131916	100	1085	137
373	132056	160	1263	239
374	132235	279	1270	202
375	132873	100	1203	1057
376	132993	120	1209	1060
377	133192	159	431	1082
378	133372	180	380	1043
379	133651	259	485	718
380	133950	279	930	750
381	134329	160	1094	638
382	134508	299	1021	508
383	134947	100	958	426
384	135066	359	1152	694
385	135485	279	446	562
386	135824	499	811	520
387	136542	159	1556	946
388	136761	419	845	545
389	137279	538	863	590
390	137858	239	676	451
391	138137	160	600	290
392	138356	179	958	201
393	138655	319	426	295
394	139034	359	398	914
395	139473	159	449	1017
396	139672	140	436	753
397	139831	259	437	759
398	140130	319	1123	884
399	140489	259	1181	711
400	140768	299	1233	614
401	141107	339	1085	392
402	141486	219	1027	281
403	141785	259	1227	241
404	142064	259	1260	230
405	142523	239	1152	1011
406	142782	319	1058	984
407	143260	199	725	938
408	143500	279	1081	983
409	143819	120	1099	992
410	143978	179	832	890
411	144198	339	632	857
412	144596	279	618	790
413	144915	199	571	695
414	145174	259	957	550
415	145473	259	1031	455
416	145772	160	1132	241
417	145972	199	1081	149
418	146371	139	757	39
419	146570	120	537	135
420	146709	379	328	205
421	147128	519	734	454
422	147746	538	801	555
423	148544	100	1160	943
424	148663	439	1156	946
425	149162	299	835	535
426	149521	319	484	618
427	149880	219	383	745
428	150139	259	443	929
429	150418	199	377	995
430	150657	299	355	755
431	151036	259	1094	1077
432	151574	259	410	833
433	151873	359	352	768
434	152372	100	436	369
435	152591	239	353	41
436	152890	279	1094	153
437	153249	140	550	106
438	153628	299	1169	223
439	153966	279	1054	512
440	154266	518	864	592
441	154824	339	1040	802
442	155203	259	1155	984
443	155562	259	1228	1064
444	155920	179	453	692
445	156140	140	405	646
446	156379	180	438	486
447	156638	259	391	401
448	156977	239	341	299
449	157236	179	322	279
450	157475	518	1162	334
451	158034	339	1243	637
452	158632	239	418	899
453	159070	359	361	797
454	159469	239	456	501
455	159748	219	851	357
456	160027	319	1108	197
457	160386	558	618	278
458	161024	977	806	585
459	162121	180	1186	858
460	162340	558	834	594
461	162938	140	649	423
462	163118	219	415	425
463	163437	179	562	222
464	163676	279	1106	271
465	163995	399	1232	315
466	164513	439	1200	584
467	164972	239	1262	552
468	165271	160	1268	519
469	165530	100	442	866
470	165650	339	443	875
471	166088	160	544	947
472	166288	299	542	951
473	166607	199	710	1060
474	166946	379	727	1000
475	167344	299	639	1023
476	167743	199	518	1008
477	168022	159	519	1013
478	168221	299	1134	1039
479	168560	140	1253	822
480	168999	299	1168	528
481	169338	219	1118	369
482	169657	179	1150	215
483	169856	279	1272	199
484	170235	140	1190	383
485	170395	179	1219	375
486	170614	419	1266	208
487	171112	379	756	218
488	171531	399	483	647
489	171970	299	401	768
490	172329	160	391	1029
491	172648	219	710	803
492	173186	399	780	509
493	173644	379	876	311
494	174043	279	797	339
495	174362	159	759	252
496	174621	239	1005	234
497	174900	239	960	170
498	175279	239	437	390
499	175698	239	359	520
500	175957	279	409	466
501	176336	299	436	870
502	176655	239	423	783
503	176934	159	556	707
504	177153	100	1163	834
505	177373	259	933	975
506	177751	259	624	929
507	178070	179	749	559
508	178449	159	761	473
509	178808	538	811	589
510	179406	160	1118	1045
511	179804	100	1308	1187
512	179945	140	1299	1193
513	180144	419	709	568
514	180602	140	884	852
515	180802	259	893	915
516	181201	359	1125	947
517	181599	359	918	912
518	181998	199	821	643
519	182217	319	783	621
520	182596	399	645	863
521	183095	239	866	683
522	183393	259	783	560
523	183772	259	1146	458
524	184071	199	791	788
525	184350	279	803	941
526	184669	199	1126	959
527	184889	140	1240	960
528	185148	219	463	959
529	185646	160	977	989
530	185906	239	1078	473
531	186165	219	1194	280
532	186424	180	972	202
533	186623	1017	942	238
534	187859	199	422	315
535	188378	1276	839	443
536	189694	139	771	499
537	189933	120	1012	564
538	190232	259	886	496
539	190531	319	1015	314
540	190890	359	1131	259
541	191308	159	589	885
542	191508	179	407	993
543	191887	239	696	861
544	192166	160	796	744
545	192365	279	757	586
546	192664	160	724	474
547	192963	120	559	294
548	193382	319	337	416
549	193781	239	428	227
550	194060	339	1041	231
551	194439	239	1168	224
552	194758	159	1249	208
553	194977	140	1073	648
554	195156	199	1086	959
555	195675	219	978	794
556	195914	279	997	746
557	196253	339	968	1019
558	196632	259	652	944
559	196931	199	760	816
560	197190	399	757	589
561	197609	179	759	639
562	197868	140	941	538
563	198047	199	705	625
564	198306	319	745	639
565	198685	279	470	715
566	198984	359	371	970
567	199443	199	361	1020
568	199742	199	1103	777
569	199961	120	1201	660
570	200180	638	1227	558
571	200858	379	922	519
572	201377	239	843	426
573	201775	279	845	521
574	202194	418	804	449
575	202652	219	1061	473
576	202911	219	732	433
577	203190	160	494	725
578	203370	319	515	747
579	204806	180	459	550
580	205005	160	518	703
581	205185	638	518	759
582	205842	538	533	738
583	206401	180	529	726
584	206720	738	774	548
585	207497	259	651	631
586	207796	479	808	602
587	208295	219	752	560
588	208554	140	669	688
589	208733	139	604	452
590	208893	877	539	403
591	209890	718	615	389
592	210627	379	726	579
593	211046	419	664	484
594	211564	199	599	435
595	211784	359	577	361
596	212182	339	578	227
597	212581	319	1097	404
598	212940	259	881	835
599	213239	199	848	1014
600	213478	239	425	955
601	213757	299	410	736
602	214076	279	484	695
603	214455	100	687	694
604	214595	160	647	695
605	214854	159	1120	649
606	215033	139	1179	548
607	215213	239	1171	306
608	215472	259	1189	227
609	215791	299	578	267
610	216150	159	645	196
611	216329	379	739	294
612	216808	140	452	338
613	216987	100	350	204
614	217107	120	341	173
615	217266	319	618	186
616	217645	219	657	984
617	217884	100	655	963
618	218064	100	931	857
619	218243	200	1164	824
620	218463	199	1125	856
621	218702	339	1105	734
622	219061	439	1066	577
623	219519	100	1073	518
624	219659	339	394	690
625	220018	239	498	673
626	220337	259	610	564
627	220656	259	820	397
628	220955	159	1023	315
629	221154	259	1151	190
630	221433	219	1273	245
631	221752	140	600	688
632	221952	279	468	955
633	222450	299	685	999
634	222809	379	742	483
635	223227	359	752	472
636	223666	239	643	507
637	223945	518	833	574
638	224503	219	765	456
639	224763	159	834	561
640	224962	199	736	529
641	225201	259	686	552
642	225500	120	866	304
643	225640	100	870	293
644	225779	179	1012	291
645	225999	140	1071	291
646	226198	359	712	870
647	226796	139	706	574
648	226956	259	658	566
649	227255	279	473	340
650	227554	379	655	567
651	227972	259	360	700
652	228271	539	346	813
653	228969	259	436	354
654	229248	179	494	254
655	229488	120	1054	515
656	229647	199	1127	824
657	229886	179	1144	1011
658	230086	199	1170	1067
659	230405	179	1122	259
660	230624	179	1225	208
661	230844	159	1271	207
662	231202	319	581	999
663	231701	259	1059	997
664	232000	359	893	805
665	232419	199	1029	990
666	232757	678	686	650
667	233575	379	760	528
668	234033	219	735	539
669	234432	160	865	612
670	234791	159	891	584
671	235110	199	949	564
672	235389	100	733	527
673	235608	199	1039	262
674	237024	159	953	370
675	237203	538	1042	298
676	237782	160	797	594
677	238041	379	861	514
678	238539	279	970	605
679	238858	239	787	489
680	239257	439	788	355
681	239735	139	1009	371
682	239914	259	820	422
683	240214	837	421	416
684	241171	418	698	414
685	241729	239	643	501
686	242088	259	742	477
687	242467	219	793	443
688	242846	358	781	461
689	243264	259	387	489
690	243563	199	560	381
691	243802	240	673	270
692	244082	439	974	892
693	244620	558	955	538
694	245278	379	1010	386
695	245697	398	860	428
696	246155	279	567	744
697	246474	219	775	594
698	246733	338	944	368
699	247112	339	668	375
700	247491	339	475	558
701	247889	379	429	914
702	248348	239	381	481
703	248687	319	1137	897
704	249046	339	799	960
705	249425	100	733	753
706	249564	219	896	469
707	249823	239	1133	261
708	250102	140	1230	200
709	251618	299	871	493
710	251957	319	789	941
711	252475	558	540	185
712	253073	379	818	509
713	253492	678	690	416
714	254229	160	1006	535
715	254449	199	1293	1085
716	254708	439	779	517
717	255186	199	539	434
718	255426	259	433	274
719	255824	179	1089	247
720	256064	219	899	892
721	256303	758	923	867
722	257160	120	887	790
723	257359	498	812	600
724	257898	259	934	627
725	258197	219	840	568
726	258496	199	886	619
727	258795	399	931	614
728	259234	299	805	504
729	259572	239	670	263
730	259832	479	660	264
731	260370	339	830	572
732	260729	299	802	549
733	261128	578	756	374
734	261746	260	680	286
735	262165	478	815	342
736	262742	220	653	264
737	262981	180	676	217
738	263201	478	996	196
739	263779	199	535	147
740	264038	239	519	634
741	264317	199	521	838
742	264577	279	1004	949
743	264896	199	1129	857
744	265135	299	1163	665
745	265494	219	852	763
746	266630	139	895	486
747	266810	219	1029	316
748	267049	339	772	473
749	267428	857	798	596
750	268325	180	735	511
751	268544	139	755	448
752	268724	279	486	375
753	269042	299	553	327
754	269421	299	581	787
755	269780	259	704	659
756	270139	140	696	620
757	270318	279	831	449
758	270717	399	1052	805
759	271176	299	473	894
760	271495	179	425	870
761	271734	359	374	1019
762	272153	180	1080	957
763	272352	180	1215	1060
764	272591	259	1182	291
765	272870	239	1220	250
766	273209	219	828	155
767	273449	239	692	205
768	273748	319	581	371
769	274107	159	848	541
770	274306	359	1039	704
771	274724	199	363	633
772	274964	319	432	584
773	275342	1116	814	524
774	276519	339	1036	352
775	276937	279	834	468
776	277276	199	817	432
777	277516	179	681	364
778	277715	219	735	234
779	277994	1057	1145	599
780	279091	1116	862	540
781	280227	558	808	567
782	280825	498	889	466
783	281363	139	728	288
784	281603	359	455	207
785	282002	159	507	154
786	282300	339	1020	135
787	282699	239	1182	698
788	282978	160	967	795
789	283218	538	1127	724
790	283816	279	796	565
791	284214	140	806	504
792	284474	299	804	507
793	284892	797	810	524
794	285769	219	831	599
795	286068	199	798	493
796	286368	139	1176	659
797	286528	120	1129	679
798	286666	180	1139	657
799	288401	140	1065	689
800	288621	419	1131	628
801	289079	199	848	549
802	289438	1615	784	445
803	291073	279	763	591
804	291392	179	806	788
805	291651	160	1135	1014
806	292050	1057	838	972
807	293266	518	800	295
808	293824	977	699	703
809	294980	199	814	625
810	295220	239	661	943
811	295479	299	783	962
812	295838	219	780	373
813	296097	180	761	284
814	296336	319	670	372
815	296695	139	431	390
816	296874	279	370	731
817	297233	219	1126	555
818	297492	140	1225	436
819	297652	279	1177	253
820	297971	239	951	297
821	298330	199	465	239
822	298569	239	350	108
823	298888	319	799	924
824	299247	199	435	962
825	299486	159	358	982
826	299745	219	466	983
827	300044	219	997	883
828	300304	279	1086	733
829	300623	239	1092	541
830	300902	199	1025	351
831	301141	339	992	153
832	301560	239	1231	470
833	301819	359	1197	504
834	302237	439	1235	229
835	302716	239	920	315
836	303055	658	789	528
837	303912	239	702	218
838	304231	458	897	408
839	304730	299	733	351
840	305068	339	595	603
841	305447	140	450	843
842	305627	179	682	704
843	305826	239	712	656
844	306105	299	1171	930
845	306464	120	691	899
846	306624	399	419	920
847	307162	339	974	1023
848	307541	120	897	706
849	307720	259	972	301
850	308019	159	1042	231
851	308219	159	1199	170
852	308458	279	537	345
853	308777	140	515	155
854	308956	140	505	143
855	309195	379	1114	632
856	309634	239	501	543
857	309893	279	446	591
858	310192	359	414	617
859	311448	359	789	548
860	311867	259	573	600
861	312166	219	878	580
862	312465	379	962	539
863	312884	399	842	474
864	313302	558	720	606
865	313900	578	821	543
866	314539	419	772	536
867	314977	279	565	516
868	315296	219	406	800
869	315535	179	528	928
870	315755	259	602	955
871	316054	319	1061	983
872	316413	179	1155	903
873	316632	140	1170	673
874	316811	319	1154	497
875	317170	140	1187	353
876	317389	219	1205	167
877	317649	199	884	181
878	317888	159	715	167
879	318167	199	480	222
880	318406	339	350	172
881	318964	219	341	587
882	319244	259	412	678
883	319563	160	962	584
884	319762	319	870	505
885	320101	339	848	400
886	320500	379	386	822
887	320958	618	817	485
888	321616	478	612	671
889	322134	239	826	807
890	322414	419	751	573
891	322932	279	664	471
892	323230	359	820	555
893	323789	239	564	962
894	324088	199	994	990
895	324328	140	804	992
896	324487	399	821	1022
897	324906	299	818	1025
898	325265	100	927	244
899	325643	159	728	103
900	326102	1954	794	600
901	328116	339	687	921
902	328474	100	816	1014
903	328694	518	924	1008
904	329232	658	1049	975
905	329910	120	1182	998
906	330049	100	1162	1020
907	330189	140	491	996
908	330348	239	487	998
909	330648	159	545	535
910	330847	199	488	296
911	331385	299	1047	233
912	331744	259	1174	607
913	332043	279	1237	313
914	332342	219	1192	258
915	332641	379	776	595
916	333100	359	1003	902
917	333479	259	1042	955
918	333758	120	1041	953
919	333917	319	860	988
920	334276	180	1090	999
921	334834	239	403	881
922	335193	1475	780	518
923	336788	339	1408	717
924	337187	299	780	574
925	337506	299	676	565
926	337865	319	971	923
927	338263	160	460	947
928	338722	140	449	399
929	338941	239	549	266
930	339220	279	831	210
931	339539	319	1233	229
932	339878	299	1278	184
933	340257	279	376	240
934	340576	179	385	126
935	340815	299	689	620
936	341134	259	797	552
937	341433	120	1033	868
938	341573	219	1040	864
939	341812	219	1013	800
940	342151	239	1213	774
941	342470	239	1108	955
942	342769	160	657	919
943	342969	119	524	722
944	343228	319	1105	965
945	343606	160	606	843
946	343806	219	398	808
947	344085	379	760	623
948	344564	1096	931	686
949	345700	359	703	622
950	346119	120	1141	754
951	346278	319	655	646
952	346657	140	877	559
953	346836	339	1075	464
954	347255	299	846	939
955	347594	199	609	944
956	347813	179	609	933
957	348052	319	941	1016
958	348471	339	806	360
959	348890	319	589	267
960	349328	100	982	269
961	349448	100	991	269
962	349588	279	1145	169
963	349887	199	1124	354
964	350206	399	416	354
965	350644	179	330	780
966	350884	259	429	796
967	351183	199	345	930
968	351462	259	849	913
969	351781	140	700	731
970	351940	100	745	798
971	352080	379	941	823
972	352618	180	1191	973
973	352837	199	1060	1057
974	353077	199	737	947
975	353356	239	663	663
976	353615	259	693	563
977	353914	299	901	363
978	354293	100	710	316
979	354512	219	741	308
980	354771	478	1060	176
981	355389	658	809	538
982	356087	259	986	418
983	356386	658	707	387
984	357084	239	948	391
985	357363	299	715	396
986	357682	319	927	681
987	358021	279	863	741
988	358340	359	1108	562
989	359636	120	1235	903
990	359795	219	1233	899
991	360035	100	1243	964
992	360154	259	1242	964
993	360573	359	548	954
994	361111	120	513	482
995	361251	219	530	273
996	361510	279	527	112
997	361829	419	1115	124
998	362267	199	1104	86
999	362547	239	1266	166
1000	362906	100	1154	141
1001	363125	359	892	435
1002	363523	239	728	476
1003	363783	379	488	562
1004	364201	219	648	520
1005	364520	479	1080	515
1006	365039	319	975	735
1007	365398	239	1159	703
1008	365677	259	1195	606
1009	365956	179	1228	593
1010	366175	379	1117	722
1011	366594	299	757	752
1012	366933	419	624	813
1013	367371	219	714	767
1014	367611	558	760	754
1015	368269	239	663	970
1016	368707	379	1117	1009
1017	369166	678	791	563
1018	369983	638	812	498
1019	370701	359	1028	1109
1020	371099	140	878	743
1021	371279	339	754	674
1022	371678	259	850	593
1023	371957	419	856	673
1024	372395	339	868	947
1025	372754	239	928	1070
1026	373033	239	1194	834
1027	373313	120	1199	684
1028	373452	180	1198	519
1029	373652	259	1211	337
1030	373951	139	1090	183
1031	374150	219	809	183
1032	374429	160	456	300
1033	374608	259	394	449
1034	374907	339	344	869
1035	375286	179	431	821
1036	375486	179	457	733
1037	375765	140	748	466
1038	375944	279	665	236
1039	376263	319	592	124
1040	376622	219	942	173
1041	376981	259	586	687
1042	377280	379	782	584
1043	377679	299	880	536
1044	378077	100	792	840
1045	378197	199	874	701
1046	378416	339	868	665
1047	378795	718	976	527
1048	379553	598	795	500
1049	380291	319	1670	915
1050	380649	239	2042	907
1051	381008	199	2063	1060
1052	381327	259	852	559
1053	381626	100	1047	830
1054	381786	219	1062	811
1055	382025	439	1062	817
1056	382524	479	843	629
1057	383022	977	844	632
1058	384039	459	1160	750
1059	384537	259	971	711
1060	384856	299	578	858
1061	385235	299	963	419
1062	385594	160	1039	292
1063	385833	219	393	385
1064	386112	179	541	340
1065	386371	339	1053	320
1066	386790	279	1032	954
1067	387129	219	744	947
1068	387508	399	850	235
1069	388026	219	545	594
1070	388285	299	428	864
1071	388604	120	424	860
1072	388764	1017	739	570
1073	389860	239	1257	557
1074	390139	219	1756	909
1075	390418	339	1227	774
1076	390817	219	699	543
1077	391056	439	794	574
1078	391535	159	841	695
1079	391734	917	794	572
1080	392691	359	951	806
1081	393190	100	1156	890
1082	393349	279	494	920
1083	393668	160	507	626
1084	393867	180	604	324
1085	394087	100	1098	220
1086	394406	219	333	402
1087	394665	139	374	371
1088	394824	199	352	304
1089	395064	239	367	247
1090	395363	399	1080	232
1091	395781	160	1250	228
1092	396021	199	743	143
1093	396260	199	741	133
1094	396519	937	792	625
1095	397516	220	1104	544
1096	397815	399	1337	1053
1097	398353	339	781	442
1098	398752	379	1059	283
1099	399171	419	890	827
1100	399729	239	829	411
1101	399988	1675	836	432
1102	401703	179	970	384
1103	401942	140	1173	252
1104	402161	339	506	741
1105	402540	200	797	878
1106	402799	139	1156	924
1107	403058	259	1114	561
1108	403357	239	1209	780
1109	403637	339	1204	535
1110	403995	199	1196	447
1111	404235	160	968	735
1112	404494	219	801	707
1113	404813	379	1119	734
1114	405271	299	1001	201
1115	405630	179	728	189
1116	405890	120	402	777
1117	406129	120	394	975
1118	406328	119	464	957
1119	406567	120	723	225
1120	406747	219	509	177
1121	407285	359	928	848
1122	407664	179	956	710
1123	407863	439	984	665
1124	408342	319	734	620
1125	408681	219	795	490
1126	408940	299	966	382
1127	409279	439	1108	345
1128	409757	658	812	516
1129	410475	399	914	428
1130	411013	259	733	407
1131	411312	279	794	377
1132	411831	279	723	489
1133	412130	160	702	430
1134	412349	179	541	206
1135	412548	219	564	211
1136	412807	319	618	679
1137	413206	139	929	1018
1138	413446	179	1075	885
1139	413685	219	1163	608
1140	413964	399	1175	277
1141	414423	279	370	870
1142	414742	140	458	735
1143	414941	100	371	593
1144	415060	359	367	562
1145	415559	239	480	268
1146	415838	239	796	657
1147	416097	199	682	695
1148	416336	339	436	956
1149	416735	957	808	500
1150	417812	359	1798	943
1151	418290	199	781	494
1152	418549	319	795	472
1153	418908	259	682	565
1154	419267	399	830	914
1155	419805	319	1047	259
1156	420164	339	849	251
1157	420563	219	1074	101
1158	420802	120	1078	112
1159	421002	259	496	282
1160	421340	259	379	265
1161	421699	239	357	698
1162	421979	319	396	900
1163	422318	259	395	897
1164	422656	180	979	969
1165	422896	259	1179	755
1166	423195	239	1221	666
1167	423474	239	1186	546
1168	423793	319	1151	469
1169	424152	159	1252	392
1170	424351	558	1278	203
1171	424949	279	1142	375
1172	425248	339	1209	521
1173	425647	179	1139	485
1174	426006	299	1252	501
1175	426345	319	972	818
1176	426704	259	737	878
1177	427043	359	547	347
1178	427521	678	779	220
1179	428318	518	1612	708
1180	428897	339	1080	551
1181	429276	618	905	536
1182	429933	259	734	451
1183	430232	180	681	365
1184	430432	339	744	320
1185	430811	459	678	378
1186	431389	359	529	897
1187	431788	199	827	780
1188	432047	279	1115	528
1189	432366	219	1222	504
1190	432625	399	1236	259
1191	433083	239	717	318
1192	433383	339	754	419
1193	433741	419	698	396
1194	434220	299	883	685
1195	434559	199	829	358
1196	434798	319	819	227
1197	435137	359	802	110
1198	435516	359	744	80
1199	435914	219	935	140
1200	436233	379	576	909
1201	436652	379	368	975
1202	437071	179	490	951
1203	437489	140	910	638
1204	437669	339	938	517
1205	438068	219	412	401
1206	438327	179	510	213
1207	438865	339	1144	917
1208	439244	2113	820	522
1209	441596	279	818	314
1210	441896	279	912	227
1211	442254	498	610	238
1212	442832	359	541	795
1213	443271	200	806	941
1214	443510	120	1080	1002
1215	443650	120	1087	997
1216	443869	139	1119	784
1217	444049	219	1182	539
1218	444308	239	1144	305
1219	444587	299	1062	188
1220	444926	279	794	146
1221	445265	339	548	233
1222	445644	419	388	297
1223	446142	598	568	696
1224	446780	359	651	703
1225	447179	319	786	879
1226	447518	100	781	876
1227	447657	259	646	906
1228	447936	239	638	865
1229	448216	159	691	686
1230	448435	239	879	476
1231	448754	219	1072	537
1232	449033	160	1102	420
1233	449432	379	664	174
1234	449910	359	652	1013
1235	450309	100	555	946
1236	450628	678	805	524
1237	451346	279	1021	566
1238	451665	558	833	543
1239	452342	219	1540	959
1240	452602	159	1285	1155
1241	452821	279	908	573
1242	453120	139	955	495
1243	453299	199	1175	310
1244	453559	179	1231	182
1245	454097	319	370	169
1246	454834	159	1066	431
1247	455054	299	1108	821
1248	455393	279	1167	926
1249	455951	100	551	967
1250	456210	120	891	951
1251	456350	140	850	960
1252	456509	379	852	958
1253	456928	239	852	952
1254	457247	179	825	847
1255	457586	678	817	702
1256	458304	797	799	640
1257	459141	239	751	878
1258	459500	120	819	899
1259	459659	478	633	948
1260	460218	339	1025	940
1261	460656	120	1223	921
1262	460895	239	1233	774
1263	461174	160	1169	610
1264	461394	160	1227	902
1265	461593	419	1097	576
1266	462092	239	1028	287
1267	462371	159	1064	144
1268	462590	219	596	157
1269	462849	279	433	355
1270	463148	359	449	625
1271	463527	339	500	675
1272	463966	319	929	830
1273	464364	119	652	880
1274	464524	459	377	873
1275	465062	1675	772	529
1276	466896	160	1945	1188
1277	467176	239	734	552
1278	467435	159	664	762
1279	467634	339	668	818
1280	468033	179	926	499
1281	468252	199	989	335
1282	468671	299	475	187
1283	469069	279	399	832
1284	469388	299	382	1005
1285	469727	179	665	966
1286	469947	179	400	956
1287	470146	299	440	959
1288	470465	159	431	908
1289	470684	658	459	931
1290	471402	438	380	797
1291	471960	319	1061	953
1292	472379	140	1207	651
1293	472559	120	1193	391
1294	472718	538	1195	186
1295	473376	219	595	831
1296	473675	339	669	238
1297	474034	259	717	203
1298	474373	399	486	189
1299	474891	239	977	452
1300	475170	458	823	471
1301	475669	937	831	481
1302	476725	439	819	396
1303	477204	399	658	627
1304	477642	239	749	638
1305	477901	219	785	613
1306	478220	120	962	318
1307	478400	359	548	173
1308	478858	279	476	937
1309	479317	199	374	1000
1310	479596	179	996	1039
1311	479855	259	1165	969
1312	480214	319	1223	757
1313	480553	259	1247	722
1314	480932	139	1138	470
1315	481171	100	1213	252
1316	481390	399	1237	190
1317	482048	100	552	63
1318	482307	100	387	135
1319	482427	180	328	139
1320	482766	140	368	935
1321	483025	239	366	815
1322	483284	319	396	753
1323	483643	219	537	522
1324	483962	498	928	431
1325	484521	259	737	432
1326	484979	239	853	468
1327	485318	179	812	540
1328	485517	1057	805	556
1329	486674	279	710	714
1330	486993	179	655	831
1331	487212	319	355	978
1332	487591	159	991	978
1333	487910	120	1228	1041
1334	488069	179	1214	827
1335	488289	259	1128	711
1336	488588	179	1114	604
1337	488807	279	939	461
1338	489126	180	841	460
1339	489345	159	757	308
1340	489604	219	1125	85
1341	489943	159	1260	192
1342	490183	239	456	199
1343	490462	299	389	133
1344	490781	239	315	30
1345	491199	180	381	779
1346	491419	419	347	966
1347	491857	299	426	1030
1348	492196	219	457	845
1349	492456	199	462	760
1350	492675	100	453	671
1351	492794	159	459	681
1352	492994	239	670	644
1353	493313	239	841	636
1354	493731	259	1172	935
1355	494110	100	1229	1095
1356	494250	239	1040	884
1357	494509	538	982	780
1358	495067	299	1029	726
1359	495386	219	971	695
1360	495645	738	886	583
1361	496403	299	841	578
1362	496762	299	550	873
1363	497101	219	683	823
1364	497360	159	883	717
1365	497559	160	1199	645
1366	497759	698	1183	326
1367	498895	180	1441	1178
1368	499254	100	783	577
1369	499473	120	1375	1117
1370	499613	379	1476	1174
1371	500131	399	805	642
1372	500570	199	756	472
1373	500849	100	1190	939
1374	501108	239	1104	933
1375	501367	359	1088	952
1376	501786	219	1158	634
1377	502045	179	1196	506
1378	502245	319	1157	658
1379	502583	718	1172	648
1380	504497	239	1116	708
1381	504757	598	1167	652
1382	505434	718	803	498
1383	506172	977	790	529
1384	507249	140	1139	193
1385	507468	419	848	540
1386	507926	359	1084	331
1387	508325	199	1252	326
1388	508564	219	1224	139
1389	508844	419	569	189
1390	509322	419	598	728
1391	509781	160	845	772
1392	510080	199	1059	980
1393	510319	239	1088	724
1394	510658	259	898	582
1395	510977	279	439	776
1396	511276	120	429	778
1397	511715	218	439	520
1398	511953	878	516	595
1399	512871	1396	642	528
1400	514366	319	920	581
1401	514725	219	1022	741
1402	515004	299	652	565
1403	515323	279	552	603
1404	515642	140	472	454
1405	515841	598	437	365
1406	516519	239	961	839
1407	516818	279	550	374
1408	517197	120	808	468
1409	517536	1575	769	499
1410	519151	139	457	406
1411	519370	239	465	342
1412	519649	259	559	270
1413	519948	219	377	153
1414	520307	259	826	219
1415	520666	140	714	206
1416	520846	319	988	146
1417	521204	239	1189	406
1418	521484	259	926	593
1419	521783	339	1110	737
1420	522201	279	997	855
1421	522520	100	1153	956
1422	522660	120	1154	956
1423	522959	439	639	695
1424	523418	159	563	580
1425	523617	379	479	422
1426	524055	359	601	743
1427	524454	160	575	703
1428	524634	159	601	750
1429	524813	160	585	746
1430	524992	120	588	752
1431	525132	598	683	727
1432	525790	678	377	696
1433	526548	259	635	927
1434	526827	159	632	930
1435	527046	140	1164	820
1436	527225	259	1193	609
1437	527544	160	1218	465
1438	527724	359	1221	368
1439	528122	219	1224	244
1440	528362	339	1267	201
1441	528760	180	1272	524
1442	528960	219	1271	472
1443	529219	239	675	647
1444	529538	339	814	727
1445	529937	279	1153	954
1446	530236	139	1189	862
1447	530415	917	804	525
1448	531472	917	1990	966
1449	532509	179	912	534
1450	532728	219	777	527
1451	533047	179	755	267
1452	533266	239	618	170
1453	533526	179	458	318
1454	533725	339	505	293
1455	534124	279	367	741
1456	534482	239	680	876
1457	534782	359	945	923
1458	535180	319	1189	860
1459	535539	239	1143	633
1460	535818	239	1127	505
1461	536157	219	1192	413
1462	536436	279	1178	217
1463	536755	199	1170	162
1464	536994	259	845	141
1465	537294	179	622	174
1466	537852	279	361	136
1467	538250	100	431	799
1468	538410	379	379	973
1469	538829	140	620	945
1470	539088	259	1007	957
1471	539387	339	1062	838
1472	539746	239	1192	865
1473	540025	179	936	696
1474	540284	199	856	561
1475	540503	299	858	560
1476	540902	219	790	443
1477	541261	379	1873	1297
1478	541939	219	2084	1013
1479	542318	199	1046	603
1480	542557	319	849	542
1481	542916	259	692	508
1482	543215	219	630	404
1483	543474	359	623	234
1484	543873	239	823	270
1485	544152	359	970	337
1486	544550	299	1193	255
1487	544890	140	1255	174
1488	545208	518	418	172
1489	545826	439	507	738
1490	546285	259	573	752
1491	546564	199	583	747
1492	546843	319	1096	869
1493	547202	219	1239	833
1494	547461	319	1223	606
1495	547800	160	1249	565
1496	547980	219	1088	565
1497	548259	259	421	820
1498	548578	319	370	967
1499	548957	299	506	778
1500	549276	279	554	755
1501	549694	1017	997	511
1502	550911	558	1906	1101
1503	551588	259	838	568
1504	551867	239	784	642
1505	552226	100	980	939
1506	552346	140	956	978
1507	552505	239	951	984
1508	552824	479	980	297
1509	553383	498	835	474
1510	554000	160	1517	1160
1511	554260	160	1468	1190
1512	554479	219	902	664
1513	554738	598	820	586
1514	555356	100	828	834
1515	555476	100	815	845
1516	555656	239	863	956
1517	555934	120	679	978
1518	556134	259	465	997
1519	556493	259	557	356
1520	556772	319	737	298
1521	557131	159	896	202
1522	557330	219	1215	309
1523	557589	219	1174	584
1524	557848	180	1079	659
1525	558108	160	1094	644
1526	558307	259	830	860
1527	558706	439	1078	961
1528	559164	219	960	1027
1529	559483	279	383	416
1530	559782	219	379	308
1531	560061	618	360	220
1532	560779	379	529	1029
1533	561198	200	633	984
1534	561477	159	1140	963
1535	561716	200	1159	575
1536	561956	179	1215	442
1537	562175	179	1241	275
1538	562394	239	1250	183
1539	562653	399	1200	142
1540	563152	279	1115	67
1541	563451	678	960	126
1542	564268	100	787	555
1543	564508	459	1005	26
1544	565126	140	1392	1028
1545	565305	518	1484	1177
1546	565863	159	1579	1067
1547	566083	239	882	539
1548	566342	259	784	606
1549	566641	339	665	537
1550	567059	239	518	934
1551	567318	199	694	931
1552	567538	140	733	934
1553	567717	299	1103	947
1554	568056	100	1070	781
1555	568176	119	1062	787
1556	568495	179	1211	258
1557	568714	160	1257	174
1558	568993	259	772	115
1559	569312	379	509	200
1560	569711	219	421	309
1561	569950	299	449	329
1562	570349	558	654	558
1563	570947	299	550	629
1564	571266	199	649	554
1565	571485	179	669	535
1566	571765	478	410	184
1567	572741	100	647	503
1568	572861	319	650	564
1569	573220	339	379	816
1570	573598	180	639	893
1571	573957	140	474	1012
1572	574197	937	834	503
1573	575273	419	1433	475
1574	575832	199	946	468
1575	576051	219	853	510
1576	576310	199	610	437
1577	576529	139	536	429
1578	576709	199	811	298
1579	576928	239	936	196
1580	577247	179	1023	720
1581	577466	259	891	829
1582	577746	259	776	879
1583	578084	159	429	900
1584	578504	159	411	479
1585	578682	319	410	466
1586	579041	179	529	303
1587	579639	439	1131	436
1588	580138	339	1211	194
1589	580517	339	902	180
1590	580975	279	864	757
1591	581494	100	1146	975
1592	581673	120	1143	883
1593	581872	758	745	923
1594	582690	2193	818	626
1595	584903	299	758	492
1596	585222	179	789	549
1597	585441	339	463	754
1598	585800	160	460	843
1599	586119	159	857	933
1600	586358	180	1013	914
1601	586598	159	1066	1009
1602	586837	399	1116	494
1603	587275	120	1156	378
1604	587435	140	927	228
1605	587614	299	659	152
1606	587953	160	529	125
1607	588232	180	391	235
1608	588472	299	754	135
1609	588890	279	1190	179
1610	589189	618	1285	174
1611	589827	179	1136	163
1612	590086	399	827	221
1613	590525	299	723	322
1614	590864	100	618	426
1615	591003	259	453	539
1616	591302	179	421	823
1617	591502	139	425	814
1618	591721	160	516	886
1619	592080	139	383	930
1620	592319	419	841	424
1621	592878	299	1833	1017
1622	593296	199	2035	999
1623	593675	259	877	559
1624	594253	179	1500	1172
1625	594472	359	882	610
1626	594871	219	1047	385
1627	595130	239	1111	216
1628	595430	239	630	198
1629	595709	219	429	273
1630	595988	259	476	955
1631	596606	179	1096	846
1632	596865	259	1159	741
1633	597164	199	1058	586
1634	597403	319	816	452
1635	597762	239	718	334
1636	598061	259	1061	181
1637	598400	259	1242	208
1638	598719	359	703	112
1639	599118	159	588	164
1640	599397	419	645	787
1641	599855	199	592	846
1642	600075	179	642	777
1643	600274	439	606	750
1644	600753	319	1006	634
1645	601112	359	1182	596
1646	601510	1635	852	559
1647	603185	379	738	516
1648	603604	239	828	542
1649	603863	239	685	492
1650	604142	359	625	382
1651	604561	140	520	751
1652	604740	259	808	917
1653	605079	180	656	857
1654	605298	598	589	860
1655	605916	179	590	849
1656	606116	160	664	753
1657	606773	638	812	490
1658	607471	698	700	593
1659	608209	180	620	859
1660	608408	259	640	810
1661	608787	319	485	905
1662	609126	159	519	891
1663	609325	179	863	627
1664	609525	239	902	535
1665	609784	140	941	590
1666	609983	259	963	280
1667	610322	299	519	319
1668	610661	219	456	267
1669	610980	339	1094	988
1670	611339	120	1114	927
1671	611538	160	1213	819
1672	611718	598	1182	797
1673	612396	478	1113	738
1674	612894	279	1112	731
1675	613233	977	927	709
1676	614310	179	788	502
1677	614529	439	977	688
1678	615007	100	1142	907
1679	615127	140	1154	901
1680	615287	239	1055	984
1681	615566	239	819	987
1682	615845	319	532	986
1683	616224	319	374	765
1684	616583	179	398	548
1685	616802	299	407	229
1686	617121	159	523	192
1687	617320	299	1094	231
1688	617639	160	931	291
1689	617819	259	947	275
1690	618118	339	1176	530
1691	618496	199	1243	708
1692	618736	120	1286	268
1693	618975	179	1244	213
1694	619214	319	841	615
1695	619573	299	705	649
1696	619912	339	1041	931
1697	620291	140	1234	957
1698	620510	179	816	1045
1699	620749	100	1113	977
1700	620869	279	1213	976
1701	621188	339	1186	863
1702	621547	219	1146	792
1703	621846	997	836	545
1704	622962	299	1480	942
1705	623381	538	791	482
1706	623959	160	891	717
1707	624158	239	1064	692
1708	624418	897	1077	694
1709	625414	1196	969	555
1710	626790	558	894	544
1711	627388	299	1033	677
1712	627727	199	839	399
1713	627966	199	742	276
1714	628226	219	379	563
1715	628466	120	388	554
1716	628724	599	402	578
1717	629402	219	1073	913
1718	629661	120	1119	965
1719	629900	179	490	560
1720	630100	219	403	568
1721	630339	160	420	597
1722	630518	638	406	575
1723	631196	399	405	563
1724	631675	259	624	442
1725	632133	558	610	426
1726	632731	877	870	521
1727	633648	180	427	543
1728	633848	538	360	547
1729	634407	199	364	558
1730	634625	140	356	558
1731	634845	319	1228	670
1732	635204	160	1006	682
1733	635383	159	975	683
1734	635602	419	349	560
1735	636200	1794	673	484
1736	638015	179	574	565
1737	638254	240	369	595
1738	638513	101	334	569
1739	638752	140	634	662
1740	638932	179	698	442
1741	639151	160	796	595
1742	639370	299	659	384
1743	639689	259	656	430
1744	639968	598	808	610
1745	640646	379	707	848
1746	641185	279	804	599
1747	641484	299	789	571
1748	641823	140	696	454
1749	642002	179	615	415
1750	642202	678	655	422
1751	642919	857	804	549
1752	643816	459	880	652
1753	644295	2293	805	542
1754	647445	259	793	564
1755	647764	100	1127	674
1756	647883	598	1148	707
1757	648541	1156	851	579
1758	649738	259	765	529
1759	650037	518	925	487
1760	650575	259	783	528
1761	650874	219	948	510
1762	651113	299	949	400
1763	651432	120	900	341
1764	651652	319	1132	241
1765	652170	359	1096	870
1766	652608	199	607	867
1767	652848	159	494	834
1768	653047	239	530	576
1769	653306	140	609	414
1770	653526	239	695	201
1771	653805	279	886	164
1772	654104	239	1084	234
1773	654403	299	1177	428
1774	654722	219	1253	410
1775	654981	219	1080	357
1776	655220	319	1122	341
1777	655699	239	819	926
1778	655978	279	614	962
1779	656297	419	504	862
1780	656775	140	761	657
1781	656955	219	1066	568
1782	657214	279	1195	654
1783	657533	299	1082	490
1784	657852	179	1241	562
1785	658051	379	1266	564
1786	658530	279	890	923
1787	658909	359	581	931
1788	659347	758	801	488
1789	660304	439	895	148
1790	660842	120	785	532
1791	660982	179	827	612
1792	661181	279	806	554
1793	661480	279	802	510
1794	661799	339	1138	591
1795	662198	379	413	773
1796	662597	718	406	726
1797	663354	259	922	896
1798	663813	140	1043	838
1799	664232	160	1162	317
1800	664451	139	1268	356
1801	664611	159	1285	401
1802	664810	339	706	149
1803	665209	259	1021	186
1804	665508	139	649	159
1805	665727	259	412	594
1806	666006	359	439	711
1807	666405	219	591	750
1808	666704	139	1009	1059
1809	666923	159	990	989
1810	667103	160	986	981
1811	667302	538	812	602
1812	667860	379	810	615
1813	668438	199	1684	1023
1814	668777	160	986	707
1815	669016	140	1822	1049
1816	669196	120	2015	1006
1817	669435	219	799	592
1818	669714	259	496	470
1819	670033	159	1184	525
1820	670213	379	1095	468
1821	670651	100	993	952
1822	670851	160	999	921
1823	671110	100	1098	672
1824	671230	419	1090	555
1825	671708	179	906	519
1826	672027	179	1397	1128
1827	672226	219	1479	1187
1828	672585	219	929	757
1829	672845	299	836	663
1830	673303	299	836	484
1831	673642	259	1104	466
1832	673941	239	1083	342
1833	674240	359	664	533
1834	674659	379	528	886
1835	675097	239	1010	977
1836	675356	179	938	909
1837	675576	239	1165	1008
1838	675855	199	1254	776
1839	676074	139	1250	697
1840	676294	259	1148	371
1841	676593	199	1252	239
1842	676952	239	426	345
1843	677231	877	1137	250
1844	678128	219	1220	205
1845	678367	339	1163	163
1846	678726	239	1284	248
1847	679005	259	1124	377
1848	679364	160	1178	332
1849	679603	219	579	456
1850	679902	359	466	249
1851	680301	219	400	191
1852	680600	279	381	168
1853	681058	239	360	567
1854	681338	199	816	560
1855	681876	120	1491	1005
1856	682015	159	1471	1095
1857	682195	100	1506	1153
1858	682454	459	792	509
1859	682972	259	1227	916
1860	683331	180	1575	1120
1861	683570	239	963	522
1862	683850	299	764	343
1863	684169	160	730	318
1864	684388	379	470	311
1865	684846	259	795	913
1866	685145	199	1047	918
1867	685385	199	1206	747
1868	685624	179	1253	620
1869	685843	219	1233	405
1870	686082	379	1209	350
1871	686521	299	382	797
1872	686840	259	386	973
1873	687199	239	1126	1023
1874	687458	140	1157	895
1875	687697	219	1019	221
1876	687996	199	887	132
1877	688276	279	665	108
1878	688595	239	1172	214
1879	688874	219	1278	240
1880	689153	439	564	490
1881	689831	1555	1102	626
1882	691426	1236	755	484
1883	692682	199	678	440
1884	692901	199	714	394
1885	693140	379	471	394
1886	693579	239	420	704
1887	693858	319	586	868
1888	694237	179	957	795
1889	694496	239	1074	669
1890	694815	219	1098	544
1891	695054	359	1014	493
1892	695453	159	1190	531
1893	695712	239	1265	204
1894	696011	179	789	116
1895	696230	180	560	163
1896	696510	259	658	898
1897	696928	140	434	950
1898	697108	219	1012	962
1899	697367	339	1228	984
1900	697726	219	1119	986
1901	698164	140	891	1021
1902	698364	618	856	1009
1903	700138	279	824	936
1904	700537	239	840	1012
1905	700995	359	794	495
1906	701394	140	1087	928
1907	701573	279	1425	1149
1908	701872	199	1474	1195
1909	702152	219	897	806
1910	702411	498	799	675
1911	702929	339	725	887
1912	703348	179	1008	781
1913	703547	239	1106	570
1914	703826	199	1217	448
1915	704066	219	1025	267
1916	704365	239	812	274
1917	704624	299	654	348
1918	704943	239	592	327
1919	705222	259	430	370
1920	705581	139	523	870
1921	705740	279	516	875
1922	706039	279	425	980
1923	706438	179	936	1027
1924	706657	179	1117	966
1925	706936	319	1169	852
1926	707275	319	1231	863
1927	707635	259	1149	724
1928	707993	239	1121	542
1929	708272	199	1118	332
1930	708512	259	983	202
1931	708811	160	1204	89
1932	709010	698	832	317
1933	710724	319	980	631
1934	711542	120	847	686
1935	711741	319	768	573
1936	712120	120	1180	802
1937	712280	279	1459	1076
1938	712778	199	797	548
1939	713277	179	928	638
1940	713476	259	833	552
1941	713795	179	406	566
1942	714014	139	541	417
1943	714174	399	549	371
1944	715489	100	606	579
1945	715629	199	630	418
1946	715868	139	590	396
1947	716028	239	535	368
1948	717643	160	634	451
1949	717822	299	524	351
1950	718639	618	681	345
1951	719477	100	981	647
1952	719895	519	701	421
1953	720454	319	616	275
1954	720832	359	1072	279
1955	721231	199	1085	731
1956	721470	259	828	850
1957	721770	219	555	853
1958	722029	100	466	891
1959	722268	199	561	939
1960	722487	199	543	858
1961	722746	279	553	827
1962	723165	100	483	769
1963	723325	259	525	503
1964	723644	100	815	523
1965	723883	339	1079	653
1966	724302	219	1133	641
1967	724581	359	1246	674
1968	725099	319	966	989
1969	725577	419	1003	239
1970	726036	100	947	180
1971	726176	339	479	190
1972	726574	399	389	321
1973	726993	160	357	248
1974	727232	578	426	146
1975	727950	1017	849	464
1976	729106	179	1713	1236
1977	729326	259	1976	1048
1978	729704	140	1015	735
1979	730203	378	914	407
1980	730621	259	539	674
1981	730921	100	407	888
1982	731040	179	406	897
1983	731299	120	895	791
1984	731519	179	755	304
1985	731718	299	626	211
1986	732037	459	809	178
1987	732555	339	1186	236
1988	732934	100	1285	280
1989	733154	100	1284	405
1990	733333	279	1144	1019
1991	733752	159	1239	951
1992	733931	140	1245	877
1993	734131	1395	840	553
1994	735705	618	911	470
1995	736363	299	688	464
1996	736682	179	738	415
1997	736922	179	939	236
1998	737161	179	1184	583
1999	737380	120	1218	647
2000	737520	578	1240	663
2001	738178	678	905	469
2002	739015	778	953	535
2003	739952	339	917	454
2004	740331	319	1166	637
2005	740690	219	858	862
2006	741148	179	423	781
2007	741348	159	405	788
2008	741806	120	1151	992
2009	741986	259	1048	367
2010	742285	160	908	263
2011	742464	120	824	252
2012	742624	199	401	336
2013	742843	279	392	453
2014	743142	140	481	301
2015	743341	239	451	184
2016	743620	199	376	179
2017	744238	359	659	819
2018	744617	199	703	728
2019	744856	359	854	645
2020	745255	179	1103	659
2021	745455	199	1054	501
2022	745694	299	1055	372
2023	746033	439	898	334
2024	746531	160	634	607
2025	746730	618	406	918
2026	748525	239	788	474
2027	748904	199	1026	471
2028	749123	199	1114	516
2029	749442	977	939	455
2030	750459	279	744	437
2031	751795	578	737	598
2032	752432	419	501	877
2033	752991	159	1203	981
2034	753449	100	1083	309
2035	753648	199	1183	242
2036	753908	259	692	200
2037	754227	379	381	393
2038	754645	299	525	181
2039	755383	299	825	173
2040	755742	399	1044	275
2041	756181	578	1205	340
2042	756799	957	831	567
2043	757875	578	778	515
2044	758513	299	1318	737
2045	758872	399	792	483
2046	759311	219	888	428
2047	759590	339	1241	605
2048	760148	239	673	449
2049	760407	199	601	431
2050	760646	140	540	214
2051	760826	239	345	728
2052	761085	140	363	784
2053	761384	120	346	1001
2054	761524	399	347	947
2055	761962	159	962	975
2056	762162	120	964	990
2057	762341	180	1096	992
2058	762561	120	1144	986
2059	762720	379	958	792
2060	763138	140	833	914
2061	763318	100	828	916
2062	763458	299	751	1000
2063	763916	259	1143	253
2064	764215	239	1243	187
2065	764574	120	688	101
2066	764933	100	460	301
2067	765232	199	362	252
2068	765650	120	374	43
2069	765870	279	1221	670
2070	766229	399	1146	837
2071	766787	379	827	567
2072	767206	1236	994	857
2073	768542	139	829	667
2074	768840	140	1033	688
2075	769020	279	1093	695
2076	769319	598	1094	692
2077	770037	239	955	599
2078	770336	319	873	567
2079	770794	518	849	614
2080	771373	359	800	95
2081	771791	439	855	540
2082	772330	179	911	873
2083	772549	219	913	988
2084	772788	279	924	1036
2085	773187	199	1126	426
2086	773426	159	1165	310
2087	773685	219	1063	195
2088	773944	339	420	609
2089	774383	319	377	873
2090	774901	100	1224	947
2091	775041	120	1175	790
2092	775200	259	1180	492
2093	775639	239	551	173
2094	776416	259	1049	635
2095	776775	219	870	645
2096	777015	219	751	659
2097	777274	219	838	464
2098	777513	160	881	426
2099	777732	259	1184	385
2100	778031	499	1103	200
2101	778610	638	817	550
2102	779267	1435	820	563
2103	780723	219	789	502
2104	780982	279	595	647
2105	781281	239	518	763
2106	781560	160	373	808
2107	781760	219	612	957
2108	781999	678	689	961
2109	782697	259	687	950
2110	783096	379	854	487
2111	783614	179	1893	1039
2112	783833	997	2039	1048
2113	784970	199	858	698
2114	785209	259	680	773
2115	785767	219	1068	592
2116	786026	199	1126	432
2117	786265	160	1087	298
2118	786485	419	725	251
2119	786963	159	507	557
2120	787162	299	739	721
2121	787501	538	1014	783
2122	788100	120	827	952
2123	788379	439	473	987
2124	788857	139	781	841
2125	789077	399	409	1010
2126	789575	319	949	505
2127	789934	179	1101	384
2128	790153	120	1158	171
2129	790352	359	612	173
2130	790771	159	644	99
2131	791369	100	791	486
2132	791608	140	1497	1287
2133	791768	259	1486	1138
2134	792067	139	1317	1152
2135	792386	259	871	710
2136	792685	678	804	559
2137	793403	159	765	411
2138	793602	797	543	420
2139	794420	379	550	420
2140	794838	638	805	470
2141	795775	219	566	381
2142	796014	100	498	386
2143	796174	119	514	346
2144	796453	380	507	350
2145	796892	219	1042	312
2146	797131	160	1116	199
2147	797330	179	870	224
2148	797530	239	887	132
2149	797829	459	616	754
2150	798307	299	398	983
2151	798726	219	1146	910
2152	798965	179	1150	904
2153	799284	199	1218	268
2154	799583	219	1253	183
2155	799862	239	676	156
2156	800141	279	484	265
2157	800460	199	409	406
2158	800720	259	735	784
2159	801038	279	1137	873
2160	801358	179	1143	709
2161	801617	379	1047	551
2162	802095	1934	798	535
2163	804069	239	560	496
2164	804508	279	787	478
2165	804827	259	531	343
2166	805225	140	434	246
2167	805425	219	922	195
2168	805784	159	1149	292
2169	806003	259	1004	635
2170	806302	279	909	777
2171	806641	140	471	954
2172	806800	140	472	960
2173	807020	279	1014	908
2174	807458	120	778	930
2175	807618	339	688	775
2176	807997	199	335	696
2177	808236	160	337	708
2178	808475	120	386	1074
2179	808615	219	388	1008
2180	808954	359	1026	643
2181	809352	139	857	418
2182	809552	399	1074	257
2183	809990	139	768	475
2184	810190	299	374	527
2185	810548	179	821	518
2186	810928	199	799	462
2187	811326	120	1042	1792
2188	811605	100	1017	1881
2189	811745	219	1149	1912
2190	812064	718	798	578
2191	812821	160	686	853
2192	813041	458	453	747
2193	813778	219	1138	995
2194	814197	140	1141	492
2195	814396	279	1152	290
2196	814755	279	631	191
2197	815074	199	507	213
2198	815313	219	431	551
2199	815573	279	629	691
2200	815872	319	758	750
2201	816231	299	1123	958
2202	816549	120	1095	1010
2203	816809	180	1164	280
2204	817028	139	1231	138
2205	817227	319	651	133
