Data properties:
 
Recording date: 01/06/2007
Recording time : 11:40:50:218 (corresponds to time 0)
Study: Alasdair
Subject: PS
Recording: ps3
Screen resolution: 1600 x 1200
Coordinate unit: Pixels
 
 
Filter settings:
 
Eye: Average
Validity level: Normal
Fixation radius: 30
Min duration: 100
 
Fix number	Timestamp	Duration	GazepointX	GazepointY
 
1	230	140	809	646
2	449	120	1257	2265
3	2702	279	720	536
4	3001	279	789	611
5	3320	339	889	389
6	3719	259	704	1027
7	4197	199	1170	638
8	4436	159	1171	417
9	4656	399	464	249
10	5114	299	1014	253
11	5553	379	415	828
12	5951	239	398	991
13	6330	817	707	455
14	7188	379	839	502
15	7586	359	763	474
16	8005	159	1254	705
17	8224	159	1476	1160
18	8444	279	770	573
19	8763	160	622	459
20	9002	199	609	242
21	9281	239	1139	433
22	9600	219	523	882
23	9839	160	418	1005
24	10098	219	463	448
25	10358	299	608	229
26	10696	160	691	141
27	10976	279	1163	253
28	11295	319	1128	108
29	11673	419	538	246
30	12132	678	765	542
31	12850	877	659	375
32	13787	259	968	554
33	14086	319	626	363
34	14445	558	651	242
35	15043	518	852	906
36	15581	259	857	894
37	15880	100	819	546
38	16000	439	820	511
39	16458	399	774	438
40	16957	698	687	356
41	17674	279	670	290
42	17993	299	628	231
43	18372	219	387	659
44	18611	139	444	604
45	18831	199	857	966
46	19070	180	1042	912
47	19469	239	1091	293
48	19788	179	1199	223
49	20007	239	905	185
50	20406	439	470	247
51	20964	180	467	919
52	21163	319	396	1044
53	21562	718	743	374
54	22320	498	650	362
55	22858	339	785	463
56	23317	279	679	404
57	23636	219	566	301
58	23895	140	732	196
59	24094	159	1141	405
60	24393	359	851	771
61	24812	279	567	889
62	25131	299	400	817
63	25470	120	696	676
64	25629	199	443	750
65	25888	339	1022	940
66	26307	259	922	190
67	26706	538	428	212
68	27324	199	555	164
69	27683	817	978	133
70	28560	1854	750	588
71	30474	100	658	327
72	30633	140	478	787
73	30793	1515	464	754
74	32328	1535	480	755
75	33983	3011	546	830
76	37053	199	523	825
77	37292	139	604	660
78	37452	439	578	749
79	37970	219	786	225
80	38329	199	1122	906
81	38648	279	483	994
82	39027	179	993	301
83	39226	239	1168	190
84	39585	339	456	199
85	41080	359	973	279
86	41479	359	1006	166
87	41878	658	778	550
88	42576	379	692	407
89	43014	379	943	621
90	43433	399	833	593
91	43871	279	718	405
92	44190	159	613	282
93	44390	199	434	751
94	44709	159	792	964
95	44908	140	1160	946
96	45167	279	1206	203
97	45466	219	1237	186
98	45726	339	937	158
99	46124	159	693	473
100	47261	459	734	398
101	47779	120	668	681
102	47978	279	1008	845
103	48297	160	1040	693
104	48616	339	524	227
105	49015	439	818	556
106	49573	120	671	518
107	49713	299	817	497
108	50032	359	743	449
109	50411	219	876	484
110	50670	598	743	498
111	51288	180	945	615
112	51487	319	1004	826
113	51866	160	1089	361
114	52065	199	1177	237
115	52344	140	503	608
116	52524	219	441	985
117	52823	239	549	208
118	53102	399	662	88
119	53541	239	758	91
120	53820	239	1272	505
121	54159	379	1237	912
122	54577	518	1115	719
123	55136	817	846	500
124	55993	857	710	423
125	56930	279	813	354
126	57249	259	677	428
127	57548	199	731	794
128	57787	259	956	843
129	58106	100	1139	819
130	58266	159	1187	577
131	58485	159	1220	249
132	58704	359	792	130
133	59123	180	465	717
134	59342	199	349	969
135	59641	120	435	289
136	59841	538	508	181
137	60479	179	829	522
138	60678	259	831	506
139	60977	658	683	424
140	61655	279	638	368
141	61974	459	782	372
142	62472	259	568	373
143	62791	179	997	182
144	62991	179	1200	191
145	63270	219	622	909
146	63509	120	622	902
147	63669	159	528	1016
148	63868	180	704	1017
149	64107	459	1118	475
150	64626	479	528	144
151	65224	179	1002	519
152	65463	199	1502	1053
153	65702	199	1343	1144
154	65981	219	833	585
155	66241	498	725	481
156	66779	299	1016	548
157	67118	279	729	374
158	67417	139	670	155
159	67616	199	995	707
160	67835	259	945	687
161	68115	179	992	673
162	68414	199	727	996
163	68653	259	1003	990
164	69032	279	1035	189
165	69351	239	1194	150
166	69709	159	555	146
167	69889	160	555	154
168	70088	558	423	335
169	70706	1216	924	434
170	71962	538	660	492
171	72521	399	688	373
172	72959	239	630	771
173	73318	179	1000	894
174	73537	120	1023	807
175	73697	179	1231	701
176	74076	319	1138	131
177	74415	239	1006	165
178	74694	160	813	136
179	75172	199	807	117
180	75392	379	746	89
181	75790	239	730	84
182	76129	578	829	435
183	76747	359	753	301
184	77146	419	762	224
185	77744	439	719	212
186	78203	160	717	184
187	78402	239	792	94
188	78681	359	1010	129
189	79120	199	860	703
190	79339	279	795	955
191	79638	319	765	1010
192	80037	219	420	888
193	80296	199	406	762
194	80535	160	491	585
195	80735	120	698	363
196	80934	279	921	88
197	81253	120	1130	175
198	81412	159	1204	603
199	81612	339	1144	890
200	81991	339	1165	728
201	82389	100	754	457
202	82589	120	758	408
203	82968	1415	742	351
204	84403	279	717	256
205	84702	219	624	309
206	84981	239	551	855
207	85300	219	1021	974
208	85559	140	1170	851
209	85759	219	1167	533
210	86018	219	1227	229
211	86337	319	1278	166
212	86795	439	527	156
213	87314	279	641	657
214	87633	279	828	661
215	87952	299	978	597
216	88291	239	1075	508
217	88570	179	992	413
218	88789	319	943	273
219	89128	578	966	188
220	89726	339	850	214
221	90105	538	688	267
222	90743	957	752	423
223	91919	658	765	431
224	92597	179	636	446
225	92856	159	497	830
226	93135	159	943	1009
227	93335	239	1044	857
228	93614	180	1093	726
229	93833	259	1167	565
230	94132	179	1219	403
231	94351	199	1079	244
232	94571	160	1106	75
233	94910	140	1266	172
234	95508	119	345	474
235	95667	319	494	713
236	96026	199	714	683
237	96265	259	810	522
238	96564	339	801	441
239	96983	299	1038	742
240	97382	140	890	811
241	97581	439	576	870
242	98080	199	864	780
243	98299	200	867	669
244	98518	518	836	566
245	99296	179	829	527
246	99715	678	781	444
247	100432	498	954	638
248	100990	359	823	588
249	101389	299	1107	867
250	101828	139	815	912
251	102007	239	1190	1015
252	102286	359	1084	566
253	102685	159	1125	382
254	102884	219	976	159
255	103144	259	816	140
256	103443	120	633	100
257	103682	199	602	116
258	103921	140	591	328
259	104081	578	629	352
260	104699	598	484	676
261	105337	1874	790	563
262	107231	219	717	485
263	107470	319	751	409
264	107849	140	1057	648
265	108068	259	1091	930
266	108487	319	470	902
267	108866	100	738	555
268	109045	160	968	319
269	109264	319	1187	225
270	109623	120	935	186
271	109803	219	632	190
272	110062	299	520	426
273	110421	199	539	500
274	110640	259	625	563
275	110939	379	746	472
276	111358	1934	1022	488
277	113331	777	828	566
278	114149	259	716	458
279	114428	179	625	437
280	114627	160	499	491
281	114966	3030	513	478
282	118017	179	431	496
283	118236	179	460	324
284	118435	200	470	247
285	118694	219	937	494
286	118934	159	815	592
287	119133	299	986	741
288	119472	239	1113	986
289	119791	379	1205	475
290	120190	1117	1209	422
291	121346	100	1112	468
292	121466	120	1109	497
293	121665	1416	1210	419
294	123100	180	1153	439
295	123300	478	1213	420
296	123818	199	1218	413
297	124037	877	1147	458
298	124935	419	1041	385
299	125413	239	509	521
300	125712	359	368	888
301	126171	339	379	392
302	126569	239	1209	513
303	126829	120	1250	485
304	127008	379	1203	437
305	127447	259	434	331
306	127726	279	377	311
307	128045	359	417	246
308	128444	1475	766	408
309	129979	439	1068	413
310	130517	199	774	378
311	130796	180	876	345
312	131015	339	1200	346
313	131414	299	709	649
314	131753	179	518	782
315	132212	179	477	972
316	132451	100	1036	979
317	132570	219	1036	986
318	132830	159	1095	917
319	133089	200	1181	814
320	133348	239	1171	712
321	133627	179	1072	528
322	133886	159	984	278
323	134086	199	928	200
324	134325	339	520	112
325	134704	100	476	105
326	135202	100	331	149
327	135342	139	333	155
328	135640	259	728	681
329	135939	259	809	584
330	136258	259	946	475
331	136558	239	1002	400
332	136817	419	1148	370
333	137275	160	1201	337
334	137475	518	1102	214
335	138033	2073	785	483
336	140126	219	774	449
337	140406	199	454	281
338	140625	199	409	246
339	140884	180	675	68
340	141083	180	724	50
341	141363	319	571	846
342	141721	259	793	890
343	142100	199	988	895
344	142459	299	862	920
345	142818	100	1153	795
346	142977	219	1167	587
347	143237	299	1118	458
348	143576	179	1036	487
349	143954	319	1192	221
350	144373	120	734	159
351	144533	179	664	54
352	144732	199	702	39
353	144951	180	538	119
354	145210	179	364	691
355	145490	239	395	898
356	145868	100	410	812
357	145988	219	405	723
358	146227	319	398	667
359	146606	179	796	496
360	146805	1635	807	455
361	148500	139	1059	326
362	148699	419	645	270
363	149178	279	625	767
364	149517	379	913	978
365	149955	179	1175	475
366	150394	319	949	414
367	150773	299	1115	244
368	151112	279	893	238
369	151470	259	804	197
370	151790	239	582	249
371	152089	199	432	324
372	152348	179	336	815
373	152687	359	417	959
374	153185	199	709	297
375	153424	738	818	133
376	154182	179	813	108
377	154581	1396	678	484
378	156036	219	796	311
379	156295	299	615	347
380	156634	199	494	198
381	157272	199	438	978
382	157511	120	429	956
383	157711	180	528	260
384	157930	319	457	139
385	158648	140	526	244
386	158887	439	1042	800
387	159346	259	1126	1043
388	159764	120	1124	569
389	159944	399	1177	295
390	160382	179	1085	282
391	160701	179	1256	159
392	160901	120	1263	135
393	161080	359	1019	508
394	161479	618	1010	247
395	162296	458	792	689
396	162795	359	571	772
397	163173	299	549	896
398	163492	359	530	1021
399	164071	100	967	914
400	164669	159	1029	562
401	164868	279	886	489
402	165287	359	984	455
403	165686	1575	987	370
404	167300	1316	696	454
405	168636	199	746	400
406	168855	140	854	301
407	169055	259	539	347
408	169454	379	1011	726
409	169872	339	534	946
410	170291	120	901	278
411	170590	160	963	186
412	170809	219	587	163
413	171068	419	1006	146
414	171527	239	504	200
415	171786	259	547	163
416	172145	339	441	605
417	172544	359	726	663
418	172943	339	890	645
419	173321	259	667	923
420	173640	219	676	924
421	173899	180	887	880
422	174199	339	934	788
423	174577	259	973	662
424	174876	339	921	557
425	175235	159	867	507
426	175435	219	733	304
427	175734	259	705	245
428	176053	419	571	138
429	176491	239	670	76
430	176790	199	397	559
431	177069	120	388	810
432	177209	738	470	705
433	177967	319	424	747
434	178325	299	543	649
435	178684	1037	723	519
436	179781	558	583	547
437	180379	319	479	723
438	180758	179	587	816
439	180977	219	675	943
440	181256	199	988	899
441	181475	199	1100	850
442	181715	259	1121	757
443	182014	100	1065	614
444	182213	179	1059	383
445	182433	159	964	242
446	182632	239	758	205
447	182991	140	563	282
448	183170	259	420	250
449	183529	199	374	830
450	183748	279	440	801
451	184047	159	529	732
452	184267	259	595	561
453	184566	279	1103	665
454	184885	179	1230	611
455	185104	319	1213	412
456	185463	439	1246	273
457	186001	678	792	472
458	186699	558	715	455
459	187337	219	821	411
460	187796	319	857	377
461	188134	219	695	531
462	188394	279	660	779
463	188713	399	879	924
464	189151	219	610	958
465	189410	199	414	835
466	189789	239	1054	671
467	190148	219	1107	530
468	190427	159	1085	381
469	190627	179	1172	227
470	190866	279	758	108
471	191284	120	514	131
472	191444	120	400	423
473	191663	279	636	541
474	191982	239	897	545
475	192261	259	998	418
476	192560	479	1180	385
477	193178	359	505	648
478	193617	618	434	763
479	194335	299	795	501
480	194773	160	1648	1027
481	195053	219	1383	1130
482	195591	778	843	556
483	196408	279	709	468
484	196747	159	601	449
485	196966	140	447	802
486	197146	279	745	921
487	197545	319	1065	920
488	197904	159	1172	779
489	198103	219	1189	585
490	198362	199	1189	448
491	198601	299	1181	312
492	198920	339	1111	199
493	199319	219	648	105
494	199877	179	340	478
495	200097	618	636	640
496	200735	179	572	581
497	200934	359	402	650
498	201313	279	423	594
499	201751	259	352	304
500	202070	578	909	607
501	202688	419	1002	528
502	203147	1116	858	491
503	204443	718	824	411
504	205180	299	779	461
505	205519	140	769	425
506	205719	339	997	757
507	206137	159	755	298
508	206357	159	879	795
509	206536	199	808	722
510	206875	538	1001	884
511	207453	319	849	737
512	207812	199	539	711
513	208091	219	615	666
514	208350	339	436	578
515	208729	239	428	793
516	209088	179	568	931
517	209547	179	1189	506
518	209766	279	1186	311
519	210065	279	1201	232
520	210404	239	819	153
521	210683	279	502	137
522	211022	518	384	213
523	211660	159	385	307
524	211839	339	432	272
525	212298	678	343	262
526	213036	179	550	422
527	213235	439	777	513
528	213713	279	749	446
529	214092	818	776	606
530	215168	100	768	575
531	215308	219	666	499
532	216285	179	761	929
533	216485	558	769	937
534	218079	139	767	847
535	218259	140	779	876
536	218598	319	755	368
537	219096	120	729	553
538	219236	1276	745	566
539	220532	259	682	669
540	220831	319	546	913
541	221170	139	474	915
542	221349	180	353	682
543	221548	259	347	656
544	221887	259	1061	935
545	222167	219	1146	886
546	222466	120	815	783
547	222625	179	854	545
548	222844	239	866	391
549	223104	279	861	335
550	223423	259	775	242
551	223702	379	744	150
552	224120	419	565	118
553	224639	239	473	737
554	224918	339	510	863
555	225277	140	599	809
556	225496	100	892	510
557	225656	259	1064	368
558	225955	259	1111	307
559	226234	219	1099	332
560	226513	2711	800	549
561	229244	259	796	469
562	229523	279	713	445
563	229822	359	656	410
564	230241	459	726	405
565	230739	279	616	688
566	231038	259	578	876
567	231338	219	775	962
568	231597	319	1099	986
569	232115	478	530	190
570	232653	339	667	587
571	233032	160	653	449
572	233232	419	540	286
573	233770	159	409	902
574	233949	319	472	860
575	234348	239	1096	640
576	234667	139	1204	612
577	234846	140	1248	445
578	235046	219	1219	299
579	235305	239	1132	219
580	235604	299	910	295
581	235943	100	780	498
582	236063	478	785	470
583	236641	299	734	424
584	237000	638	863	415
585	237856	259	780	437
586	238136	179	699	377
587	238355	199	400	435
588	238574	159	365	502
589	238794	259	640	916
590	239113	159	1124	811
591	239312	279	1117	585
592	239831	299	976	226
593	240209	120	763	210
594	240389	199	867	843
595	240648	100	1168	878
596	240768	120	1173	882
597	240927	140	1220	604
598	241106	180	1223	436
599	241346	239	501	232
600	241765	219	440	210
601	242044	379	444	219
602	242582	1914	884	534
603	244516	239	720	476
604	244795	179	510	534
605	245074	219	440	952
606	245353	199	1144	1008
607	245652	239	1151	449
608	245931	159	1093	522
609	246131	279	897	440
610	246509	180	681	285
611	246769	379	461	204
612	247187	359	367	275
613	247646	299	980	477
614	247985	459	836	378
615	248483	319	1037	451
616	248842	399	804	321
617	249420	538	837	738
618	249978	279	768	660
619	250337	339	870	561
620	250756	359	796	439
621	251135	598	768	329
622	251773	499	806	587
623	252331	239	640	839
624	252610	498	776	906
625	253168	179	809	500
626	253388	3529	829	388
627	256936	219	695	434
628	257215	259	561	732
629	257495	359	685	837
630	257933	160	918	849
631	258153	159	1106	567
632	258352	199	1053	371
633	258591	419	828	310
634	259030	817	697	349
635	259867	279	771	515
636	260186	259	699	709
637	260465	339	847	766
638	260864	199	802	950
639	261103	179	1143	947
640	261382	459	1236	793
641	261941	359	1061	248
642	262359	239	734	167
643	262638	319	560	186
644	262997	339	479	316
645	263376	379	602	416
646	263854	319	816	784
647	264273	100	703	792
648	264433	160	1164	809
649	264612	159	1228	846
650	264891	139	496	901
651	265330	299	428	969
652	265669	279	559	863
653	266347	199	559	869
654	266606	179	913	650
655	266845	239	1046	503
656	267124	678	1048	371
657	268360	1356	779	386
658	269796	319	788	409
659	270194	379	838	182
660	270633	140	635	365
661	270812	199	482	515
662	271112	239	791	207
663	271690	439	761	448
664	272168	299	861	486
665	272487	219	736	460
666	272746	678	816	430
667	273464	279	663	467
668	273783	159	859	146
669	273982	578	455	148
670	274640	179	1090	414
671	274880	219	1184	805
672	275139	279	1110	934
673	275458	160	698	924
674	275697	199	501	925
675	275936	219	404	838
676	276195	199	410	773
677	276435	140	365	591
678	276633	101	324	575
679	276813	219	906	623
680	277053	199	839	601
681	277292	180	756	479
682	277551	199	671	421
683	277791	259	1160	303
684	278089	239	1198	186
685	278349	319	1191	136
686	278767	1954	826	416
687	280741	219	710	393
688	281000	160	613	392
689	281240	319	452	847
690	281598	159	603	928
691	281857	239	1051	948
692	282176	140	1129	495
693	282416	180	1032	251
694	282655	120	539	202
695	282794	359	541	205
696	283213	279	1233	331
697	283532	219	875	720
698	283951	239	1269	346
699	284250	538	1283	303
700	284908	479	412	629
701	285645	1017	864	517
702	286702	797	792	521
703	287520	219	749	473
704	287779	339	1001	341
705	288158	439	721	239
706	288636	160	531	191
707	288875	219	460	244
708	289174	479	594	963
709	289693	239	399	1019
710	289972	319	992	1012
711	290430	219	1081	1024
712	290690	239	1220	998
713	290988	459	1139	714
714	291487	1156	1040	709
715	292683	139	956	572
716	292863	140	998	406
717	293042	259	1143	258
718	293321	199	1219	212
719	293580	778	511	150
720	294537	159	832	570
721	294877	937	835	505
722	296012	519	814	441
723	296571	160	667	361
724	296750	160	636	210
725	296930	1176	652	221
726	298166	738	791	474
727	298943	1037	722	389
728	300020	219	658	282
729	300259	359	632	365
730	300678	997	1091	683
731	301735	1974	779	508
732	303808	179	887	464
733	304027	199	841	300
734	304266	259	590	189
735	304625	219	430	900
736	304885	179	703	977
737	305144	159	1142	977
738	305383	140	1142	268
739	305622	239	1003	172
740	305881	1495	1100	280
741	307416	439	1029	229
742	307955	219	764	376
743	308373	817	762	358
744	309231	239	883	390
745	309490	239	822	413
746	309909	379	784	407
747	310307	219	784	324
748	310666	239	594	265
749	310965	259	423	875
750	311304	100	680	959
751	311424	199	773	879
752	311643	837	792	890
753	312660	539	771	360
754	313238	160	868	527
755	313677	837	776	449
756	314534	219	697	569
757	314793	140	1088	469
758	314953	399	1151	490
759	315431	239	417	461
760	315730	419	998	503
761	316169	140	989	473
762	316548	498	910	488
763	317086	897	767	521
764	318083	279	1152	566
765	318382	120	1256	505
766	318561	179	1234	757
767	318800	179	737	989
768	319100	199	578	986
769	319359	160	555	561
770	319598	160	538	461
771	319777	857	516	438
772	320674	917	700	396
773	321831	957	702	398
774	322808	279	617	417
775	323107	139	555	415
776	323266	180	548	409
777	323486	479	621	361
778	324024	179	1117	602
779	324223	199	1107	659
780	324463	219	1228	485
781	324702	279	1265	460
782	325140	239	1132	112
783	325439	379	702	930
784	325878	100	1144	1037
785	325998	100	1154	1015
786	326117	160	1106	997
787	326297	159	1017	897
788	326496	339	563	780
789	326895	179	502	299
790	327134	239	503	196
791	327413	199	438	155
792	327712	139	688	414
793	327872	1037	644	360
794	329028	897	626	379
795	330085	838	636	427
796	330962	259	949	623
797	331281	1116	889	313
798	332557	678	811	397
799	333494	578	858	268
800	334092	359	773	339
801	334491	339	863	289
802	334889	259	538	577
803	335169	299	467	830
804	335647	439	648	525
805	336145	219	1069	984
806	336464	159	1023	895
807	336664	159	1075	695
808	336943	160	1127	327
809	337142	219	1213	258
810	337421	279	520	230
811	337740	279	482	122
812	338099	399	413	250
813	338598	758	605	237
814	339395	558	619	237
815	340053	957	764	459
816	341050	359	647	375
817	341469	319	562	815
818	341827	199	790	995
819	342067	219	1122	949
820	342326	139	1162	647
821	342505	160	1175	439
822	342705	199	1150	308
823	342944	139	1163	211
824	343123	219	848	160
825	343402	498	473	146
826	343961	439	387	441
827	344439	1017	531	608
828	345536	1615	774	571
829	347191	299	679	496
830	347529	339	902	603
831	347908	199	1105	699
832	348167	419	542	893
833	348885	279	455	238
834	349184	140	428	153
835	349364	279	998	325
836	349683	299	1134	273
837	350002	139	978	180
838	350241	279	693	119
839	350560	359	552	149
840	351038	219	1032	533
841	351298	339	896	615
842	351656	259	885	775
843	351975	259	1123	893
844	352314	439	1255	1017
845	352793	239	1094	952
846	353072	578	911	684
847	353730	419	814	528
848	354387	479	761	498
849	354886	140	697	536
850	355066	180	876	594
851	355265	478	806	574
852	355763	219	771	535
853	356022	299	686	580
854	356381	139	1095	415
855	356541	179	1179	373
856	356800	259	618	978
857	357099	159	680	937
858	357518	140	884	1019
859	357697	120	798	1011
860	357877	219	1209	883
861	358136	120	1203	714
862	358315	100	1147	444
863	358495	299	1193	259
864	358854	100	939	142
865	359053	259	609	180
866	359352	140	479	208
867	359551	179	776	519
868	359771	2173	559	194
869	361984	279	412	423
870	362303	319	594	427
871	362960	718	844	473
872	363718	598	743	455
873	364356	180	599	314
874	364555	279	530	188
875	364855	598	454	143
876	365592	139	414	274
877	366071	179	418	263
878	366549	100	404	282
879	366788	259	1113	139
880	367167	299	1235	182
881	367486	219	1282	136
882	367765	458	1146	587
883	368284	100	1180	941
884	368403	139	1176	937
885	368583	259	1152	1053
886	368862	239	1221	999
887	369141	100	1176	897
888	369380	159	1247	1012
889	369659	140	1214	1016
890	369859	120	528	982
891	370058	100	534	964
892	370218	319	401	967
893	370576	239	370	742
894	370896	359	421	675
895	371334	518	640	629
896	371872	199	721	567
897	372092	279	730	459
898	372470	299	849	293
899	372829	598	394	418
900	373607	957	962	282
901	374823	498	822	334
902	375501	1017	771	498
903	376558	119	712	302
904	376717	518	463	298
905	377315	658	870	449
906	377993	140	871	438
907	378292	479	806	508
908	378791	199	693	442
909	379010	598	600	390
910	379747	279	605	386
911	380066	239	562	313
912	380326	180	522	248
913	380565	120	912	231
914	380704	578	917	212
915	381582	140	814	259
916	381880	120	1035	604
917	382299	140	794	345
918	382479	439	861	283
919	382937	478	790	314
920	383596	279	808	294
921	383914	399	686	341
922	384412	299	1137	260
923	384752	299	739	734
924	385070	120	666	808
925	385310	439	669	339
926	385828	259	1198	345
927	386107	359	1254	352
928	386506	180	1311	273
929	386785	159	636	995
930	387024	120	634	985
931	387204	160	984	877
932	387383	199	983	879
933	387622	199	737	736
934	387961	299	960	926
935	388420	279	435	967
936	388779	140	397	352
937	388958	638	402	242
938	389636	179	804	508
939	390035	239	804	478
940	390294	199	858	481
941	390533	259	769	470
942	390872	279	977	514
943	391191	279	826	476
944	391490	259	751	463
945	391789	259	711	377
946	392088	379	593	279
947	392527	199	847	538
948	392786	199	565	864
949	393005	120	566	861
950	393205	159	1105	447
951	393424	339	1210	292
952	393803	199	1110	185
953	394102	120	496	193
954	394341	199	410	284
955	394620	219	486	613
956	394879	120	435	798
957	395079	239	942	999
958	395358	200	999	882
959	395617	199	790	848
960	395876	140	959	595
961	396056	479	724	918
962	396614	718	1051	276
963	397590	599	780	462
964	398388	140	763	402
965	398548	239	712	324
966	398867	399	793	393
967	399285	279	805	406
968	399684	239	864	104
969	399943	219	854	158
970	400302	259	694	630
971	400621	399	778	413
972	401399	180	1355	591
973	401638	219	891	505
974	401877	439	815	489
975	402356	359	794	418
976	402754	299	852	342
977	403113	359	682	776
978	403492	179	546	799
979	403711	319	727	935
980	404090	199	1011	992
981	404329	279	970	929
982	404648	239	1238	991
983	404967	180	1201	321
984	405187	179	1188	202
985	405526	179	613	224
986	405785	219	406	413
987	406084	299	368	769
988	406403	200	425	725
989	406642	120	452	646
990	406802	199	439	406
991	407041	199	453	339
992	407280	658	690	350
993	408137	817	739	444
994	409015	239	828	460
995	409294	638	744	459
996	409972	199	706	323
997	410211	160	717	252
998	410430	259	768	100
999	410849	299	443	257
1000	411268	239	900	240
1001	411547	179	763	473
1002	411766	319	740	750
1003	412125	100	1026	868
1004	412324	219	1012	838
1005	412583	279	652	932
1006	412882	219	498	945
1007	413142	379	402	820
1008	413580	199	1034	900
1009	413839	160	1174	855
1010	414059	179	1241	659
1011	414278	638	1210	477
1012	414956	199	1154	401
1013	415175	558	1227	283
1014	415853	179	779	427
1015	416231	579	808	418
1016	416850	439	926	397
1017	417328	160	771	420
1018	417687	260	838	562
1019	417966	239	838	509
1020	418265	120	917	963
1021	418405	140	915	981
1022	418564	120	924	1029
1023	418744	159	427	1031
1024	419003	399	666	968
1025	419501	139	1110	940
1026	419661	119	1105	937
1027	419820	140	1233	880
1028	420060	160	1206	729
1029	420259	219	1182	523
1030	420518	140	1181	337
1031	420698	259	879	210
1032	420997	359	635	387
1033	421375	219	627	428
1034	421675	518	940	108
1035	422512	199	936	218
1036	422731	199	992	209
1037	422990	259	449	532
1038	423289	299	369	638
1039	423688	160	875	281
1040	424087	697	779	319
1041	424844	180	656	801
1042	425044	180	737	910
1043	425422	299	796	612
1044	425861	339	652	975
1045	426240	179	1002	980
1046	426499	100	975	934
1047	426719	139	952	947
1048	426878	638	958	960
1049	427795	638	821	589
1050	428892	279	858	677
1051	429251	199	797	737
1052	429729	219	792	765
1053	429988	319	956	887
1054	430347	100	536	939
1055	430466	300	526	932
1056	430866	100	729	799
1057	431005	259	821	682
1058	431304	279	863	557
1059	431623	199	928	453
1060	431862	180	670	332
1061	432062	259	574	307
1062	432381	379	1096	246
1063	432859	219	1251	538
1064	433118	319	1180	827
1065	433477	100	1052	852
1066	433617	239	552	724
1067	433896	199	479	577
1068	434175	538	510	224
1069	434953	239	923	602
1070	435212	538	850	565
1071	435770	1037	790	489
1072	436846	160	705	480
1073	437066	160	1152	288
1074	437265	120	1249	247
1075	437445	379	674	877
1076	437843	159	571	1024
1077	438222	279	1105	977
1078	438581	159	851	327
1079	438820	219	748	255
1080	439099	219	595	200
1081	439379	399	1291	254
1082	439797	120	1289	235
1083	439977	199	624	662
1084	440196	698	466	778
1085	440954	1874	748	559
1086	442867	239	799	523
1087	443246	219	635	519
1088	443505	159	625	723
1089	443725	120	1034	886
1090	443864	219	1030	892
1091	444143	100	1100	703
1092	444283	199	1068	325
1093	444522	419	1139	242
1094	444981	140	1246	172
1095	445280	259	469	714
1096	445559	299	537	655
1097	445898	299	487	638
1098	446257	199	702	563
1099	446476	339	870	552
1100	446954	339	573	168
1101	447353	239	661	74
1102	447812	439	434	894
1103	448270	399	390	1012
1104	448689	359	423	935
1105	449088	279	421	877
1106	449427	558	1107	926
1107	450025	837	868	621
1108	450902	419	802	559
1109	451360	718	755	506
1110	452297	100	942	247
1111	452417	120	999	262
1112	452557	159	1008	266
1113	452856	159	1246	615
1114	453394	1077	1014	278
1115	454690	1535	763	418
1116	456265	199	837	395
1117	456484	339	896	342
1118	456903	219	585	757
1119	457162	140	759	956
1120	457342	140	543	843
1121	457501	179	556	870
1122	457700	1037	559	885
1123	458757	100	557	865
1124	458897	1675	751	610
1125	460691	140	663	524
1126	461030	219	428	545
1127	461389	219	722	947
1128	461648	219	966	1004
1129	461907	379	1092	727
1130	462346	179	1071	572
1131	462565	159	1072	515
1132	462804	259	1032	336
1133	463103	359	1204	377
1134	463502	359	937	191
1135	464000	219	490	418
1136	464240	459	400	595
1137	464738	458	543	638
1138	465256	160	841	507
1139	465456	199	928	413
1140	465675	199	895	389
1141	465914	179	722	232
1142	466154	179	711	894
1143	466373	219	902	861
1144	466632	299	974	733
1145	466971	439	1112	614
1146	467529	1774	858	508
1147	469324	678	777	510
1148	470041	239	641	423
1149	470300	160	566	437
1150	470480	279	478	483
1151	470779	2871	485	492
1152	473690	239	452	418
1153	473969	299	729	448
1154	474348	199	1073	579
1155	474567	239	956	702
1156	474966	419	777	912
1157	475424	259	559	953
1158	475803	399	1097	273
1159	476262	179	752	200
1160	476501	179	648	163
1161	476740	419	1237	298
1162	477179	239	1267	278
1163	477538	538	895	926
1164	478176	259	1212	904
1165	478495	179	1037	592
1166	478734	259	687	312
1167	479033	399	540	197
1168	479492	1057	766	202
1169	480668	319	898	570
1170	481006	1376	906	570
1171	482442	339	709	365
1172	482841	259	1005	703
1173	483160	199	1127	329
1174	483399	199	1223	240
1175	483718	199	472	767
1176	483937	279	396	930
1177	484316	598	1114	861
1178	484934	180	1013	1043
1179	485193	299	614	405
1180	485512	319	772	284
1181	485871	678	673	239
1182	486609	319	856	448
1183	486948	638	849	450
1184	487805	877	820	403
1185	488722	199	709	506
1186	488961	199	651	827
1187	489181	319	786	906
1188	489520	319	763	857
1189	489918	239	1188	970
1190	490257	159	1201	396
1191	490437	239	1198	262
1192	490716	239	1026	369
1193	491015	140	805	225
1194	491214	399	496	158
1195	491653	379	363	418
1196	492071	379	479	434
1197	492510	199	684	387
1198	492749	159	924	346
1199	492969	479	1147	305
1200	493507	140	1010	508
1201	493726	239	1127	711
1202	493985	259	1023	774
1203	494284	379	879	800
1204	494843	259	891	328
1205	495122	140	930	269
1206	495301	179	940	264
1207	495521	339	838	315
1208	495899	379	994	364
1209	496378	538	967	833
1210	496956	598	853	961
1211	497574	199	769	924
1212	497813	359	668	846
1213	498212	439	620	755
1214	498691	199	735	671
1215	499010	279	848	625
1216	499328	678	691	622
1217	500046	299	602	711
1218	500365	299	515	761
1219	500744	299	751	863
1220	501083	438	863	937
1221	501601	259	787	491
1222	502040	1396	790	490
1223	503475	299	650	572
1224	503814	199	750	551
1225	504054	239	790	374
1226	504313	139	636	356
1227	504532	239	1118	791
1228	504791	179	1151	736
1229	504991	199	1034	845
1230	505210	180	1033	841
1231	505409	120	973	1021
1232	505589	100	1000	994
1233	505808	159	372	800
1234	506007	219	404	653
1235	506446	200	331	468
1236	506665	160	337	429
1237	506964	339	1144	264
1238	507383	339	588	211
1239	507742	618	521	133
1240	508718	280	749	477
1241	509018	399	749	475
1242	509716	758	734	379
1243	510513	219	602	472
1244	510772	279	529	716
1245	511271	140	957	926
1246	511530	140	1135	865
1247	511709	179	1201	747
1248	511909	120	1238	647
1249	512128	139	1257	446
1250	512327	160	1183	166
1251	512547	359	612	164
1252	512945	359	761	344
1253	513424	299	380	223
1254	514042	359	538	439
1255	514441	419	378	365
1256	514919	399	771	931
1257	515677	917	741	505
1258	516614	917	809	503
1259	517571	259	727	465
1260	517870	140	658	530
1261	518049	239	604	837
1262	518348	279	828	991
1263	518687	259	1047	934
1264	518986	160	1189	942
1265	519206	239	1216	691
1266	519465	319	1269	909
1267	519864	159	1150	444
1268	520123	179	1175	370
1269	520342	159	992	254
1270	520541	199	643	220
1271	520780	259	498	258
1272	521080	199	416	362
1273	521399	140	380	284
1274	521738	937	409	428
1275	522914	598	762	470
1276	523532	518	668	484
1277	524070	319	587	474
1278	524568	378	583	408
1279	524967	319	609	354
1280	525366	319	382	815
1281	525745	259	608	980
1282	526124	159	782	949
1283	526383	219	643	854
1284	526802	179	1167	940
1285	527021	160	1008	831
1286	527220	140	925	835
1287	527440	179	1111	367
1288	527659	140	1157	272
1289	527838	259	1155	196
1290	528157	259	639	203
1291	528436	319	413	216
1292	528875	259	390	236
1293	529154	300	341	38
1294	529533	478	1272	584
1295	530051	498	1241	400
1296	530629	179	792	538
1297	530969	997	749	448
1298	532164	439	703	377
1299	532643	259	622	471
1300	532942	160	435	326
1301	533121	239	425	194
1302	533400	199	596	319
1303	533660	199	876	138
1304	533899	259	1204	155
1305	534178	239	1270	142
1306	534557	140	1225	565
1307	534736	259	1126	808
1308	535035	199	870	748
1309	535255	239	671	749
1310	535554	139	411	803
1311	535713	339	424	807
1312	536152	279	379	963
1313	536491	179	613	950
1314	536710	319	800	902
1315	537109	239	891	746
1316	537368	299	857	612
1317	537747	359	815	499
1318	538126	877	781	383
1319	539202	319	744	454
1320	539561	1176	801	540
1321	540777	319	720	455
1322	541136	179	596	476
1323	541355	259	449	802
1324	541634	179	496	936
1325	541854	259	839	991
1326	542153	160	1052	920
1327	542372	140	1216	610
1328	542552	179	1236	378
1329	542791	160	1235	283
1330	543010	279	721	209
1331	543329	1216	468	281
1332	544844	399	643	349
1333	545462	897	591	321
1334	546778	219	810	490
1335	547018	140	675	544
1336	547197	518	398	734
1337	547775	219	928	253
1338	548054	160	434	736
1339	549829	120	683	590
1340	550148	100	780	579
1341	550287	140	370	729
1342	550466	359	602	525
1343	550885	159	896	721
1344	551144	319	1013	912
1345	551523	498	967	508
1346	552141	100	857	547
1347	552460	817	765	519
1348	553318	339	904	850
1349	553696	120	814	724
1350	553896	319	838	659
1351	554254	359	984	858
1352	554753	180	783	928
1353	554952	219	801	927
1354	555231	219	619	824
1355	555491	159	494	596
1356	555690	199	582	330
1357	555989	359	987	215
1358	556368	120	940	216
1359	556527	160	1062	96
1360	556747	419	1249	175
1361	557225	139	1275	583
1362	557424	399	1187	930
1363	557883	259	501	896
1364	558182	180	361	939
1365	558441	219	521	703
1366	558680	259	556	724
1367	558980	518	456	656
1368	559558	199	795	509
1369	559917	1435	775	404
1370	561372	179	720	426
1371	561591	160	621	439
1372	561791	140	1096	415
1373	561950	798	1146	402
1374	563027	957	931	379
1375	564004	518	815	436
1376	564542	299	912	453
1377	564881	259	1119	420
1378	565180	179	994	399
1379	565439	140	772	775
1380	565618	299	634	926
1381	565977	259	450	872
1382	566296	219	1126	916
1383	566595	160	1078	871
1384	566795	199	955	775
1385	567054	100	657	481
1386	567213	199	525	228
1387	567532	100	409	211
1388	567732	239	360	473
1389	568390	120	381	239
1390	568748	419	1083	371
1391	569207	259	1054	574
1392	569506	120	1147	683
1393	569785	299	1184	623
1394	570403	618	769	511
1395	571041	239	879	536
1396	571300	199	812	540
1397	571559	738	794	529
1398	572337	160	728	493
1399	572537	279	421	764
1400	572856	379	797	887
1401	573254	239	850	926
1402	573573	219	1127	351
1403	573872	279	1203	259
1404	574211	359	668	207
1405	574630	139	482	674
1406	574789	199	547	936
1407	575089	179	410	1011
1408	575348	139	1036	667
1409	575547	199	1172	475
1410	575786	199	1148	288
1411	576026	419	1207	138
1412	576584	319	1073	372
1413	576923	319	989	414
1414	577302	319	909	332
1415	577740	279	951	647
1416	578059	558	858	570
1417	578816	199	707	423
1418	579455	219	744	605
1419	579734	139	751	581
1420	579933	219	721	498
1421	580212	139	499	944
1422	580412	219	1026	986
1423	580671	179	1083	919
1424	580890	160	1172	638
1425	581090	120	1209	367
1426	581289	239	1162	197
1427	581588	219	726	190
1428	581847	339	608	133
1429	582226	239	678	85
1430	582545	459	591	792
1431	583023	239	663	938
1432	583382	140	1161	919
1433	583562	179	1229	618
1434	583781	778	1185	467
1435	584658	179	816	543
1436	585057	997	756	475
1437	586074	558	759	474
1438	586672	239	657	479
1439	586971	139	756	761
1440	587150	638	568	914
1441	588087	159	1144	980
1442	588326	160	1071	348
1443	588526	239	1140	180
1444	588865	199	1218	149
1445	589104	299	787	135
1446	589443	319	542	150
1447	589802	140	484	633
1448	590021	179	593	825
1449	590241	299	569	900
1450	590560	598	566	918
1451	591178	199	562	906
1452	591437	359	569	904
1453	592015	339	563	898
1454	592414	159	797	601
1455	592633	319	1084	506
1456	593012	259	1137	938
1457	593311	160	1101	954
1458	593550	259	824	638
1459	593849	578	782	572
1460	594447	299	732	572
1461	594766	658	793	558
1462	595504	159	844	570
1463	595683	180	733	701
1464	595903	199	651	913
1465	596162	199	973	918
1466	596421	179	1150	483
1467	596640	239	1168	254
1468	596919	159	706	153
1469	597099	638	656	133
1470	598076	100	855	543
1471	598375	837	898	653
1472	600289	219	898	705
1473	600568	120	583	500
1474	600707	997	458	529
1475	601923	379	570	548
1476	602522	100	538	581
1477	602661	459	481	580
1478	603159	319	780	615
1479	603538	199	558	553
1480	603778	279	415	509
1481	604116	179	730	885
1482	604356	160	957	801
1483	604535	199	882	787
1484	604794	160	1101	511
1485	604994	239	1176	238
1486	605313	159	776	116
1487	605592	239	438	197
1488	605911	179	923	984
1489	606230	120	1200	1044
1490	606389	239	1105	937
1491	606688	219	966	898
1492	606987	120	971	898
1493	607227	239	785	495
1494	607725	797	729	499
1495	608542	219	733	492
1496	608782	458	744	484
1497	609280	219	592	441
1498	609539	179	368	545
1499	609778	159	980	196
1500	609978	159	1026	123
1501	610257	180	738	903
1502	610536	140	981	1036
1503	610696	140	933	1028
1504	610895	140	1214	680
1505	611074	199	1207	444
1506	611334	120	1191	261
1507	611513	499	535	215
1508	612051	399	883	212
1509	612490	538	454	562
1510	613128	239	819	468
1511	613586	280	774	469
1512	613886	777	779	483
1513	614703	339	642	472
1514	615102	180	545	623
1515	615301	179	488	949
1516	615600	100	675	939
1517	615740	239	1047	892
1518	616059	199	1132	464
1519	616318	160	812	392
1520	616497	399	678	354
1521	617016	319	1189	244
1522	617414	518	1054	922
1523	617973	159	1108	826
1524	618212	359	562	356
1525	618730	279	719	507
1526	619268	498	631	453
1527	619966	758	615	411
1528	620744	199	711	679
1529	621003	100	598	889
1530	621142	199	596	939
1531	621382	499	600	936
1532	622917	618	625	687
1533	623595	518	706	644
1534	624133	100	690	615
1535	624273	279	883	206
1536	624612	180	902	636
1537	624831	239	725	836
1538	625130	199	429	627
1539	625449	139	1168	1012
1540	625708	180	888	960
1541	625947	160	1024	244
1542	626207	259	1174	210
1543	626605	359	825	231
1544	626984	199	760	180
1545	627223	419	955	476
1546	627881	897	802	572
1547	628838	1017	724	557
1548	629935	140	551	960
1549	630094	419	576	885
1550	630612	339	1069	946
1551	631171	459	747	532
1552	631749	279	953	773
1553	632188	399	767	671
1554	632626	399	676	699
1555	633065	279	514	936
1556	633364	120	584	840
1557	633543	179	489	375
1558	633762	140	514	257
1559	633962	259	1075	324
1560	634261	279	1085	773
1561	634600	478	422	746
1562	635098	319	412	898
1563	635457	199	809	567
1564	635856	459	797	537
1565	636414	219	1321	830
1566	636693	140	1077	695
1567	637171	399	866	541
1568	637610	159	736	719
1569	637810	139	987	812
1570	637989	339	1019	692
1571	638667	199	1220	854
1572	638946	299	493	305
1573	639285	259	778	272
1574	639584	160	1180	326
1575	639803	738	468	172
1576	640860	598	894	665
1577	641578	319	1805	989
1578	641996	279	935	645
1579	642316	419	820	562
1580	642774	140	698	790
1581	642993	419	709	894
1582	643691	578	787	621
1583	644289	239	917	583
1584	644588	678	828	607
1585	645286	299	758	653
1586	645625	160	637	931
1587	645924	120	907	432
1588	646123	897	994	329
1589	647240	1535	884	465
1590	648815	319	1005	446
1591	649154	159	995	382
1592	649353	179	995	223
1593	649592	199	633	901
1594	649812	698	578	878
1595	650530	219	580	879
1596	650848	618	789	627
1597	651486	1376	788	655
1598	652922	219	543	926
1599	653201	100	774	551
1600	653321	100	770	549
1601	653480	299	867	390
1602	653839	239	1171	529
1603	654118	159	1057	775
1604	654298	1176	1103	691
