participantNumber, trialNum, TargetPresent, beta, seed, r, phi, respose
0, 1, 1, 1.65, 11, 100, 135, 1
0, 2, 0, 1.6, 49, NaN, NaN, 0
0, 3, 1, 1.7, 21, 350, 135, 1
0, 4, 1, 1.6, 6, 250, 45, 0
0, 5, 1, 1.7, 21, 150, 180, 1
0, 6, 1, 1.6, 7, 50, 0, 0
0, 7, 1, 1.6, 4, 350, 225, 1
0, 8, 1, 1.65, 15, 150, 225, 1
0, 9, 1, 1.65, 15, 300, 225, -1
0, 10, 1, 1.6, 3, 300, 135, 0
0, 11, 1, 1.65, 13, 200, 225, 1
0, 12, 1, 1.6, 8, 400, 315, 0
0, 13, 1, 1.7, 24, 400, 90, 1
0, 14, 1, 1.65, 12, 350, 90, 0
0, 15, 1, 1.6, 5, 300, 0, 1
0, 16, 1, 1.65, 16, 400, 45, 1
0, 17, 1, 1.65, 15, 150, 0, -1
0, 18, 1, 1.6, 8, 250, 90, 0
0, 19, 1, 1.65, 17, 300, 90, 1
0, 20, 0, 1.7, 207, NaN, NaN, 0
0, 21, 0, 1.65, 170, NaN, NaN, 0
0, 22, 0, 1.6, 29, NaN, NaN, 0
0, 23, 1, 1.7, 21, 150, 135, 1
0, 24, 0, 1.65, 155, NaN, NaN, 0
0, 25, 1, 1.6, 1, 150, 315, 1
0, 26, 1, 1.65, 14, 350, 90, 0
0, 27, 1, 1.7, 27, 100, 0, 1
0, 28, 1, 1.7, 22, 200, 0, 1
0, 29, 1, 1.65, 11, 50, 135, 1
0, 30, 1, 1.6, 1, 150, 225, 1
0, 31, 1, 1.6, 7, 350, 225, 0
0, 32, 1, 1.7, 22, 400, 225, 1
0, 33, 1, 1.7, 23, 250, 135, 1
0, 34, 0, 1.6, 64, NaN, NaN, 0
0, 35, 0, 1.65, 158, NaN, NaN, 1
0, 36, 0, 1.7, 229, NaN, NaN, 0
0, 37, 1, 1.65, 11, 100, 90, 1
0, 38, 1, 1.65, 15, 300, 270, 1
0, 39, 1, 1.65, 13, 50, 270, 1
0, 40, 1, 1.65, 17, 150, 270, 1
0, 41, 1, 1.7, 23, 100, 270, 1
0, 42, 1, 1.7, 21, 250, 315, 1
0, 43, 1, 1.7, 26, 150, 90, 1
0, 44, 1, 1.6, 3, 200, 90, 1
0, 45, 1, 1.6, 5, 100, 225, 0
0, 46, 1, 1.7, 22, 300, 315, 1
0, 47, 1, 1.6, 5, 400, 90, 0
0, 48, 1, 1.7, 24, 50, 180, 1
0, 49, 1, 1.6, 1, 300, 0, 0
0, 50, 1, 1.65, 13, 350, 45, 0
0, 51, 1, 1.7, 25, 200, 45, 1
0, 52, 1, 1.6, 7, 200, 315, 0
0, 53, 1, 1.65, 15, 50, 135, 1
0, 54, 1, 1.7, 27, 200, 90, 1
0, 55, 0, 1.7, 278, NaN, NaN, 1
0, 56, 1, 1.7, 26, 400, 0, 0
0, 57, 1, 1.6, 3, 200, 225, 0
0, 58, 1, 1.6, 2, 300, 225, 0
0, 59, 1, 1.7, 21, 50, 315, 1
0, 60, 1, 1.6, 1, 300, 45, 1
0, 61, 1, 1.6, 1, 200, 315, 0
0, 62, 0, 1.65, 144, NaN, NaN, 0
0, 63, 0, 1.6, 44, NaN, NaN, 1
0, 64, 1, 1.7, 27, 400, 90, 1
0, 65, 1, 1.6, 9, 50, 270, 1
0, 66, 1, 1.6, 8, 100, 270, 0
0, 67, 1, 1.65, 16, 50, 315, 1
0, 68, 1, 1.6, 4, 50, 90, 1
0, 69, 1, 1.7, 27, 100, 180, 1
0, 70, 0, 1.7, 275, NaN, NaN, 1
0, 71, 1, 1.65, 14, 100, 225, 1
0, 72, 1, 1.6, 8, 250, 0, 1
0, 73, 1, 1.65, 15, 400, 0, 1
0, 74, 1, 1.7, 19, 250, 180, 1
0, 75, 1, 1.6, 8, 400, 135, 1
0, 76, 0, 1.7, 257, NaN, NaN, 0
0, 77, 0, 1.65, 161, NaN, NaN, 1
0, 78, 1, 1.6, 8, 100, 315, 0
0, 79, 1, 1.65, 18, 150, 225, 1
0, 80, 0, 1.65, 183, NaN, NaN, 1
0, 81, 1, 1.7, 19, 200, 135, 1
0, 82, 1, 1.7, 22, 150, 45, 1
0, 83, 1, 1.7, 19, 250, 270, 1
0, 84, 0, 1.65, 191, NaN, NaN, 0
0, 85, 1, 1.6, 2, 250, 225, 0
0, 86, 1, 1.6, 7, 150, 45, 0
0, 87, 0, 1.7, 242, NaN, NaN, 0
0, 88, 1, 1.6, 2, 200, 315, 1
0, 89, 1, 1.65, 15, 350, 315, 1
0, 90, 1, 1.6, 8, 300, 135, 0
0, 91, 1, 1.7, 22, 150, 180, 1
0, 92, 1, 1.6, 5, 300, 135, 1
0, 93, 1, 1.7, 20, 300, 270, 1
0, 94, 1, 1.6, 3, 300, 270, 1
0, 95, 0, 1.65, 147, NaN, NaN, 0
0, 96, 1, 1.7, 21, 150, 225, 1
0, 97, 1, 1.6, 2, 400, 90, 0
0, 98, 1, 1.65, 10, 250, 315, 1
0, 99, 1, 1.6, 3, 100, 45, 1
0, 100, 1, 1.7, 22, 50, 0, 1
0, 101, 1, 1.6, 3, 350, 315, 1
0, 102, 1, 1.6, 5, 250, 90, 0
0, 103, 1, 1.6, 2, 200, 225, 1
0, 104, 1, 1.7, 25, 100, 225, 1
0, 105, 0, 1.7, 237, NaN, NaN, 0
0, 106, 1, 1.7, 22, 150, 135, 1
0, 107, 0, 1.65, 139, NaN, NaN, 0
0, 108, 1, 1.7, 21, 300, 225, 1
0, 109, 1, 1.6, 2, 250, 270, 0
0, 110, 1, 1.65, 15, 50, 180, 1
0, 111, 1, 1.6, 1, 50, 90, 1
0, 112, 1, 1.65, 10, 100, 225, 1
0, 113, 0, 1.7, 267, NaN, NaN, 0
0, 114, 1, 1.7, 23, 200, 45, 1
0, 115, 1, 1.65, 16, 150, 0, 1
0, 116, 0, 1.65, 124, NaN, NaN, 0
0, 117, 1, 1.7, 25, 250, 135, 1
0, 118, 1, 1.7, 26, 200, 270, 1
0, 119, 1, 1.7, 23, 350, 315, 0
0, 120, 0, 1.6, 80, NaN, NaN, 0
0, 121, 1, 1.6, 2, 150, 90, 0
0, 122, 1, 1.65, 12, 150, 225, 1
0, 123, 0, 1.6, 95, NaN, NaN, 1
0, 124, 1, 1.65, 10, 300, 315, 0
0, 125, 1, 1.7, 24, 200, 180, 1
0, 126, 0, 1.7, 206, NaN, NaN, 0
0, 127, 1, 1.6, 6, 250, 135, 1
0, 128, 1, 1.65, 17, 50, 45, 1
0, 129, 0, 1.6, 110, NaN, NaN, 0
0, 130, 1, 1.65, 15, 200, 90, 0
0, 131, 1, 1.65, 18, 400, 270, 1
0, 132, 1, 1.6, 4, 100, 45, 1
0, 133, 1, 1.7, 22, 50, 45, 1
0, 134, 1, 1.6, 5, 400, 0, 0
0, 135, 1, 1.65, 10, 250, 45, -1
0, 136, 1, 1.6, 2, 50, 45, 1
0, 137, 1, 1.7, 19, 100, 270, 1
0, 138, 1, 1.6, 5, 50, 270, 1
0, 139, 0, 1.7, 231, NaN, NaN, 1
0, 140, 1, 1.65, 17, 50, 225, -1
0, 141, 1, 1.65, 15, 250, 45, 1
0, 142, 1, 1.65, 15, 150, 270, 1
0, 143, 1, 1.7, 26, 250, 90, -1
0, 144, 1, 1.65, 13, 150, 225, 1
0, 145, 1, 1.6, 1, 300, 225, 1
0, 146, 0, 1.7, 235, NaN, NaN, 1
0, 147, 1, 1.65, 10, 50, 270, 1
0, 148, 1, 1.6, 6, 250, 315, 1
0, 149, 1, 1.65, 12, 200, 180, 0
0, 150, 1, 1.7, 20, 350, 225, 1
0, 151, 1, 1.7, 20, 150, 270, 1
0, 152, 1, 1.65, 13, 100, 135, 0
0, 153, 1, 1.6, 8, 250, 225, 1
0, 154, 1, 1.65, 17, 100, 225, 1
0, 155, 1, 1.7, 22, 100, 315, 1
0, 156, 1, 1.7, 27, 150, 135, 1
0, 157, 1, 1.6, 1, 250, 270, 0
0, 158, 1, 1.65, 14, 50, 180, 1
0, 159, 1, 1.65, 18, 150, 270, 0
0, 160, 1, 1.65, 10, 250, 225, 1
0, 161, 1, 1.7, 20, 300, 0, 1
0, 162, 1, 1.7, 24, 300, 90, 1
0, 163, 1, 1.7, 27, 50, 135, 1
0, 164, 1, 1.6, 1, 400, 270, 0
0, 165, 1, 1.6, 3, 200, 270, 1
0, 166, 1, 1.6, 9, 350, 315, 0
0, 167, 1, 1.6, 1, 400, 180, 0
0, 168, 1, 1.6, 9, 350, 90, 1
0, 169, 1, 1.7, 26, 150, 180, 1
0, 170, 1, 1.65, 15, 100, 225, 1
0, 171, 1, 1.6, 6, 100, 270, 1
0, 172, 1, 1.7, 24, 400, 225, 1
0, 173, 1, 1.6, 1, 300, 315, 1
0, 174, 1, 1.7, 27, 150, 90, 1
0, 175, 1, 1.65, 14, 100, 0, 1
0, 176, 0, 1.6, 43, NaN, NaN, 0
0, 177, 1, 1.7, 27, 250, 315, 1
0, 178, 1, 1.6, 8, 150, 135, 0
0, 179, 1, 1.7, 21, 300, 135, 1
0, 180, 1, 1.6, 3, 150, 90, 1
0, 181, 1, 1.6, 5, 200, 90, 1
0, 182, 1, 1.6, 3, 150, 135, 0
0, 183, 1, 1.7, 26, 300, 0, 1
0, 184, 1, 1.6, 7, 200, 90, 1
0, 185, 0, 1.6, 104, NaN, NaN, 0
0, 186, 1, 1.65, 11, 200, 0, 1
0, 187, 1, 1.6, 3, 100, 90, 1
0, 188, 1, 1.7, 24, 200, 270, 1
0, 189, 0, 1.6, 76, NaN, NaN, 0
0, 190, 1, 1.7, 21, 150, 315, 1
0, 191, 1, 1.6, 4, 300, 270, 0
0, 192, 1, 1.65, 17, 350, 225, 1
0, 193, 1, 1.6, 6, 300, 135, 0
0, 194, 0, 1.6, 28, NaN, NaN, 1
0, 195, 1, 1.6, 5, 350, 0, 0
0, 196, 1, 1.65, 17, 250, 90, 1
0, 197, 1, 1.6, 4, 200, 270, 0
0, 198, 1, 1.6, 5, 150, 45, 1
0, 199, 1, 1.7, 20, 300, 135, 1
0, 200, 1, 1.65, 10, 350, 45, 1
0, 201, 1, 1.7, 25, 350, 225, 1
0, 202, 1, 1.7, 21, 200, 225, 1
0, 203, 1, 1.7, 22, 300, 90, 1
0, 204, 1, 1.65, 13, 200, 90, 1
0, 205, 1, 1.6, 9, 100, 90, 1
0, 206, 1, 1.7, 22, 250, 315, 1
0, 207, 1, 1.65, 16, 350, 180, 0
0, 208, 1, 1.65, 15, 350, 180, 1
0, 209, 1, 1.7, 25, 50, 225, 1
0, 210, 1, 1.7, 20, 50, 90, 1
0, 211, 1, 1.6, 6, 150, 315, 0
0, 212, 1, 1.6, 1, 100, 135, 1
0, 213, 1, 1.65, 14, 250, 90, 0
0, 214, 1, 1.65, 16, 150, 180, 1
0, 215, 1, 1.7, 21, 400, 90, 1
0, 216, 1, 1.6, 1, 350, 0, 0
0, 217, 1, 1.65, 11, 50, 45, 1
0, 218, 1, 1.65, 17, 250, 225, 1
0, 219, 1, 1.65, 15, 100, 315, 1
0, 220, 1, 1.7, 19, 300, 270, 0
0, 221, 1, 1.65, 12, 300, 0, 1
0, 222, 1, 1.7, 26, 50, 135, 1
0, 223, 0, 1.7, 238, NaN, NaN, 0
0, 224, 1, 1.7, 24, 350, 135, 1
0, 225, 1, 1.65, 18, 200, 90, 1
0, 226, 1, 1.6, 7, 150, 90, 1
0, 227, 0, 1.65, 116, NaN, NaN, 0
0, 228, 1, 1.7, 26, 350, 225, 1
0, 229, 1, 1.65, 17, 50, 135, 1
0, 230, 1, 1.6, 9, 250, 45, 0
0, 231, 1, 1.7, 23, 350, 90, 1
0, 232, 1, 1.65, 18, 250, 90, 1
0, 233, 1, 1.7, 22, 250, 90, 1
0, 234, 1, 1.7, 22, 400, 135, -1
0, 235, 1, 1.7, 26, 250, 225, -1
0, 236, 1, 1.7, 22, 200, 135, 0
0, 237, 1, 1.6, 2, 150, 45, 1
0, 238, 1, 1.65, 17, 100, 315, 1
0, 239, 1, 1.6, 6, 400, 0, -1
0, 240, 1, 1.6, 5, 150, 270, 1
0, 241, 1, 1.65, 18, 200, 0, 1
0, 242, 1, 1.6, 5, 150, 315, 0
0, 243, 1, 1.7, 20, 250, 90, 1
0, 244, 1, 1.6, 2, 100, 315, 0
0, 245, 1, 1.6, 2, 250, 0, 1
0, 246, 1, 1.6, 7, 50, 90, 1
0, 247, 1, 1.6, 2, 200, 270, 0
0, 248, 1, 1.7, 22, 100, 270, 1
0, 249, 1, 1.6, 7, 200, 135, 0
0, 250, 1, 1.65, 14, 250, 270, 1
0, 251, 1, 1.6, 7, 400, 45, 0
0, 252, 1, 1.7, 21, 300, 0, 1
0, 253, 1, 1.7, 26, 200, 180, 1
0, 254, 1, 1.6, 6, 50, 315, 0
0, 255, 1, 1.6, 5, 50, 225, 1
0, 256, 1, 1.6, 1, 400, 225, 1
0, 257, 1, 1.6, 7, 250, 45, 1
0, 258, 1, 1.65, 18, 250, 225, 1
0, 259, 1, 1.65, 13, 50, 45, 1
0, 260, 1, 1.6, 8, 50, 45, 1
0, 261, 1, 1.6, 1, 50, 225, 0
0, 262, 1, 1.6, 2, 300, 45, 1
0, 263, 0, 1.65, 123, NaN, NaN, 1
0, 264, 1, 1.65, 11, 200, 90, 1
0, 265, 1, 1.65, 17, 350, 0, 1
0, 266, 1, 1.7, 25, 300, 135, 1
0, 267, 1, 1.7, 26, 400, 135, 1
0, 268, 1, 1.7, 21, 350, 315, 1
0, 269, 1, 1.6, 5, 150, 225, 1
0, 270, 1, 1.65, 16, 50, 0, 1
0, 271, 1, 1.6, 1, 250, 180, 1
0, 272, 1, 1.6, 8, 400, 225, -1
0, 273, 1, 1.65, 13, 400, 270, 1
0, 274, 1, 1.65, 10, 100, 0, 1
0, 275, 1, 1.65, 15, 300, 45, 1
0, 276, 0, 1.7, 272, NaN, NaN, 0
0, 277, 0, 1.7, 263, NaN, NaN, 0
0, 278, 1, 1.65, 13, 200, 315, 1
0, 279, 1, 1.7, 26, 250, 315, 1
0, 280, 0, 1.65, 199, NaN, NaN, 1
0, 281, 1, 1.65, 13, 200, 180, 1
0, 282, 1, 1.65, 15, 200, 225, 1
0, 283, 1, 1.65, 16, 400, 270, 1
0, 284, 1, 1.6, 3, 100, 0, 0
0, 285, 0, 1.7, 221, NaN, NaN, 1
0, 286, 0, 1.65, 160, NaN, NaN, 0
0, 287, 1, 1.6, 5, 50, 315, 1
0, 288, 1, 1.7, 20, 400, 180, 1
0, 289, 1, 1.6, 4, 50, 0, 1
0, 290, 1, 1.65, 12, 350, 135, 1
0, 291, 1, 1.7, 23, 300, 225, 1
0, 292, 1, 1.6, 6, 150, 225, 0
0, 293, 1, 1.7, 24, 250, 225, 1
0, 294, 1, 1.7, 27, 400, 45, 1
0, 295, 1, 1.65, 18, 50, 90, 1
0, 296, 1, 1.6, 8, 300, 315, 0
0, 297, 1, 1.7, 19, 250, 45, 1
0, 298, 1, 1.6, 2, 400, 180, 1
0, 299, 1, 1.6, 5, 200, 315, 0
0, 300, 1, 1.6, 5, 100, 315, 0
0, 301, 0, 1.65, 184, NaN, NaN, 1
0, 302, 1, 1.65, 10, 400, 90, 1
0, 303, 1, 1.65, 14, 200, 180, 1
0, 304, 0, 1.7, 248, NaN, NaN, 1
0, 305, 1, 1.65, 11, 200, 45, 1
0, 306, 1, 1.7, 19, 350, 90, 1
0, 307, 1, 1.65, 13, 50, 0, 1
0, 308, 1, 1.7, 24, 250, 180, 1
0, 309, 1, 1.7, 19, 350, 0, 1
0, 310, 1, 1.6, 8, 150, 180, 0
0, 311, 1, 1.6, 6, 350, 315, 1
0, 312, 0, 1.7, 262, NaN, NaN, 1
0, 313, 1, 1.7, 21, 50, 270, 1
0, 314, 1, 1.7, 24, 150, 0, 1
0, 315, 1, 1.6, 4, 50, 315, 1
0, 316, 1, 1.6, 7, 150, 225, 1
0, 317, 1, 1.65, 11, 200, 180, 1
0, 318, 1, 1.65, 16, 150, 270, 1
0, 319, 1, 1.7, 24, 300, 135, 1
0, 320, 1, 1.7, 24, 200, 90, 1
0, 321, 1, 1.7, 20, 200, 180, 1
0, 322, 1, 1.65, 10, 200, 225, 1
0, 323, 0, 1.6, 98, NaN, NaN, 0
0, 324, 1, 1.65, 15, 400, 180, 1
0, 325, 1, 1.6, 9, 200, 45, 1
0, 326, 1, 1.65, 10, 50, 0, 1
0, 327, 1, 1.6, 2, 50, 270, 1
0, 328, 1, 1.65, 18, 350, 315, 0
0, 329, 1, 1.6, 9, 250, 270, 1
0, 330, 1, 1.65, 12, 150, 315, 0
0, 331, 1, 1.6, 2, 250, 90, 1
0, 332, 1, 1.6, 5, 50, 180, 1
0, 333, 1, 1.65, 11, 250, 270, 1
0, 334, 1, 1.6, 5, 300, 90, 1
0, 335, 1, 1.65, 12, 400, 135, 1
0, 336, 1, 1.7, 21, 150, 270, 0
0, 337, 1, 1.6, 6, 50, 180, 1
0, 338, 1, 1.65, 14, 400, 225, 1
0, 339, 1, 1.6, 5, 350, 45, 1
0, 340, 1, 1.6, 2, 150, 0, 1
0, 341, 1, 1.65, 13, 100, 225, 1
0, 342, 1, 1.7, 26, 250, 45, 1
0, 343, 0, 1.65, 169, NaN, NaN, 1
0, 344, 0, 1.6, 107, NaN, NaN, 0
0, 345, 1, 1.65, 13, 150, 180, 1
0, 346, 1, 1.7, 26, 400, 225, 1
0, 347, 1, 1.6, 3, 400, 180, 1
0, 348, 1, 1.6, 1, 250, 135, 1
0, 349, 1, 1.7, 19, 350, 315, 1
0, 350, 1, 1.7, 23, 300, 315, 1
0, 351, 1, 1.65, 12, 300, 90, 1
0, 352, 1, 1.65, 14, 350, 180, 1
0, 353, 1, 1.6, 5, 250, 270, 0
0, 354, 1, 1.65, 13, 350, 180, 1
0, 355, 1, 1.6, 4, 50, 270, 1
0, 356, 1, 1.6, 1, 100, 45, 1
0, 357, 1, 1.7, 26, 150, 315, 1
0, 358, 1, 1.65, 17, 100, 45, 1
0, 359, 1, 1.7, 26, 350, 45, 1
0, 360, 1, 1.6, 5, 100, 270, 1
0, 361, 1, 1.6, 1, 100, 180, 1
0, 362, 1, 1.6, 7, 100, 0, 1
0, 363, 1, 1.7, 27, 250, 270, 1
0, 364, 1, 1.65, 17, 200, 270, 1
0, 365, 1, 1.65, 13, 400, 180, 1
0, 366, 1, 1.6, 2, 250, 180, 1
0, 367, 0, 1.6, 40, NaN, NaN, 1
0, 368, 1, 1.7, 27, 300, 90, 0
0, 369, 1, 1.7, 26, 250, 180, 1
0, 370, 1, 1.7, 22, 250, 270, 1
0, 371, 0, 1.6, 113, NaN, NaN, 1
0, 372, 1, 1.6, 6, 300, 180, 1
0, 373, 1, 1.65, 16, 350, 45, 1
0, 374, 0, 1.65, 142, NaN, NaN, 0
0, 375, 1, 1.6, 8, 350, 90, 1
0, 376, 1, 1.7, 22, 50, 135, 1
0, 377, 1, 1.6, 9, 400, 135, 0
0, 378, 1, 1.7, 20, 200, 0, 1
0, 379, 1, 1.65, 15, 150, 180, 1
0, 380, 1, 1.65, 17, 350, 270, 1
0, 381, 1, 1.7, 23, 100, 0, 1
0, 382, 1, 1.6, 7, 400, 315, 0
0, 383, 1, 1.7, 25, 250, 90, 1
0, 384, 1, 1.6, 9, 200, 90, 1
0, 385, 1, 1.7, 22, 200, 90, 1
0, 386, 1, 1.7, 20, 100, 315, 1
0, 387, 1, 1.7, 22, 400, 180, 1
0, 388, 1, 1.65, 18, 350, 180, 1
0, 389, 1, 1.6, 6, 200, 0, 1
0, 390, 1, 1.6, 3, 250, 45, 0
0, 391, 1, 1.7, 25, 200, 90, 1
0, 392, 1, 1.65, 15, 350, 225, 1
0, 393, 0, 1.7, 222, NaN, NaN, 0
0, 394, 0, 1.7, 225, NaN, NaN, 1
0, 395, 1, 1.6, 1, 50, 180, 1
0, 396, 1, 1.7, 20, 400, 225, 1
0, 397, 1, 1.6, 2, 350, 135, 1
0, 398, 1, 1.6, 6, 300, 0, 0
0, 399, 1, 1.7, 27, 50, 0, 1
0, 400, 1, 1.6, 9, 300, 180, 1
0, 401, 1, 1.6, 3, 50, 225, 1
0, 402, 1, 1.65, 10, 300, 135, 0
0, 403, 0, 1.65, 193, NaN, NaN, 1
0, 404, 1, 1.6, 2, 100, 135, 1
0, 405, 1, 1.7, 24, 50, 270, 1
0, 406, 1, 1.6, 5, 250, 0, 1
0, 407, 1, 1.65, 10, 350, 315, 1
0, 408, 1, 1.65, 13, 100, 0, 1
0, 409, 1, 1.7, 26, 200, 225, 1
0, 410, 1, 1.65, 13, 250, 45, 1
0, 411, 1, 1.65, 10, 100, 315, 1
0, 412, 1, 1.7, 20, 100, 90, 1
0, 413, 1, 1.7, 26, 100, 135, 1
0, 414, 1, 1.7, 26, 50, 270, 1
0, 415, 1, 1.65, 11, 50, 315, 1
0, 416, 0, 1.65, 180, NaN, NaN, 1
0, 417, 1, 1.65, 16, 150, 135, 1
0, 418, 1, 1.7, 24, 400, 315, 1
0, 419, 1, 1.65, 16, 150, 315, 1
0, 420, 1, 1.65, 16, 250, 180, 1
0, 421, 1, 1.7, 23, 400, 270, 1
0, 422, 1, 1.65, 12, 150, 45, 1
0, 423, 1, 1.7, 19, 200, 0, 1
0, 424, 1, 1.6, 9, 300, 135, 1
0, 425, 1, 1.65, 18, 300, 45, 1
0, 426, 1, 1.7, 22, 350, 270, 1
0, 427, 1, 1.6, 8, 350, 270, 1
0, 428, 1, 1.7, 25, 250, 315, 1
0, 429, 1, 1.65, 16, 100, 315, 1
0, 430, 0, 1.65, 148, NaN, NaN, 1
0, 431, 0, 1.7, 266, NaN, NaN, 0
0, 432, 1, 1.6, 4, 400, 270, 0
0, 433, 1, 1.6, 2, 350, 0, 1
0, 434, 1, 1.6, 7, 350, 0, 1
0, 435, 1, 1.65, 14, 250, 135, 1
0, 436, 1, 1.7, 22, 350, 315, 1
0, 437, 0, 1.7, 239, NaN, NaN, 1
0, 438, 1, 1.6, 8, 150, 45, 1
0, 439, 1, 1.65, 15, 100, 180, 1
0, 440, 1, 1.6, 4, 200, 90, 1
0, 441, 1, 1.6, 2, 200, 90, 1
0, 442, 1, 1.7, 20, 200, 135, 1
0, 443, 1, 1.65, 14, 250, 315, 0
0, 444, 1, 1.7, 27, 50, 270, 1
0, 445, 1, 1.6, 3, 50, 180, 1
0, 446, 1, 1.6, 5, 400, 270, 0
0, 447, 1, 1.7, 19, 50, 0, 1
0, 448, 0, 1.6, 105, NaN, NaN, 1
0, 449, 1, 1.7, 24, 50, 0, 1
0, 450, 1, 1.6, 4, 150, 270, 1
0, 451, 1, 1.6, 6, 50, 270, 1
0, 452, 1, 1.6, 8, 300, 45, 0
0, 453, 1, 1.6, 9, 300, 45, 0
0, 454, 1, 1.6, 9, 100, 135, 1
0, 455, 1, 1.65, 16, 400, 0, 1
0, 456, 1, 1.65, 11, 350, 270, 1
0, 457, 1, 1.65, 16, 200, 225, 1
0, 458, 1, 1.65, 10, 150, 0, 0
0, 459, 1, 1.6, 9, 150, 90, 1
0, 460, 1, 1.6, 8, 150, 225, 0
0, 461, 0, 1.6, 87, NaN, NaN, 1
0, 462, 1, 1.6, 2, 300, 315, 0
0, 463, 1, 1.6, 6, 150, 135, 1
0, 464, 1, 1.7, 19, 150, 225, 1
0, 465, 1, 1.7, 27, 400, 270, 1
0, 466, 1, 1.7, 19, 150, 0, 1
0, 467, 1, 1.65, 14, 200, 270, 1
0, 468, 1, 1.7, 19, 50, 135, 1
0, 469, 0, 1.7, 283, NaN, NaN, 1
0, 470, 0, 1.6, 36, NaN, NaN, 0
0, 471, 1, 1.7, 25, 200, 0, 1
0, 472, 1, 1.7, 26, 100, 90, 1
0, 473, 1, 1.7, 27, 100, 135, 1
0, 474, 1, 1.7, 20, 100, 180, 1
0, 475, 1, 1.7, 26, 400, 180, 1
0, 476, 1, 1.6, 4, 100, 270, 1
0, 477, 1, 1.6, 5, 350, 180, 0
0, 478, 1, 1.7, 25, 150, 180, 1
0, 479, 1, 1.6, 3, 400, 270, 1
0, 480, 1, 1.6, 1, 250, 225, 1
0, 481, 1, 1.6, 3, 350, 270, 1
0, 482, 1, 1.65, 16, 250, 315, 1
0, 483, 1, 1.7, 23, 50, 315, 1
0, 484, 1, 1.65, 16, 50, 270, 1
0, 485, 1, 1.65, 12, 400, 90, 0
0, 486, 1, 1.65, 14, 100, 135, 1
0, 487, 1, 1.65, 13, 150, 45, 1
0, 488, 1, 1.6, 9, 100, 180, 1
0, 489, 1, 1.65, 18, 100, 45, 1
0, 490, 1, 1.7, 21, 350, 0, 1
0, 491, 1, 1.65, 12, 200, 225, 1
0, 492, 1, 1.7, 19, 350, 135, 1
0, 493, 0, 1.6, 97, NaN, NaN, 0
0, 494, 1, 1.6, 3, 400, 135, 1
0, 495, 1, 1.6, 6, 150, 90, 1
0, 496, 1, 1.7, 23, 250, 315, 1
0, 497, 1, 1.7, 22, 200, 180, 1
0, 498, 1, 1.6, 4, 350, 135, 1
0, 499, 0, 1.7, 205, NaN, NaN, 0
0, 500, 1, 1.65, 11, 250, 135, 1
0, 501, 1, 1.65, 11, 250, 90, 0
0, 502, 0, 1.7, 251, NaN, NaN, 0
0, 503, 1, 1.6, 3, 150, 0, 1
0, 504, 1, 1.6, 7, 150, 135, 1
0, 505, 1, 1.7, 20, 100, 135, 1
0, 506, 0, 1.6, 53, NaN, NaN, 0
0, 507, 1, 1.7, 27, 250, 0, 1
0, 508, 0, 1.6, 51, NaN, NaN, 1
0, 509, 1, 1.7, 21, 400, 0, 1
0, 510, 1, 1.65, 17, 300, 135, 1
0, 511, 1, 1.6, 3, 50, 315, 1
0, 512, 0, 1.6, 58, NaN, NaN, 0
0, 513, 1, 1.6, 5, 150, 0, 0
0, 514, 1, 1.6, 1, 300, 180, 0
0, 515, 1, 1.65, 12, 250, 45, 0
0, 516, 1, 1.7, 23, 150, 180, 1
0, 517, 1, 1.6, 2, 50, 180, 1
0, 518, 1, 1.6, 5, 250, 45, 1
0, 519, 1, 1.65, 13, 300, 90, 1
0, 520, 1, 1.65, 15, 250, 270, 1
0, 521, 1, 1.6, 8, 100, 180, 1
0, 522, 0, 1.7, 213, NaN, NaN, 0
0, 523, 1, 1.6, 5, 300, 180, 0
0, 524, 1, 1.7, 24, 350, 270, 1
0, 525, 0, 1.7, 281, NaN, NaN, 1
0, 526, 1, 1.7, 26, 300, 180, 1
0, 527, 1, 1.7, 22, 200, 315, 1
0, 528, 1, 1.65, 11, 300, 90, 1
0, 529, 1, 1.7, 27, 350, 315, 1
0, 530, 0, 1.6, 112, NaN, NaN, 1
0, 531, 1, 1.6, 3, 250, 225, 1
0, 532, 1, 1.65, 15, 200, 0, 1
0, 533, 1, 1.6, 5, 300, 45, 0
0, 534, 1, 1.7, 27, 200, 45, 1
0, 535, 1, 1.7, 20, 350, 315, 1
0, 536, 1, 1.7, 25, 250, 0, 1
0, 537, 1, 1.65, 15, 50, 0, 1
0, 538, 0, 1.65, 130, NaN, NaN, 0
0, 539, 0, 1.7, 240, NaN, NaN, 1
0, 540, 1, 1.65, 17, 400, 180, 1
0, 541, 1, 1.6, 9, 300, 90, 1
0, 542, 1, 1.7, 21, 150, 45, 1
0, 543, 1, 1.65, 13, 100, 180, 1
0, 544, 1, 1.7, 25, 150, 135, 1
0, 545, 0, 1.6, 33, NaN, NaN, 1
0, 546, 0, 1.6, 109, NaN, NaN, 1
0, 547, 1, 1.6, 3, 400, 0, 0
0, 548, 1, 1.65, 15, 200, 135, 1
0, 549, 0, 1.6, 62, NaN, NaN, 1
0, 550, 0, 1.65, 156, NaN, NaN, 1
0, 551, 1, 1.7, 27, 300, 270, 1
0, 552, 1, 1.6, 3, 300, 225, 0
0, 553, 1, 1.7, 19, 300, 315, 1
0, 554, 1, 1.65, 18, 300, 225, 1
0, 555, 1, 1.7, 19, 200, 45, 1
0, 556, 1, 1.7, 23, 100, 135, 1
0, 557, 0, 1.6, 67, NaN, NaN, 0
0, 558, 1, 1.65, 15, 50, 45, 1
0, 559, 1, 1.7, 26, 50, 90, 1
0, 560, 0, 1.7, 273, NaN, NaN, 1
0, 561, 1, 1.6, 4, 250, 135, 1
0, 562, 1, 1.65, 11, 300, 180, 1
0, 563, 1, 1.65, 13, 200, 45, 1
0, 564, 1, 1.7, 27, 300, 45, 1
0, 565, 1, 1.65, 18, 100, 180, 1
0, 566, 1, 1.7, 25, 350, 135, 1
0, 567, 1, 1.65, 13, 50, 225, 0
0, 568, 1, 1.7, 21, 250, 135, 1
0, 569, 1, 1.65, 15, 100, 90, 1
0, 570, 1, 1.6, 5, 350, 270, 1
0, 571, 1, 1.7, 24, 200, 0, 1
0, 572, 1, 1.65, 13, 350, 315, 1
0, 573, 1, 1.7, 19, 300, 0, 1
0, 574, 1, 1.65, 18, 250, 0, 1
0, 575, 1, 1.6, 7, 200, 180, 1
0, 576, 0, 1.65, 145, NaN, NaN, 1
0, 577, 1, 1.6, 5, 250, 180, 1
0, 578, 1, 1.65, 15, 100, 270, 1
0, 579, 1, 1.7, 21, 150, 0, 1
0, 580, 1, 1.7, 19, 250, 135, 1
0, 581, 1, 1.6, 3, 200, 315, 1
0, 582, 1, 1.6, 1, 350, 90, 0
0, 583, 1, 1.6, 6, 100, 315, 1
0, 584, 1, 1.65, 16, 300, 0, 1
0, 585, 1, 1.65, 12, 200, 45, 0
0, 586, 1, 1.7, 25, 200, 225, 1
0, 587, 1, 1.7, 27, 200, 0, 1
0, 588, 0, 1.7, 276, NaN, NaN, 0
0, 589, 1, 1.65, 15, 300, 0, 1
0, 590, 1, 1.6, 1, 400, 135, 1
0, 591, 1, 1.7, 19, 100, 180, 1
0, 592, 1, 1.6, 3, 150, 315, 1
0, 593, 1, 1.65, 12, 50, 135, 1
0, 594, 1, 1.6, 7, 150, 0, 1
0, 595, 1, 1.7, 23, 400, 135, 1
0, 596, 1, 1.65, 13, 250, 135, 1
0, 597, 1, 1.7, 26, 50, 315, 1
0, 598, 1, 1.7, 20, 250, 225, 1
0, 599, 1, 1.7, 21, 50, 0, 1
0, 600, 1, 1.7, 21, 250, 0, 1
0, 601, 1, 1.6, 1, 250, 315, 0
0, 602, 1, 1.7, 19, 150, 180, 1
0, 603, 1, 1.7, 23, 50, 0, 1
0, 604, 1, 1.7, 26, 100, 0, 1
0, 605, 1, 1.6, 4, 150, 90, 1
0, 606, 0, 1.65, 128, NaN, NaN, 0
0, 607, 1, 1.7, 27, 200, 270, 1
0, 608, 1, 1.65, 10, 400, 315, 1
0, 609, 1, 1.6, 6, 100, 0, 0
0, 610, 1, 1.7, 19, 250, 90, 1
0, 611, 1, 1.7, 27, 100, 225, 1
0, 612, 1, 1.7, 27, 350, 135, 1
0, 613, 0, 1.7, 271, NaN, NaN, 1
0, 614, 1, 1.7, 22, 300, 180, 1
0, 615, 1, 1.7, 22, 350, 180, 1
0, 616, 1, 1.6, 6, 250, 180, 1
0, 617, 1, 1.65, 12, 50, 180, 1
0, 618, 1, 1.7, 23, 300, 270, 1
0, 619, 0, 1.6, 84, NaN, NaN, 1
0, 620, 1, 1.7, 19, 50, 45, 1
0, 621, 1, 1.65, 16, 200, 180, 1
0, 622, 1, 1.6, 4, 150, 225, 1
0, 623, 1, 1.65, 17, 350, 90, 1
0, 624, 0, 1.65, 115, NaN, NaN, 0
0, 625, 1, 1.6, 1, 400, 315, 1
0, 626, 1, 1.65, 13, 400, 45, 0
0, 627, 0, 1.65, 122, NaN, NaN, 1
0, 628, 1, 1.65, 14, 100, 180, 1
0, 629, 1, 1.65, 13, 100, 45, 1
0, 630, 1, 1.65, 14, 50, 45, 1
0, 631, 1, 1.65, 11, 150, 180, 1
0, 632, 1, 1.7, 25, 300, 45, 1
0, 633, 1, 1.65, 15, 250, 135, 1
0, 634, 0, 1.6, 83, NaN, NaN, 0
0, 635, 1, 1.65, 17, 300, 315, 1
0, 636, 1, 1.6, 4, 250, 270, 1
0, 637, 1, 1.6, 7, 400, 225, 1
0, 638, 0, 1.6, 102, NaN, NaN, 0
0, 639, 1, 1.7, 23, 250, 270, 1
0, 640, 1, 1.7, 25, 400, 45, 1
0, 641, 1, 1.7, 25, 350, 90, 0
0, 642, 0, 1.6, 91, NaN, NaN, 1
0, 643, 1, 1.7, 23, 100, 225, 1
0, 644, 1, 1.65, 11, 100, 45, 1
0, 645, 1, 1.65, 11, 400, 0, 1
0, 646, 1, 1.7, 21, 300, 315, 1
0, 647, 1, 1.6, 7, 50, 45, 1
0, 648, 1, 1.6, 9, 150, 0, 1
0, 649, 1, 1.65, 13, 50, 90, 1
0, 650, 1, 1.65, 18, 300, 180, 1
0, 651, 1, 1.6, 7, 350, 135, 1
0, 652, 0, 1.7, 255, NaN, NaN, 0
0, 653, 0, 1.6, 47, NaN, NaN, 1
0, 654, 1, 1.6, 9, 150, 180, 1
0, 655, 1, 1.65, 15, 50, 315, 1
0, 656, 1, 1.6, 7, 100, 225, 1
0, 657, 1, 1.65, 18, 300, 315, 1
0, 658, 1, 1.65, 15, 350, 45, 1
0, 659, 1, 1.6, 6, 350, 135, 0
0, 660, 1, 1.6, 3, 350, 135, 1
0, 661, 1, 1.7, 24, 400, 135, 1
0, 662, 1, 1.7, 24, 350, 225, 1
0, 663, 0, 1.65, 133, NaN, NaN, 0
0, 664, 1, 1.7, 21, 400, 180, 1
0, 665, 1, 1.65, 16, 300, 225, 1
0, 666, 1, 1.6, 7, 200, 225, 0
0, 667, 1, 1.6, 8, 50, 90, 1
0, 668, 1, 1.65, 11, 350, 90, 0
0, 669, 1, 1.7, 26, 50, 45, 1
0, 670, 1, 1.65, 11, 150, 90, 1
0, 671, 1, 1.65, 10, 300, 180, 1
0, 672, 0, 1.65, 194, NaN, NaN, 0
0, 673, 1, 1.6, 3, 100, 315, 1
0, 674, 1, 1.7, 25, 50, 135, 1
0, 675, 1, 1.65, 18, 150, 0, 1
0, 676, 0, 1.65, 165, NaN, NaN, 0
0, 677, 1, 1.65, 17, 50, 315, 1
0, 678, 0, 1.6, 59, NaN, NaN, 1
0, 679, 1, 1.7, 20, 250, 315, 1
0, 680, 1, 1.7, 24, 300, 315, 1
0, 681, 1, 1.65, 18, 200, 315, 1
0, 682, 1, 1.6, 2, 50, 90, 1
0, 683, 1, 1.65, 13, 250, 225, 0
0, 684, 1, 1.65, 11, 400, 180, 1
0, 685, 0, 1.7, 214, NaN, NaN, 1
0, 686, 1, 1.65, 10, 100, 180, 1
0, 687, 1, 1.7, 23, 100, 90, 1
0, 688, 1, 1.65, 11, 250, 225, 1
0, 689, 1, 1.7, 20, 350, 45, 0
0, 690, 1, 1.6, 2, 350, 315, 1
0, 691, 1, 1.6, 2, 400, 45, 0
0, 692, 1, 1.65, 10, 100, 135, 1
0, 693, 1, 1.65, 14, 50, 225, 1
0, 694, 1, 1.6, 3, 300, 315, 1
0, 695, 1, 1.7, 20, 350, 180, 0
0, 696, 1, 1.6, 8, 150, 270, 0
0, 697, 1, 1.7, 24, 100, 135, 1
0, 698, 1, 1.7, 27, 200, 135, 1
0, 699, 1, 1.7, 23, 200, 315, 1
0, 700, 1, 1.65, 14, 100, 45, 0
0, 701, 1, 1.7, 24, 150, 225, 1
0, 702, 1, 1.7, 27, 350, 270, 1
0, 703, 1, 1.7, 19, 150, 135, 1
0, 704, 1, 1.6, 7, 400, 135, 1
0, 705, 1, 1.7, 24, 350, 180, 1
0, 706, 1, 1.65, 13, 50, 135, 1
0, 707, 1, 1.6, 7, 300, 270, 0
0, 708, 1, 1.7, 27, 300, 0, 1
0, 709, 1, 1.7, 25, 200, 180, 1
0, 710, 1, 1.7, 22, 50, 225, 1
0, 711, 1, 1.7, 20, 50, 0, 1
0, 712, 1, 1.7, 24, 400, 180, 1
0, 713, 1, 1.7, 25, 200, 135, 1
0, 714, 1, 1.7, 21, 200, 45, 1
0, 715, 1, 1.7, 24, 250, 90, 1
0, 716, 0, 1.6, 73, NaN, NaN, 0
0, 717, 0, 1.7, 256, NaN, NaN, 0
0, 718, 1, 1.7, 22, 300, 0, 1
0, 719, 1, 1.65, 14, 400, 45, 1
0, 720, 1, 1.7, 25, 200, 315, 1
0, 721, 1, 1.6, 6, 50, 0, 1
0, 722, 1, 1.7, 27, 100, 270, 1
0, 723, 1, 1.65, 15, 400, 135, 0
0, 724, 0, 1.6, 111, NaN, NaN, 1
0, 725, 1, 1.6, 1, 150, 270, 0
0, 726, 1, 1.7, 26, 200, 135, 1
0, 727, 1, 1.7, 21, 400, 315, 1
0, 728, 1, 1.6, 8, 250, 45, 0
0, 729, 1, 1.7, 22, 150, 90, 1
0, 730, 1, 1.65, 17, 400, 0, 0
0, 731, 1, 1.65, 12, 150, 180, 1
0, 732, 1, 1.65, 17, 350, 135, 1
0, 733, 1, 1.6, 2, 350, 45, 1
0, 734, 1, 1.6, 2, 250, 135, 0
0, 735, 1, 1.65, 10, 300, 45, 1
0, 736, 1, 1.65, 18, 350, 225, 1
0, 737, 1, 1.7, 23, 250, 90, 1
0, 738, 1, 1.65, 11, 150, 270, 1
0, 739, 1, 1.65, 13, 200, 0, 1
0, 740, 1, 1.65, 18, 200, 45, 1
0, 741, 1, 1.65, 12, 50, 225, 1
0, 742, 1, 1.7, 22, 350, 45, 1
0, 743, 0, 1.6, 69, NaN, NaN, 1
0, 744, 1, 1.7, 25, 50, 315, 1
0, 745, 1, 1.6, 8, 400, 270, 0
0, 746, 1, 1.65, 18, 300, 135, 0
0, 747, 1, 1.7, 25, 100, 0, 1
0, 748, 1, 1.6, 8, 300, 180, 1
0, 749, 1, 1.7, 21, 150, 90, 1
0, 750, 0, 1.65, 198, NaN, NaN, 1
0, 751, 1, 1.65, 13, 250, 270, 1
0, 752, 0, 1.6, 56, NaN, NaN, 0
0, 753, 1, 1.65, 12, 400, 270, 1
0, 754, 1, 1.65, 17, 200, 180, 1
0, 755, 1, 1.7, 24, 150, 90, 1
0, 756, 0, 1.65, 189, NaN, NaN, 1
0, 757, 1, 1.7, 23, 150, 135, 0
0, 758, 1, 1.65, 15, 150, 90, 1
0, 759, 1, 1.6, 6, 250, 270, 1
0, 760, 1, 1.7, 25, 350, 315, 1
0, 761, 1, 1.6, 5, 350, 90, 0
0, 762, 1, 1.7, 22, 200, 225, 1
0, 763, 1, 1.6, 4, 50, 45, 1
0, 764, 1, 1.65, 17, 200, 315, 1
0, 765, 1, 1.7, 26, 300, 315, 1
0, 766, 1, 1.6, 9, 50, 135, 1
0, 767, 1, 1.65, 12, 400, 225, 0
0, 768, 0, 1.65, 149, NaN, NaN, 0
0, 769, 1, 1.6, 1, 50, 45, 1
0, 770, 1, 1.7, 26, 350, 270, 1
0, 771, 1, 1.7, 20, 250, 180, 1
0, 772, 1, 1.65, 10, 150, 180, 1
0, 773, 1, 1.6, 9, 100, 0, 1
0, 774, 1, 1.7, 27, 400, 0, 1
0, 775, 1, 1.65, 15, 200, 270, 1
0, 776, 1, 1.65, 16, 200, 270, 1
0, 777, 1, 1.6, 8, 300, 225, 0
0, 778, 1, 1.7, 22, 400, 270, 1
0, 779, 1, 1.65, 12, 250, 180, 1
0, 780, 1, 1.6, 4, 250, 45, 0
0, 781, 1, 1.6, 2, 50, 0, 1
0, 782, 1, 1.65, 13, 300, 225, 1
0, 783, 1, 1.65, 15, 50, 225, 1
0, 784, 1, 1.6, 7, 250, 315, 1
0, 785, 0, 1.65, 119, NaN, NaN, 0
0, 786, 1, 1.7, 24, 250, 135, 1
0, 787, 0, 1.7, 220, NaN, NaN, 0
0, 788, 0, 1.6, 34, NaN, NaN, 1
0, 789, 1, 1.6, 5, 350, 315, 1
0, 790, 1, 1.65, 16, 200, 45, 1
0, 791, 1, 1.6, 6, 50, 225, 1
0, 792, 1, 1.65, 14, 400, 0, 1
0, 793, 1, 1.6, 7, 150, 180, 1
0, 794, 0, 1.65, 163, NaN, NaN, 1
0, 795, 1, 1.6, 9, 350, 45, 0
0, 796, 1, 1.7, 22, 300, 45, 1
0, 797, 1, 1.6, 7, 250, 135, 1
0, 798, 1, 1.7, 27, 150, 45, 1
0, 799, 1, 1.65, 17, 50, 90, 1
0, 800, 1, 1.65, 18, 300, 270, 0
0, 801, 1, 1.65, 10, 350, 135, 1
0, 802, 0, 1.6, 93, NaN, NaN, 0
0, 803, 1, 1.7, 27, 50, 45, 1
0, 804, 1, 1.7, 21, 50, 90, 1
0, 805, 1, 1.65, 10, 150, 270, 1
0, 806, 1, 1.7, 20, 350, 0, 1
0, 807, 0, 1.65, 126, NaN, NaN, 1
0, 808, 1, 1.7, 25, 300, 0, 1
0, 809, 1, 1.7, 19, 50, 90, 1
0, 810, 1, 1.65, 17, 200, 90, 0
0, 811, 0, 1.7, 284, NaN, NaN, 0
0, 812, 1, 1.6, 1, 150, 135, 0
0, 813, 1, 1.6, 9, 200, 315, 1
0, 814, 1, 1.6, 7, 100, 135, 1
0, 815, 1, 1.7, 20, 350, 270, 0
0, 816, 1, 1.6, 8, 200, 315, 0
0, 817, 1, 1.65, 15, 250, 0, 1
0, 818, 1, 1.6, 5, 150, 180, 1
0, 819, 0, 1.7, 245, NaN, NaN, 0
0, 820, 1, 1.7, 24, 400, 270, 1
0, 821, 1, 1.6, 9, 300, 225, 1
0, 822, 1, 1.7, 25, 150, 0, 1
0, 823, 1, 1.65, 11, 50, 0, 1
0, 824, 0, 1.7, 280, NaN, NaN, 0
0, 825, 1, 1.65, 14, 100, 90, 1
0, 826, 1, 1.6, 4, 350, 270, 0
0, 827, 1, 1.65, 16, 350, 0, 1
0, 828, 1, 1.6, 7, 50, 225, 1
0, 829, 0, 1.6, 57, NaN, NaN, 0
0, 830, 1, 1.65, 14, 150, 90, 1
0, 831, 1, 1.65, 14, 50, 315, 1
0, 832, 1, 1.6, 5, 400, 45, 0
0, 833, 1, 1.7, 19, 250, 225, 1
0, 834, 1, 1.6, 6, 400, 315, 0
0, 835, 1, 1.7, 23, 150, 270, 1
0, 836, 1, 1.7, 21, 250, 90, 1
0, 837, 1, 1.7, 25, 100, 45, 1
0, 838, 1, 1.6, 9, 50, 180, 1
0, 839, 1, 1.6, 6, 350, 0, 1
0, 840, 1, 1.7, 22, 200, 270, 1
0, 841, 1, 1.65, 16, 200, 90, 1
0, 842, 1, 1.7, 20, 150, 90, 1
0, 843, 1, 1.65, 12, 100, 0, 1
0, 844, 1, 1.6, 7, 300, 0, 1
0, 845, 0, 1.7, 216, NaN, NaN, 0
0, 846, 1, 1.7, 25, 150, 90, 1
0, 847, 1, 1.6, 9, 50, 0, 1
0, 848, 1, 1.6, 9, 250, 0, 0
0, 849, 1, 1.65, 17, 50, 0, 1
0, 850, 1, 1.65, 11, 100, 180, 1
0, 851, 0, 1.6, 38, NaN, NaN, 0
0, 852, 1, 1.7, 27, 350, 90, 1
0, 853, 1, 1.7, 27, 350, 225, 1
0, 854, 1, 1.6, 6, 100, 135, 0
0, 855, 1, 1.7, 19, 50, 315, 1
0, 856, 1, 1.65, 17, 150, 225, 1
0, 857, 1, 1.65, 17, 300, 270, 1
0, 858, 1, 1.6, 6, 50, 135, 1
0, 859, 1, 1.65, 12, 150, 135, 1
0, 860, 1, 1.6, 3, 350, 45, 0
0, 861, 1, 1.65, 14, 400, 135, 1
0, 862, 1, 1.7, 23, 250, 180, 1
0, 863, 1, 1.7, 21, 100, 135, 1
0, 864, 1, 1.65, 12, 50, 270, 1
0, 865, 1, 1.7, 27, 150, 270, 1
0, 866, 1, 1.6, 3, 50, 135, 1
0, 867, 1, 1.7, 23, 400, 45, 1
0, 868, 1, 1.65, 12, 150, 90, 1
0, 869, 1, 1.7, 20, 300, 45, 1
0, 870, 1, 1.65, 18, 250, 135, 1
0, 871, 0, 1.6, 55, NaN, NaN, 0
0, 872, 1, 1.65, 15, 250, 90, 1
0, 873, 1, 1.65, 18, 50, 45, 1
0, 874, 1, 1.6, 4, 100, 225, 0
0, 875, 1, 1.65, 13, 300, 180, 1
0, 876, 1, 1.65, 18, 150, 135, 1
0, 877, 1, 1.7, 22, 300, 225, 1
0, 878, 1, 1.6, 6, 200, 180, 0
0, 879, 1, 1.7, 25, 300, 90, 1
0, 880, 1, 1.7, 25, 200, 270, 1
0, 881, 1, 1.65, 14, 300, 90, 1
0, 882, 1, 1.65, 12, 350, 315, 1
0, 883, 1, 1.6, 9, 250, 225, 0
0, 884, 1, 1.65, 14, 400, 270, 1
0, 885, 1, 1.6, 9, 250, 90, 1
0, 886, 0, 1.65, 129, NaN, NaN, 1
0, 887, 1, 1.65, 11, 250, 180, 1
0, 888, 1, 1.65, 15, 100, 0, 1
0, 889, 1, 1.65, 14, 150, 45, 0
0, 890, 1, 1.65, 13, 300, 45, 1
0, 891, 1, 1.7, 19, 350, 45, 1
0, 892, 0, 1.6, 45, NaN, NaN, 1
0, 893, 1, 1.7, 19, 200, 90, 1
0, 894, 1, 1.65, 11, 300, 45, 1
0, 895, 1, 1.65, 10, 200, 135, 0
0, 896, 1, 1.7, 21, 300, 270, 1
0, 897, 1, 1.6, 8, 350, 135, 1
0, 898, 1, 1.6, 2, 100, 180, 0
0, 899, 1, 1.65, 16, 400, 180, 1
0, 900, 1, 1.65, 17, 150, 180, 1
0, 901, 0, 1.6, 66, NaN, NaN, 0
0, 902, 1, 1.7, 20, 50, 45, 1
0, 903, 1, 1.6, 3, 50, 45, 1
0, 904, 1, 1.65, 11, 400, 90, 1
0, 905, 1, 1.65, 15, 300, 90, 1
0, 906, 1, 1.65, 15, 200, 180, 1
0, 907, 1, 1.7, 20, 200, 225, 1
0, 908, 1, 1.7, 27, 250, 225, 1
0, 909, 1, 1.7, 25, 150, 315, 1
0, 910, 1, 1.6, 1, 150, 180, 1
0, 911, 1, 1.6, 1, 400, 0, -1
0, 912, 0, 1.65, 146, NaN, NaN, 0
0, 913, 1, 1.6, 8, 50, 315, 1
0, 914, 1, 1.65, 10, 50, 315, 1
0, 915, 1, 1.7, 26, 300, 45, 1
0, 916, 1, 1.7, 26, 100, 45, 1
0, 917, 1, 1.65, 14, 350, 315, 0
0, 918, 1, 1.6, 2, 200, 135, 1
0, 919, 1, 1.65, 16, 300, 270, 1
0, 920, 1, 1.6, 2, 100, 0, 1
0, 921, 1, 1.65, 16, 400, 135, 1
0, 922, 1, 1.7, 25, 100, 90, 1
0, 923, 1, 1.6, 5, 400, 315, 1
0, 924, 1, 1.65, 14, 300, 315, -1
0, 925, 1, 1.65, 12, 100, 270, 1
0, 926, 1, 1.7, 27, 350, 180, 1
0, 927, 1, 1.65, 14, 400, 315, 1
0, 928, 1, 1.65, 11, 150, 315, 1
0, 929, 1, 1.65, 13, 350, 225, 1
0, 930, 1, 1.65, 12, 350, 270, 1
0, 931, 1, 1.7, 20, 400, 90, 1
0, 932, 1, 1.65, 11, 150, 225, 1
0, 933, 1, 1.65, 13, 150, 0, 1
0, 934, 1, 1.7, 24, 100, 45, 1
0, 935, 1, 1.65, 15, 150, 135, 1
0, 936, 0, 1.6, 37, NaN, NaN, 0
0, 937, 1, 1.7, 24, 200, 135, 1
0, 938, 1, 1.7, 23, 150, 90, 1
0, 939, 1, 1.7, 25, 250, 45, 1
0, 940, 1, 1.7, 20, 250, 270, 1
0, 941, 1, 1.6, 4, 100, 90, 1
0, 942, 1, 1.7, 26, 200, 90, 1
0, 943, 1, 1.6, 5, 100, 90, 1
0, 944, 1, 1.6, 2, 400, 225, 0
0, 945, 1, 1.6, 1, 150, 0, 0
0, 946, 1, 1.65, 12, 200, 135, 1
0, 947, 0, 1.6, 103, NaN, NaN, 1
0, 948, 1, 1.7, 23, 400, 225, 1
0, 949, 1, 1.7, 19, 400, 225, 1
0, 950, 1, 1.7, 26, 250, 0, 1
0, 951, 1, 1.7, 20, 300, 315, 1
0, 952, 1, 1.65, 17, 150, 45, 1
0, 953, 1, 1.7, 22, 250, 135, 1
0, 954, 0, 1.7, 223, NaN, NaN, 0
0, 955, 1, 1.7, 23, 50, 135, 1
0, 956, 1, 1.7, 27, 150, 0, 1
0, 957, 1, 1.65, 10, 300, 90, 1
0, 958, 1, 1.6, 3, 400, 315, 0
0, 959, 1, 1.6, 3, 50, 90, 1
0, 960, 1, 1.7, 24, 300, 45, 1
0, 961, 0, 1.6, 48, NaN, NaN, 0
0, 962, 1, 1.7, 22, 100, 0, 1
0, 963, 1, 1.7, 27, 50, 225, 1
0, 964, 1, 1.65, 16, 200, 135, 1
0, 965, 0, 1.7, 249, NaN, NaN, 0
0, 966, 0, 1.6, 99, NaN, NaN, 1
0, 967, 1, 1.7, 21, 50, 135, 1
0, 968, 1, 1.65, 18, 250, 270, 1
0, 969, 0, 1.65, 138, NaN, NaN, 0
0, 970, 1, 1.7, 24, 250, 0, 1
0, 971, 1, 1.6, 4, 250, 180, 1
0, 972, 1, 1.65, 16, 300, 315, 1
0, 973, 1, 1.7, 22, 150, 0, 1
0, 974, 1, 1.7, 21, 200, 0, 1
0, 975, 1, 1.65, 15, 300, 315, 1
0, 976, 1, 1.6, 8, 350, 225, 1
0, 977, 1, 1.7, 20, 300, 225, 1
0, 978, 1, 1.6, 6, 300, 90, 0
0, 979, 1, 1.65, 15, 350, 90, 1
0, 980, 1, 1.6, 8, 50, 270, 1
0, 981, 1, 1.6, 1, 350, 270, 0
0, 982, 1, 1.6, 2, 250, 315, 1
0, 983, 1, 1.65, 11, 350, 315, 1
0, 984, 0, 1.65, 164, NaN, NaN, 0
0, 985, 1, 1.6, 7, 300, 180, 1
0, 986, 1, 1.6, 9, 100, 315, 1
0, 987, 1, 1.6, 6, 200, 315, 1
0, 988, 1, 1.6, 8, 100, 0, 1
0, 989, 1, 1.6, 6, 150, 0, 1
0, 990, 1, 1.7, 26, 150, 0, 1
0, 991, 1, 1.7, 26, 350, 180, 1
0, 992, 1, 1.6, 4, 200, 315, 1
0, 993, 1, 1.65, 12, 100, 45, 1
0, 994, 1, 1.6, 1, 100, 0, 1
0, 995, 1, 1.7, 21, 100, 90, 1
0, 996, 1, 1.65, 10, 350, 270, 0
0, 997, 1, 1.65, 10, 400, 135, 1
0, 998, 1, 1.6, 1, 400, 45, 0
0, 999, 1, 1.65, 15, 50, 90, 1
0, 1000, 1, 1.7, 20, 150, 180, 1
0, 1001, 1, 1.7, 27, 400, 180, 1
0, 1002, 1, 1.7, 20, 200, 315, 1
0, 1003, 1, 1.65, 14, 100, 315, 1
0, 1004, 1, 1.7, 19, 100, 90, 1
0, 1005, 0, 1.65, 152, NaN, NaN, 0
0, 1006, 1, 1.6, 3, 300, 0, 1
0, 1007, 1, 1.7, 21, 300, 45, 1
0, 1008, 1, 1.65, 17, 250, 270, 1
0, 1009, 1, 1.7, 22, 250, 225, 1
0, 1010, 1, 1.7, 23, 400, 180, 1
0, 1011, 1, 1.6, 9, 350, 225, 1
0, 1012, 1, 1.7, 20, 150, 45, 1
0, 1013, 1, 1.65, 16, 350, 90, 0
0, 1014, 1, 1.6, 5, 50, 45, 1
0, 1015, 1, 1.7, 26, 150, 135, 1
0, 1016, 1, 1.6, 4, 200, 0, 0
0, 1017, 1, 1.65, 14, 250, 225, 1
0, 1018, 1, 1.7, 26, 400, 270, 1
0, 1019, 1, 1.7, 26, 350, 135, 1
0, 1020, 1, 1.7, 25, 400, 225, 1
0, 1021, 1, 1.6, 9, 300, 315, 0
0, 1022, 1, 1.6, 8, 250, 135, 0
0, 1023, 1, 1.6, 5, 100, 180, 0
0, 1024, 1, 1.7, 21, 350, 270, 1
0, 1025, 0, 1.65, 151, NaN, NaN, 1
0, 1026, 1, 1.6, 5, 250, 135, 1
0, 1027, 1, 1.6, 9, 50, 45, 1
0, 1028, 0, 1.7, 236, NaN, NaN, 0
0, 1029, 0, 1.65, 182, NaN, NaN, 0
0, 1030, 1, 1.6, 9, 150, 270, 0
0, 1031, 1, 1.7, 25, 250, 180, 1
0, 1032, 1, 1.6, 6, 150, 180, 0
0, 1033, 0, 1.7, 218, NaN, NaN, 1
0, 1034, 1, 1.6, 9, 350, 0, 1
0, 1035, 1, 1.65, 10, 300, 270, 1
0, 1036, 1, 1.65, 11, 300, 135, 1
0, 1037, 1, 1.7, 19, 400, 45, 1
0, 1038, 0, 1.6, 41, NaN, NaN, 0
0, 1039, 1, 1.6, 6, 350, 45, 1
0, 1040, 1, 1.65, 15, 350, 0, 0
0, 1041, 1, 1.6, 6, 400, 90, 1
0, 1042, 1, 1.7, 22, 100, 225, 1
0, 1043, 0, 1.7, 228, NaN, NaN, 0
0, 1044, 1, 1.6, 7, 100, 45, 1
0, 1045, 1, 1.65, 16, 100, 135, 1
0, 1046, 1, 1.6, 8, 400, 180, 1
0, 1047, 1, 1.65, 14, 300, 180, 1
0, 1048, 1, 1.6, 1, 100, 90, 1
0, 1049, 0, 1.65, 195, NaN, NaN, 0
0, 1050, 1, 1.6, 4, 250, 0, 0
0, 1051, 1, 1.6, 4, 400, 225, 1
0, 1052, 1, 1.6, 7, 100, 90, 1
0, 1053, 1, 1.6, 7, 350, 270, 0
0, 1054, 1, 1.7, 21, 250, 270, 1
0, 1055, 1, 1.6, 5, 300, 315, 1
0, 1056, 1, 1.7, 23, 50, 180, 1
0, 1057, 1, 1.65, 18, 50, 315, 1
0, 1058, 1, 1.6, 3, 350, 90, 0
0, 1059, 0, 1.6, 89, NaN, NaN, 1
0, 1060, 1, 1.7, 19, 300, 180, 1
0, 1061, 1, 1.6, 8, 200, 270, 1
0, 1062, 0, 1.7, 260, NaN, NaN, 0
0, 1063, 1, 1.6, 2, 50, 315, 1
0, 1064, 1, 1.65, 16, 100, 225, 1
0, 1065, 1, 1.7, 23, 300, 45, 1
0, 1066, 0, 1.6, 52, NaN, NaN, 0
0, 1067, 1, 1.6, 9, 150, 315, 1
0, 1068, 1, 1.6, 8, 150, 0, 1
0, 1069, 0, 1.65, 150, NaN, NaN, 0
0, 1070, 1, 1.65, 10, 50, 45, 1
0, 1071, 0, 1.6, 65, NaN, NaN, 0
0, 1072, 1, 1.6, 5, 350, 135, 1
0, 1073, 0, 1.65, 131, NaN, NaN, 0
0, 1074, 1, 1.65, 16, 300, 90, 1
0, 1075, 1, 1.65, 18, 400, 135, 1
0, 1076, 0, 1.6, 100, NaN, NaN, 1
0, 1077, 1, 1.7, 19, 100, 0, 1
0, 1078, 1, 1.6, 8, 50, 180, 1
0, 1079, 1, 1.6, 4, 200, 180, 0
0, 1080, 1, 1.7, 23, 100, 315, 1
0, 1081, 1, 1.6, 4, 400, 0, 0
0, 1082, 1, 1.65, 11, 350, 225, 1
0, 1083, 1, 1.7, 19, 100, 135, 1
0, 1084, 1, 1.65, 18, 250, 45, 1
0, 1085, 1, 1.6, 1, 100, 225, 1
0, 1086, 1, 1.6, 2, 150, 270, 0
0, 1087, 1, 1.65, 16, 300, 45, 1
0, 1088, 0, 1.7, 209, NaN, NaN, 0
0, 1089, 1, 1.65, 11, 150, 135, 1
0, 1090, 1, 1.7, 26, 350, 315, 1
0, 1091, 1, 1.6, 8, 250, 315, 1
0, 1092, 1, 1.65, 14, 350, 270, 1
0, 1093, 1, 1.6, 9, 50, 225, 0
0, 1094, 1, 1.65, 15, 350, 270, 1
0, 1095, 1, 1.65, 10, 50, 135, 1
0, 1096, 1, 1.7, 21, 100, 270, 1
0, 1097, 1, 1.6, 4, 350, 0, 1
0, 1098, 1, 1.6, 9, 300, 270, 0
0, 1099, 1, 1.65, 17, 200, 135, 1
0, 1100, 1, 1.6, 3, 100, 225, 0
0, 1101, 1, 1.6, 3, 50, 270, 1
0, 1102, 1, 1.65, 14, 300, 0, 1
0, 1103, 1, 1.6, 1, 350, 135, 0
0, 1104, 1, 1.65, 15, 150, 45, 1
0, 1105, 1, 1.6, 7, 200, 270, 1
0, 1106, 1, 1.7, 23, 150, 315, 1
0, 1107, 1, 1.6, 1, 250, 90, 1
0, 1108, 1, 1.6, 2, 200, 180, 0
0, 1109, 0, 1.6, 72, NaN, NaN, 1
0, 1110, 0, 1.6, 90, NaN, NaN, 0
0, 1111, 1, 1.65, 15, 250, 180, 1
0, 1112, 1, 1.7, 21, 350, 90, 1
0, 1113, 1, 1.6, 2, 150, 225, 1
0, 1114, 1, 1.6, 9, 150, 45, 1
0, 1115, 1, 1.65, 17, 250, 135, 0
0, 1116, 1, 1.6, 6, 400, 135, 0
0, 1117, 0, 1.7, 203, NaN, NaN, 1
0, 1118, 1, 1.65, 18, 50, 0, 1
0, 1119, 1, 1.65, 11, 50, 180, 1
0, 1120, 1, 1.7, 25, 300, 225, 1
0, 1121, 1, 1.7, 22, 100, 90, 1
0, 1122, 0, 1.6, 79, NaN, NaN, 0
0, 1123, 1, 1.7, 20, 100, 45, 1
0, 1124, 1, 1.65, 17, 400, 90, 0
0, 1125, 1, 1.7, 25, 150, 45, 1
0, 1126, 1, 1.7, 23, 200, 270, 1
0, 1127, 1, 1.7, 24, 350, 45, 1
0, 1128, 1, 1.6, 2, 350, 180, 1
0, 1129, 1, 1.65, 11, 150, 45, 1
0, 1130, 1, 1.7, 24, 50, 90, 1
0, 1131, 1, 1.65, 13, 400, 315, 0
0, 1132, 1, 1.6, 6, 100, 45, 1
0, 1133, 1, 1.65, 15, 400, 45, 0
0, 1134, 1, 1.7, 19, 350, 180, 1
0, 1135, 1, 1.65, 12, 350, 45, 1
0, 1136, 1, 1.65, 10, 400, 0, 1
0, 1137, 0, 1.65, 134, NaN, NaN, 1
0, 1138, 1, 1.6, 1, 50, 0, 1
0, 1139, 1, 1.7, 23, 350, 0, 1
0, 1140, 1, 1.6, 8, 400, 0, 0
0, 1141, 1, 1.7, 25, 100, 315, 1
0, 1142, 1, 1.65, 14, 200, 45, 1
0, 1143, 1, 1.6, 8, 350, 315, 0
0, 1144, 1, 1.7, 21, 400, 135, 1
0, 1145, 1, 1.65, 16, 250, 90, 1
0, 1146, 1, 1.6, 2, 400, 0, 0
0, 1147, 1, 1.6, 8, 350, 45, 1
0, 1148, 1, 1.6, 3, 400, 225, 1
0, 1149, 0, 1.65, 174, NaN, NaN, 0
0, 1150, 1, 1.7, 24, 300, 0, 1
0, 1151, 1, 1.65, 16, 100, 270, 1
0, 1152, 1, 1.7, 27, 400, 225, 1
0, 1153, 1, 1.65, 12, 400, 180, 0
0, 1154, 1, 1.65, 18, 50, 225, 1
0, 1155, 1, 1.6, 2, 350, 270, 0
0, 1156, 1, 1.7, 27, 200, 315, 1
0, 1157, 1, 1.7, 24, 250, 270, 1
0, 1158, 1, 1.65, 17, 100, 0, 1
0, 1159, 1, 1.65, 11, 400, 270, 1
0, 1160, 1, 1.65, 13, 350, 135, 1
0, 1161, 1, 1.65, 18, 150, 180, 1
0, 1162, 1, 1.65, 17, 150, 135, 0
0, 1163, 1, 1.65, 17, 50, 270, 1
0, 1164, 0, 1.7, 250, NaN, NaN, 1
0, 1165, 0, 1.65, 192, NaN, NaN, 0
0, 1166, 1, 1.6, 3, 200, 0, 0
0, 1167, 1, 1.6, 4, 150, 180, 1
0, 1168, 0, 1.6, 68, NaN, NaN, 0
0, 1169, 1, 1.65, 13, 150, 90, 1
0, 1170, 1, 1.65, 18, 200, 180, 1
0, 1171, 1, 1.6, 3, 100, 135, 1
0, 1172, 1, 1.65, 16, 250, 45, 0
0, 1173, 1, 1.7, 25, 150, 270, 1
0, 1174, 1, 1.65, 11, 300, 0, 1
0, 1175, 1, 1.7, 19, 200, 315, 1
0, 1176, 1, 1.7, 21, 350, 180, 1
0, 1177, 1, 1.7, 20, 50, 180, 1
0, 1178, 1, 1.6, 8, 350, 0, 0
0, 1179, 1, 1.65, 18, 100, 90, 1
0, 1180, 1, 1.7, 27, 300, 135, 1
0, 1181, 1, 1.65, 14, 100, 270, 1
0, 1182, 1, 1.65, 14, 350, 0, 0
0, 1183, 1, 1.65, 17, 250, 315, 1
0, 1184, 1, 1.65, 15, 200, 45, 1
0, 1185, 1, 1.6, 4, 250, 315, 0
0, 1186, 0, 1.65, 136, NaN, NaN, 1
0, 1187, 1, 1.6, 4, 300, 135, 0
0, 1188, 1, 1.7, 21, 100, 315, 1
0, 1189, 1, 1.65, 11, 300, 315, 0
0, 1190, 1, 1.6, 4, 350, 315, 1
0, 1191, 1, 1.6, 9, 400, 90, 1
0, 1192, 0, 1.6, 54, NaN, NaN, 0
0, 1193, 1, 1.7, 27, 300, 315, 1
0, 1194, 1, 1.6, 3, 300, 90, 1
0, 1195, 1, 1.65, 11, 400, 225, 0
0, 1196, 1, 1.65, 10, 150, 225, 1
0, 1197, 1, 1.7, 23, 350, 225, 1
0, 1198, 1, 1.65, 17, 100, 90, 1
0, 1199, 1, 1.65, 18, 150, 315, 0
0, 1200, 1, 1.6, 7, 50, 315, 1
0, 1201, 1, 1.65, 12, 400, 0, 1
0, 1202, 1, 1.6, 3, 250, 90, 0
0, 1203, 1, 1.6, 2, 200, 0, 0
0, 1204, 1, 1.6, 6, 50, 45, 1
0, 1205, 1, 1.6, 7, 50, 180, 1
0, 1206, 0, 1.65, 135, NaN, NaN, 0
0, 1207, 1, 1.7, 20, 400, 45, 1
0, 1208, 0, 1.6, 63, NaN, NaN, 0
0, 1209, 1, 1.7, 23, 200, 0, 1
0, 1210, 1, 1.65, 12, 50, 315, 1
0, 1211, 1, 1.65, 14, 400, 180, 0
0, 1212, 1, 1.7, 26, 200, 45, 1
0, 1213, 1, 1.65, 17, 150, 90, 1
0, 1214, 1, 1.6, 4, 50, 180, 1
0, 1215, 1, 1.65, 11, 150, 0, 1
0, 1216, 1, 1.65, 14, 350, 225, 0
0, 1217, 1, 1.7, 24, 150, 270, 1
0, 1218, 1, 1.7, 24, 350, 315, 0
0, 1219, 1, 1.65, 16, 400, 225, 0
0, 1220, 1, 1.7, 23, 50, 225, 1
0, 1221, 1, 1.7, 22, 250, 45, 0
0, 1222, 0, 1.65, 171, NaN, NaN, 1
0, 1223, 0, 1.7, 258, NaN, NaN, 1
0, 1224, 1, 1.6, 2, 150, 135, 1
0, 1225, 1, 1.6, 3, 350, 180, 0
0, 1226, 1, 1.7, 20, 150, 225, 1
0, 1227, 1, 1.7, 25, 350, 45, 0
0, 1228, 1, 1.7, 24, 100, 225, 1
0, 1229, 1, 1.65, 18, 200, 270, 1
0, 1230, 1, 1.6, 8, 200, 180, 0
0, 1231, 1, 1.6, 6, 400, 225, 1
0, 1232, 1, 1.6, 8, 400, 45, 0
0, 1233, 1, 1.6, 3, 150, 225, 1
0, 1234, 1, 1.7, 27, 100, 45, 1
0, 1235, 1, 1.65, 14, 300, 135, 1
0, 1236, 1, 1.6, 8, 200, 225, 1
0, 1237, 1, 1.6, 6, 400, 45, 0
0, 1238, 0, 1.7, 224, NaN, NaN, 0
0, 1239, 1, 1.7, 24, 400, 45, 1
0, 1240, 0, 1.6, 85, NaN, NaN, 0
0, 1241, 1, 1.65, 11, 100, 270, 1
0, 1242, 1, 1.7, 24, 300, 270, 1
0, 1243, 1, 1.6, 6, 250, 90, 0
0, 1244, 1, 1.7, 22, 100, 180, 1
0, 1245, 1, 1.6, 1, 250, 0, 0
0, 1246, 1, 1.65, 16, 150, 45, 1
0, 1247, 1, 1.65, 10, 200, 90, 1
0, 1248, 1, 1.65, 18, 400, 315, 1
0, 1249, 0, 1.7, 243, NaN, NaN, 1
0, 1250, 1, 1.7, 21, 100, 0, 1
0, 1251, 1, 1.65, 18, 100, 270, 1
0, 1252, 1, 1.6, 1, 150, 90, 0
0, 1253, 1, 1.65, 16, 300, 135, 1
0, 1254, 1, 1.7, 26, 350, 90, 1
0, 1255, 1, 1.6, 9, 250, 180, 0
0, 1256, 1, 1.65, 12, 150, 0, 1
0, 1257, 0, 1.6, 46, NaN, NaN, 0
0, 1258, 1, 1.6, 6, 100, 90, 1
0, 1259, 1, 1.65, 10, 400, 180, 1
0, 1260, 1, 1.7, 19, 300, 135, 1
0, 1261, 1, 1.6, 1, 200, 225, 1
0, 1262, 1, 1.7, 24, 50, 135, 1
0, 1263, 1, 1.6, 4, 150, 135, 0
0, 1264, 1, 1.6, 5, 400, 180, 1
0, 1265, 1, 1.65, 17, 400, 315, 1
0, 1266, 1, 1.65, 13, 150, 135, 1
0, 1267, 0, 1.65, 168, NaN, NaN, 0
0, 1268, 1, 1.7, 23, 400, 0, 1
0, 1269, 1, 1.7, 23, 100, 45, 1
0, 1270, 1, 1.6, 6, 150, 270, 0
0, 1271, 1, 1.7, 26, 150, 270, 1
0, 1272, 1, 1.7, 21, 400, 45, 1
0, 1273, 1, 1.6, 2, 400, 135, 0
0, 1274, 1, 1.6, 7, 250, 90, 1
0, 1275, 1, 1.6, 5, 200, 180, 1
0, 1276, 1, 1.65, 12, 100, 90, 1
0, 1277, 1, 1.6, 5, 200, 135, 0
0, 1278, 1, 1.7, 22, 150, 225, 1
0, 1279, 1, 1.7, 25, 250, 225, 1
0, 1280, 1, 1.65, 16, 300, 180, 1
0, 1281, 1, 1.65, 15, 400, 225, 1
0, 1282, 1, 1.7, 23, 200, 180, 1
0, 1283, 0, 1.65, 178, NaN, NaN, 1
0, 1284, 1, 1.65, 10, 200, 0, 1
0, 1285, 1, 1.7, 20, 50, 315, 1
0, 1286, 1, 1.7, 20, 150, 315, 1
0, 1287, 0, 1.65, 176, NaN, NaN, 1
0, 1288, 0, 1.7, 246, NaN, NaN, 0
0, 1289, 1, 1.7, 20, 150, 0, 1
0, 1290, 0, 1.65, 120, NaN, NaN, 0
0, 1291, 1, 1.6, 4, 250, 225, 0
0, 1292, 1, 1.7, 26, 250, 135, 1
0, 1293, 1, 1.6, 1, 150, 45, 1
0, 1294, 1, 1.65, 18, 400, 45, 1
0, 1295, 1, 1.65, 17, 400, 225, 1
0, 1296, 1, 1.6, 4, 400, 315, 0
0, 1297, 1, 1.6, 9, 200, 270, 1
0, 1298, 1, 1.65, 18, 100, 225, 1
0, 1299, 0, 1.6, 42, NaN, NaN, 0
0, 1300, 1, 1.65, 17, 300, 225, 1
0, 1301, 1, 1.7, 23, 300, 135, 1
0, 1302, 1, 1.65, 12, 50, 0, 1
0, 1303, 1, 1.6, 4, 300, 225, 0
0, 1304, 1, 1.7, 23, 300, 180, 1
0, 1305, 1, 1.7, 22, 400, 315, 1
0, 1306, 1, 1.65, 17, 200, 225, 1
0, 1307, 1, 1.6, 5, 200, 270, 1
0, 1308, 1, 1.65, 18, 400, 90, 1
0, 1309, 0, 1.65, 188, NaN, NaN, 1
0, 1310, 1, 1.65, 11, 250, 45, 1
0, 1311, 1, 1.7, 25, 400, 135, 0
0, 1312, 1, 1.65, 16, 150, 90, 1
0, 1313, 1, 1.6, 9, 50, 90, 1
0, 1314, 1, 1.7, 24, 400, 0, 1
0, 1315, 1, 1.65, 16, 250, 135, 1
0, 1316, 1, 1.6, 4, 200, 225, 1
0, 1317, 0, 1.65, 121, NaN, NaN, 1
0, 1318, 1, 1.7, 23, 200, 135, 1
0, 1319, 1, 1.7, 19, 400, 135, 0
0, 1320, 1, 1.65, 12, 300, 180, 0
0, 1321, 1, 1.65, 11, 100, 0, 1
0, 1322, 1, 1.65, 14, 350, 135, 1
0, 1323, 1, 1.7, 20, 150, 135, 1
0, 1324, 0, 1.6, 30, NaN, NaN, 1
0, 1325, 1, 1.6, 4, 100, 180, 0
0, 1326, 1, 1.6, 7, 250, 225, 0
0, 1327, 1, 1.7, 19, 350, 270, 1
0, 1328, 1, 1.7, 27, 400, 135, 0
0, 1329, 1, 1.7, 23, 100, 180, 1
0, 1330, 1, 1.65, 12, 300, 315, 1
0, 1331, 1, 1.65, 11, 350, 180, 0
0, 1332, 1, 1.65, 13, 200, 270, 1
0, 1333, 1, 1.7, 26, 250, 270, 1
0, 1334, 1, 1.65, 18, 350, 0, 0
0, 1335, 0, 1.65, 118, NaN, NaN, 0
0, 1336, 1, 1.6, 2, 400, 315, 1
0, 1337, 1, 1.65, 11, 300, 225, 1
0, 1338, 1, 1.6, 2, 50, 225, 1
0, 1339, 1, 1.6, 8, 50, 225, 1
0, 1340, 1, 1.7, 26, 400, 315, 1
0, 1341, 0, 1.7, 277, NaN, NaN, 0
0, 1342, 1, 1.65, 15, 400, 90, 1
0, 1343, 0, 1.65, 143, NaN, NaN, 1
0, 1344, 1, 1.6, 1, 50, 315, 1
0, 1345, 1, 1.7, 23, 150, 225, 1
0, 1346, 1, 1.6, 1, 350, 315, 0
0, 1347, 0, 1.65, 179, NaN, NaN, 1
0, 1348, 1, 1.65, 17, 350, 315, 1
0, 1349, 0, 1.6, 88, NaN, NaN, 0
0, 1350, 1, 1.65, 10, 50, 180, 1
0, 1351, 1, 1.7, 27, 350, 45, 0
0, 1352, 1, 1.65, 12, 100, 225, 1
0, 1353, 1, 1.7, 25, 250, 270, 1
0, 1354, 1, 1.7, 27, 50, 90, 1
0, 1355, 1, 1.6, 7, 300, 90, 0
0, 1356, 1, 1.6, 4, 50, 135, 1
0, 1357, 1, 1.65, 11, 400, 135, 0
0, 1358, 1, 1.7, 25, 50, 270, 1
0, 1359, 1, 1.65, 17, 200, 45, 1
0, 1360, 1, 1.7, 25, 400, 0, 0
0, 1361, 1, 1.6, 1, 200, 135, 0
0, 1362, 1, 1.6, 3, 250, 270, 1
0, 1363, 1, 1.7, 22, 300, 135, 1
0, 1364, 1, 1.6, 6, 200, 270, 1
0, 1365, 1, 1.7, 22, 400, 90, 1
0, 1366, 1, 1.65, 13, 400, 135, 0
0, 1367, 1, 1.6, 4, 400, 45, 1
0, 1368, 1, 1.6, 6, 400, 180, 0
0, 1369, 0, 1.6, 77, NaN, NaN, 1
0, 1370, 1, 1.6, 4, 250, 90, 0
0, 1371, 1, 1.7, 24, 150, 180, 1
0, 1372, 1, 1.65, 17, 100, 135, 1
0, 1373, 1, 1.65, 12, 200, 0, 1
0, 1374, 1, 1.7, 21, 100, 180, 1
0, 1375, 1, 1.6, 4, 300, 45, 0
0, 1376, 1, 1.7, 19, 400, 0, 1
0, 1377, 1, 1.6, 6, 350, 180, 1
0, 1378, 1, 1.7, 19, 200, 225, 1
0, 1379, 1, 1.7, 20, 250, 45, 1
0, 1380, 1, 1.65, 17, 150, 315, 1
0, 1381, 1, 1.6, 5, 200, 0, 0
0, 1382, 1, 1.6, 6, 200, 225, 1
0, 1383, 1, 1.7, 19, 200, 180, 1
0, 1384, 1, 1.7, 19, 150, 270, 1
0, 1385, 1, 1.6, 4, 200, 45, 0
0, 1386, 1, 1.65, 14, 150, 270, 1
0, 1387, 1, 1.65, 17, 400, 135, 0
0, 1388, 1, 1.65, 15, 250, 315, 1
0, 1389, 1, 1.7, 26, 300, 270, 1
0, 1390, 1, 1.65, 11, 50, 90, 1
0, 1391, 0, 1.6, 50, NaN, NaN, 0
0, 1392, 1, 1.7, 19, 300, 225, 1
0, 1393, 0, 1.65, 141, NaN, NaN, 1
0, 1394, 1, 1.65, 14, 50, 90, 1
0, 1395, 0, 1.65, 162, NaN, NaN, 0
0, 1396, 0, 1.7, 268, NaN, NaN, 1
0, 1397, 1, 1.65, 14, 150, 0, 0
0, 1398, 1, 1.65, 10, 350, 90, 1
0, 1399, 1, 1.6, 4, 150, 45, 1
0, 1400, 1, 1.7, 22, 300, 270, 1
0, 1401, 1, 1.6, 6, 250, 0, 0
0, 1402, 1, 1.6, 6, 100, 225, 1
0, 1403, 1, 1.7, 22, 50, 180, 1
0, 1404, 1, 1.7, 23, 50, 45, 1
0, 1405, 1, 1.65, 11, 200, 225, 1
0, 1406, 1, 1.7, 20, 300, 180, 1
0, 1407, 1, 1.6, 8, 300, 270, 0
0, 1408, 1, 1.65, 11, 400, 315, 1
0, 1409, 1, 1.7, 22, 400, 45, 1
0, 1410, 1, 1.7, 23, 300, 0, 1
0, 1411, 1, 1.65, 10, 50, 225, 1
0, 1412, 1, 1.7, 25, 400, 270, 1
0, 1413, 0, 1.7, 204, NaN, NaN, 0
0, 1414, 1, 1.65, 11, 300, 270, 1
0, 1415, 1, 1.6, 9, 400, 45, 1
0, 1416, 1, 1.65, 15, 250, 225, 1
0, 1417, 1, 1.65, 14, 250, 0, 0
0, 1418, 1, 1.65, 14, 200, 135, 0
0, 1419, 1, 1.65, 13, 250, 90, 0
0, 1420, 1, 1.6, 7, 300, 135, 1
0, 1421, 1, 1.6, 9, 350, 135, 1
0, 1422, 1, 1.7, 26, 100, 270, 1
0, 1423, 1, 1.6, 2, 100, 90, 1
0, 1424, 1, 1.7, 25, 50, 90, 1
0, 1425, 1, 1.7, 22, 350, 90, 0
0, 1426, 1, 1.6, 6, 300, 315, 1
0, 1427, 1, 1.7, 25, 400, 180, 0
0, 1428, 1, 1.6, 5, 400, 225, 1
0, 1429, 0, 1.6, 61, NaN, NaN, 1
0, 1430, 0, 1.7, 201, NaN, NaN, 1
0, 1431, 1, 1.65, 10, 100, 45, 1
0, 1432, 1, 1.6, 7, 300, 315, 0
0, 1433, 1, 1.7, 21, 350, 45, 1
0, 1434, 0, 1.7, 247, NaN, NaN, 1
0, 1435, 1, 1.65, 10, 250, 90, 1
0, 1436, 1, 1.7, 26, 50, 225, 1
0, 1437, 0, 1.65, 175, NaN, NaN, 0
0, 1438, 1, 1.7, 22, 250, 180, 1
0, 1439, 1, 1.65, 16, 250, 0, 1
0, 1440, 1, 1.6, 7, 350, 180, 0
0, 1441, 1, 1.6, 8, 250, 270, 1
0, 1442, 1, 1.7, 22, 350, 225, 1
0, 1443, 1, 1.65, 10, 150, 135, 1
0, 1444, 1, 1.6, 3, 350, 225, 0
0, 1445, 0, 1.7, 265, NaN, NaN, 1
0, 1446, 1, 1.65, 10, 150, 45, 1
0, 1447, 1, 1.6, 2, 250, 45, 0
0, 1448, 1, 1.6, 9, 50, 315, 1
0, 1449, 1, 1.65, 18, 350, 90, 1
0, 1450, 0, 1.7, 261, NaN, NaN, 1
0, 1451, 1, 1.6, 7, 50, 135, 1
0, 1452, 1, 1.65, 12, 100, 180, 1
0, 1453, 1, 1.65, 17, 150, 0, 1
0, 1454, 1, 1.7, 20, 200, 270, 1
0, 1455, 1, 1.6, 5, 200, 225, 1
0, 1456, 1, 1.6, 6, 350, 90, 0
0, 1457, 1, 1.7, 19, 300, 45, 1
0, 1458, 0, 1.7, 211, NaN, NaN, 1
0, 1459, 1, 1.65, 10, 200, 180, 1
0, 1460, 1, 1.65, 13, 100, 270, 1
0, 1461, 1, 1.6, 9, 350, 270, 1
0, 1462, 1, 1.6, 8, 100, 90, 1
0, 1463, 0, 1.65, 159, NaN, NaN, 1
0, 1464, 1, 1.65, 12, 100, 135, 1
0, 1465, 1, 1.7, 25, 350, 270, 1
0, 1466, 0, 1.65, 137, NaN, NaN, 0
0, 1467, 1, 1.7, 26, 300, 135, 0
0, 1468, 1, 1.6, 7, 400, 0, 1
0, 1469, 1, 1.7, 24, 50, 45, 1
0, 1470, 1, 1.6, 4, 400, 180, 0
0, 1471, 1, 1.65, 12, 300, 270, 1
0, 1472, 1, 1.65, 14, 250, 45, 1
0, 1473, 1, 1.65, 15, 300, 180, 1
0, 1474, 1, 1.7, 20, 350, 135, 0
0, 1475, 1, 1.65, 10, 200, 315, 1
0, 1476, 1, 1.65, 16, 200, 315, 1
0, 1477, 1, 1.6, 9, 150, 135, 0
0, 1478, 1, 1.7, 19, 150, 45, 1
0, 1479, 1, 1.7, 22, 100, 45, 1
0, 1480, 0, 1.6, 96, NaN, NaN, 1
0, 1481, 1, 1.65, 12, 350, 225, 0
0, 1482, 1, 1.6, 8, 250, 180, 0
0, 1483, 1, 1.65, 13, 400, 90, 1
0, 1484, 1, 1.7, 26, 200, 0, 1
0, 1485, 1, 1.65, 12, 200, 270, 1
0, 1486, 1, 1.7, 27, 150, 225, 1
0, 1487, 1, 1.65, 18, 350, 135, 1
0, 1488, 1, 1.6, 3, 400, 45, 1
0, 1489, 1, 1.7, 20, 400, 315, 1
0, 1490, 0, 1.7, 241, NaN, NaN, 0
0, 1491, 1, 1.65, 12, 250, 0, 1
0, 1492, 1, 1.7, 20, 250, 0, 1
0, 1493, 1, 1.7, 23, 300, 90, 1
0, 1494, 1, 1.7, 23, 350, 180, 1
0, 1495, 0, 1.65, 157, NaN, NaN, 1
0, 1496, 1, 1.7, 21, 100, 225, 1
0, 1497, 1, 1.6, 7, 300, 225, 1
0, 1498, 1, 1.7, 20, 400, 270, 1
0, 1499, 1, 1.7, 24, 100, 180, 1
0, 1500, 1, 1.65, 13, 350, 90, 0
0, 1501, 1, 1.65, 13, 150, 315, 1
0, 1502, 1, 1.6, 1, 100, 270, 1
0, 1503, 1, 1.6, 4, 300, 90, 0
0, 1504, 1, 1.65, 18, 100, 135, 1
0, 1505, 1, 1.6, 6, 300, 225, 1
0, 1506, 0, 1.7, 285, NaN, NaN, 1
0, 1507, 1, 1.7, 19, 400, 90, 1
0, 1508, 1, 1.6, 4, 150, 0, 1
0, 1509, 1, 1.65, 13, 250, 180, 0
0, 1510, 1, 1.65, 10, 150, 315, 1
0, 1511, 1, 1.7, 19, 250, 0, 1
0, 1512, 1, 1.6, 3, 250, 135, 0
0, 1513, 1, 1.65, 10, 350, 0, 1
0, 1514, 1, 1.65, 12, 50, 90, 1
0, 1515, 1, 1.7, 21, 200, 315, 1
0, 1516, 1, 1.65, 15, 400, 270, 0
0, 1517, 1, 1.7, 23, 250, 225, 1
0, 1518, 1, 1.6, 8, 200, 90, 1
0, 1519, 1, 1.7, 21, 200, 180, 1
0, 1520, 1, 1.6, 2, 100, 225, 1
0, 1521, 1, 1.65, 12, 400, 45, 0
0, 1522, 1, 1.6, 1, 300, 90, 1
0, 1523, 0, 1.6, 31, NaN, NaN, 0
0, 1524, 1, 1.65, 13, 300, 0, 1
0, 1525, 1, 1.6, 7, 100, 315, 0
0, 1526, 1, 1.6, 1, 300, 135, 1
0, 1527, 0, 1.7, 219, NaN, NaN, 0
0, 1528, 0, 1.65, 114, NaN, NaN, 1
0, 1529, 1, 1.65, 10, 400, 225, 1
0, 1530, 1, 1.7, 25, 300, 180, 0
0, 1531, 1, 1.65, 13, 200, 135, 0
0, 1532, 0, 1.7, 217, NaN, NaN, 1
0, 1533, 0, 1.6, 106, NaN, NaN, 0
0, 1534, 1, 1.7, 26, 350, 0, 1
0, 1535, 1, 1.6, 2, 100, 270, 1
0, 1536, 1, 1.65, 18, 50, 180, 1
0, 1537, 1, 1.65, 12, 300, 135, 1
0, 1538, 0, 1.7, 210, NaN, NaN, 1
0, 1539, 1, 1.65, 13, 100, 315, 1
0, 1540, 1, 1.7, 25, 50, 0, 1
0, 1541, 1, 1.6, 7, 200, 45, 0
0, 1542, 1, 1.6, 5, 50, 90, 1
0, 1543, 1, 1.6, 3, 350, 0, 0
0, 1544, 1, 1.6, 6, 200, 135, 0
0, 1545, 1, 1.7, 20, 200, 45, 1
0, 1546, 1, 1.65, 18, 250, 315, 0
0, 1547, 1, 1.7, 26, 300, 90, 1
0, 1548, 1, 1.65, 11, 350, 0, 1
0, 1549, 1, 1.65, 16, 250, 270, 0
0, 1550, 1, 1.65, 10, 400, 270, 1
0, 1551, 1, 1.65, 10, 350, 180, 0
0, 1552, 0, 1.65, 117, NaN, NaN, 0
0, 1553, 1, 1.65, 13, 250, 0, 1
0, 1554, 1, 1.6, 9, 400, 225, 1
0, 1555, 1, 1.65, 14, 300, 45, 0
0, 1556, 1, 1.65, 14, 150, 315, 1
0, 1557, 1, 1.7, 27, 200, 180, 1
0, 1558, 1, 1.6, 6, 350, 225, 1
0, 1559, 1, 1.6, 4, 100, 0, 0
0, 1560, 1, 1.7, 22, 50, 315, 1
0, 1561, 1, 1.6, 7, 100, 270, 1
0, 1562, 1, 1.65, 12, 400, 315, 1
0, 1563, 0, 1.7, 279, NaN, NaN, 0
0, 1564, 1, 1.65, 10, 100, 270, 1
0, 1565, 1, 1.65, 17, 300, 180, 0
0, 1566, 1, 1.7, 24, 200, 225, 1
0, 1567, 1, 1.7, 23, 150, 45, 1
0, 1568, 0, 1.6, 86, NaN, NaN, 1
0, 1569, 1, 1.7, 21, 200, 135, 1
0, 1570, 1, 1.6, 4, 400, 90, 1
0, 1571, 1, 1.65, 11, 250, 0, 1
0, 1572, 1, 1.6, 6, 50, 90, 1
0, 1573, 1, 1.7, 22, 100, 135, 1
0, 1574, 1, 1.65, 16, 50, 180, 1
0, 1575, 1, 1.6, 3, 200, 45, 0
0, 1576, 1, 1.65, 14, 50, 0, 1
0, 1577, 1, 1.65, 12, 200, 315, 1
0, 1578, 1, 1.65, 17, 400, 270, 1
0, 1579, 1, 1.65, 16, 50, 45, 1
0, 1580, 1, 1.7, 27, 350, 0, 1
0, 1581, 1, 1.7, 23, 250, 45, 1
0, 1582, 1, 1.7, 27, 150, 180, 1
0, 1583, 1, 1.7, 20, 100, 225, 1
0, 1584, 1, 1.7, 21, 50, 225, 1
0, 1585, 0, 1.7, 270, NaN, NaN, 0
0, 1586, 1, 1.6, 3, 250, 180, 1
0, 1587, 1, 1.65, 18, 400, 180, 1
0, 1588, 0, 1.7, 227, NaN, NaN, 0
0, 1589, 1, 1.65, 18, 400, 0, 1
0, 1590, 0, 1.7, 215, NaN, NaN, 1
0, 1591, 0, 1.7, 244, NaN, NaN, 1
0, 1592, 1, 1.7, 19, 100, 45, 1
0, 1593, 1, 1.6, 8, 150, 90, 0
0, 1594, 1, 1.65, 10, 300, 0, 1
0, 1595, 1, 1.65, 15, 300, 135, 1
0, 1596, 1, 1.6, 9, 200, 0, 0
0, 1597, 1, 1.7, 20, 400, 135, 1
0, 1598, 1, 1.65, 16, 100, 90, 1
0, 1599, 1, 1.65, 17, 250, 180, 1
0, 1600, 0, 1.65, 173, NaN, NaN, 0
0, 1601, 1, 1.7, 23, 50, 270, 1
0, 1602, 1, 1.65, 14, 200, 225, 0
0, 1603, 1, 1.65, 11, 100, 315, 1
0, 1604, 1, 1.65, 14, 50, 135, 1
0, 1605, 1, 1.65, 17, 250, 45, 1
0, 1606, 1, 1.7, 21, 300, 180, 1
0, 1607, 1, 1.6, 9, 100, 270, 0
0, 1608, 0, 1.7, 269, NaN, NaN, 1
0, 1609, 1, 1.7, 25, 100, 180, 1
0, 1610, 1, 1.7, 19, 50, 270, 1
0, 1611, 1, 1.6, 5, 300, 225, 0
0, 1612, 1, 1.65, 13, 400, 0, 0
0, 1613, 1, 1.7, 20, 100, 0, 1
0, 1614, 1, 1.65, 13, 300, 315, 1
0, 1615, 1, 1.6, 3, 150, 45, 0
0, 1616, 1, 1.6, 2, 350, 90, 0
0, 1617, 1, 1.65, 13, 50, 315, 1
0, 1618, 0, 1.65, 197, NaN, NaN, 0
0, 1619, 1, 1.7, 24, 300, 225, 1
0, 1620, 0, 1.65, 153, NaN, NaN, 1
0, 1621, 1, 1.65, 12, 350, 180, 1
0, 1622, 0, 1.7, 212, NaN, NaN, 0
0, 1623, 1, 1.65, 11, 250, 315, 1
0, 1624, 1, 1.65, 17, 300, 45, 1
0, 1625, 1, 1.7, 23, 350, 135, 1
0, 1626, 1, 1.65, 10, 50, 90, 1
0, 1627, 0, 1.7, 202, NaN, NaN, 0
0, 1628, 1, 1.7, 19, 100, 225, 1
0, 1629, 1, 1.65, 17, 50, 180, 1
0, 1630, 1, 1.7, 21, 250, 45, 1
0, 1631, 0, 1.6, 39, NaN, NaN, 0
0, 1632, 1, 1.6, 7, 250, 0, 1
0, 1633, 1, 1.7, 23, 200, 90, 1
0, 1634, 1, 1.7, 27, 250, 45, 1
0, 1635, 1, 1.7, 23, 350, 270, 1
0, 1636, 0, 1.7, 233, NaN, NaN, 1
0, 1637, 1, 1.7, 26, 150, 45, 1
0, 1638, 1, 1.6, 7, 400, 90, 1
0, 1639, 1, 1.7, 22, 200, 45, 1
0, 1640, 1, 1.65, 17, 250, 0, 1
0, 1641, 1, 1.65, 15, 150, 315, 1
0, 1642, 1, 1.7, 24, 350, 90, 0
0, 1643, 1, 1.6, 5, 150, 90, 1
0, 1644, 1, 1.65, 18, 200, 225, 1
0, 1645, 1, 1.65, 12, 200, 90, 1
0, 1646, 1, 1.6, 2, 150, 180, 0
0, 1647, 0, 1.65, 154, NaN, NaN, 0
0, 1648, 1, 1.7, 22, 50, 90, 1
0, 1649, 1, 1.65, 18, 350, 45, 0
0, 1650, 1, 1.6, 6, 100, 180, 1
0, 1651, 1, 1.65, 10, 250, 135, 1
0, 1652, 1, 1.7, 20, 200, 90, 1
0, 1653, 1, 1.6, 3, 250, 315, 0
0, 1654, 1, 1.65, 14, 200, 0, 1
0, 1655, 1, 1.7, 25, 100, 135, 1
0, 1656, 1, 1.65, 13, 50, 180, 1
0, 1657, 1, 1.7, 19, 350, 225, 0
0, 1658, 1, 1.65, 14, 150, 180, 1
0, 1659, 1, 1.65, 11, 200, 270, 1
0, 1660, 1, 1.6, 3, 100, 270, 0
0, 1661, 1, 1.6, 9, 250, 135, 1
0, 1662, 1, 1.65, 10, 250, 0, 1
0, 1663, 1, 1.7, 27, 400, 315, 1
0, 1664, 0, 1.7, 252, NaN, NaN, 1
0, 1665, 1, 1.65, 12, 100, 315, 1
0, 1666, 0, 1.65, 186, NaN, NaN, 1
0, 1667, 1, 1.6, 7, 200, 0, 0
0, 1668, 1, 1.6, 4, 300, 180, 0
0, 1669, 1, 1.6, 9, 300, 0, 1
0, 1670, 1, 1.65, 15, 400, 315, 1
0, 1671, 1, 1.7, 21, 250, 180, 1
0, 1672, 1, 1.6, 6, 300, 45, 0
0, 1673, 1, 1.6, 3, 150, 270, 1
0, 1674, 0, 1.65, 127, NaN, NaN, 0
0, 1675, 1, 1.6, 6, 250, 225, 1
0, 1676, 1, 1.65, 12, 250, 135, 1
0, 1677, 1, 1.65, 13, 250, 315, 0
0, 1678, 1, 1.65, 17, 350, 180, 1
0, 1679, 1, 1.7, 25, 50, 180, 1
0, 1680, 1, 1.6, 3, 200, 180, 0
0, 1681, 0, 1.7, 253, NaN, NaN, 0
0, 1682, 1, 1.6, 9, 400, 270, 1
0, 1683, 1, 1.65, 16, 350, 315, 1
0, 1684, 1, 1.7, 20, 100, 270, 1
0, 1685, 1, 1.6, 9, 400, 315, 1
0, 1686, 1, 1.6, 3, 200, 135, 0
0, 1687, 1, 1.6, 7, 400, 270, 0
0, 1688, 0, 1.7, 234, NaN, NaN, 0
0, 1689, 1, 1.65, 11, 350, 135, 1
0, 1690, 1, 1.7, 27, 250, 135, 1
0, 1691, 1, 1.7, 24, 300, 180, 1
0, 1692, 1, 1.6, 6, 200, 90, 0
0, 1693, 1, 1.6, 9, 250, 315, 1
0, 1694, 1, 1.6, 9, 400, 180, 1
0, 1695, 1, 1.65, 13, 400, 225, 0
0, 1696, 0, 1.7, 226, NaN, NaN, 0
0, 1697, 1, 1.7, 20, 50, 270, 1
0, 1698, 1, 1.65, 16, 200, 0, 1
0, 1699, 1, 1.6, 3, 300, 180, 1
0, 1700, 1, 1.7, 27, 50, 315, 1
0, 1701, 1, 1.6, 4, 50, 225, 1
0, 1702, 1, 1.7, 19, 250, 315, 1
0, 1703, 1, 1.65, 18, 350, 270, 1
0, 1704, 1, 1.65, 16, 250, 225, 0
0, 1705, 1, 1.65, 10, 250, 270, 1
0, 1706, 1, 1.65, 16, 150, 225, 1
0, 1707, 1, 1.6, 6, 200, 45, 0
0, 1708, 1, 1.7, 19, 400, 180, 1
0, 1709, 1, 1.6, 8, 100, 45, 0
0, 1710, 1, 1.65, 14, 300, 270, 1
0, 1711, 1, 1.7, 19, 400, 315, 1
0, 1712, 1, 1.65, 18, 50, 270, 1
0, 1713, 1, 1.7, 22, 350, 0, 1
0, 1714, 1, 1.7, 21, 100, 45, 1
0, 1715, 1, 1.7, 24, 150, 45, 1
0, 1716, 0, 1.6, 70, NaN, NaN, 0
0, 1717, 1, 1.7, 21, 250, 225, 1
0, 1718, 1, 1.7, 21, 350, 225, 1
0, 1719, 1, 1.7, 26, 100, 315, 1
0, 1720, 1, 1.6, 3, 250, 0, 1
0, 1721, 0, 1.7, 264, NaN, NaN, 0
0, 1722, 1, 1.65, 11, 200, 315, 0
0, 1723, 1, 1.65, 15, 100, 135, 1
0, 1724, 0, 1.6, 78, NaN, NaN, 1
0, 1725, 0, 1.6, 81, NaN, NaN, 0
0, 1726, 0, 1.65, 185, NaN, NaN, 1
0, 1727, 0, 1.6, 101, NaN, NaN, 1
0, 1728, 1, 1.6, 1, 350, 225, 0
0, 1729, 1, 1.65, 17, 200, 0, 1
0, 1730, 1, 1.6, 2, 300, 90, 1
0, 1731, 1, 1.6, 5, 350, 225, 0
0, 1732, 1, 1.65, 14, 300, 225, 0
0, 1733, 0, 1.7, 254, NaN, NaN, 1
0, 1734, 1, 1.65, 13, 350, 0, 1
0, 1735, 1, 1.7, 20, 250, 135, 0
0, 1736, 1, 1.65, 18, 50, 135, 1
0, 1737, 1, 1.6, 8, 100, 225, 1
0, 1738, 1, 1.65, 13, 150, 270, 1
0, 1739, 1, 1.6, 6, 150, 45, 0
0, 1740, 1, 1.65, 15, 350, 135, 0
0, 1741, 1, 1.65, 16, 50, 90, 1
0, 1742, 1, 1.7, 23, 50, 90, 1
0, 1743, 1, 1.7, 24, 100, 90, 1
0, 1744, 1, 1.7, 26, 100, 180, 1
0, 1745, 1, 1.6, 1, 200, 270, 0
0, 1746, 1, 1.65, 17, 350, 45, 1
0, 1747, 1, 1.65, 15, 50, 270, 1
0, 1748, 1, 1.6, 3, 400, 90, 0
0, 1749, 1, 1.7, 23, 400, 315, 1
0, 1750, 1, 1.7, 24, 150, 315, 1
0, 1751, 1, 1.7, 27, 250, 180, 1
0, 1752, 1, 1.65, 12, 300, 225, 0
0, 1753, 1, 1.65, 11, 100, 225, 1
0, 1754, 1, 1.6, 5, 200, 45, 0
0, 1755, 1, 1.65, 16, 100, 45, 1
0, 1756, 1, 1.6, 4, 350, 45, 1
0, 1757, 1, 1.6, 8, 50, 0, 1
0, 1758, 0, 1.6, 60, NaN, NaN, 0
0, 1759, 1, 1.6, 1, 250, 45, 0
0, 1760, 1, 1.65, 10, 150, 90, 1
0, 1761, 1, 1.6, 6, 350, 270, 0
0, 1762, 1, 1.7, 24, 200, 45, 1
0, 1763, 1, 1.65, 10, 200, 270, 1
0, 1764, 1, 1.7, 19, 200, 270, 1
0, 1765, 1, 1.6, 6, 300, 270, 1
0, 1766, 1, 1.65, 14, 150, 225, 1
0, 1767, 0, 1.6, 92, NaN, NaN, 0
0, 1768, 0, 1.65, 125, NaN, NaN, 0
0, 1769, 1, 1.6, 3, 300, 45, 1
0, 1770, 1, 1.7, 20, 350, 90, 1
0, 1771, 1, 1.65, 10, 350, 225, 1
0, 1772, 1, 1.7, 19, 300, 90, 1
0, 1773, 1, 1.6, 3, 50, 0, 1
0, 1774, 1, 1.65, 16, 350, 225, 0
0, 1775, 1, 1.6, 1, 50, 135, 1
0, 1776, 1, 1.6, 8, 400, 90, 0
0, 1777, 0, 1.65, 140, NaN, NaN, 1
0, 1778, 1, 1.6, 1, 200, 90, 0
0, 1779, 1, 1.7, 19, 50, 180, 1
0, 1780, 0, 1.7, 230, NaN, NaN, 0
0, 1781, 1, 1.6, 8, 200, 45, 1
0, 1782, 1, 1.65, 12, 250, 270, 0
0, 1783, 1, 1.7, 19, 150, 315, 1
0, 1784, 1, 1.7, 25, 350, 0, 0
0, 1785, 1, 1.6, 5, 150, 135, 1
0, 1786, 1, 1.7, 23, 200, 225, 1
0, 1787, 1, 1.7, 24, 250, 315, 1
0, 1788, 1, 1.7, 27, 100, 90, 1
0, 1789, 1, 1.65, 10, 200, 45, 0
0, 1790, 1, 1.7, 25, 300, 315, 1
0, 1791, 1, 1.7, 24, 50, 315, 1
0, 1792, 1, 1.6, 8, 200, 0, 1
0, 1793, 1, 1.6, 7, 250, 180, 0
0, 1794, 0, 1.65, 181, NaN, NaN, 0
0, 1795, 1, 1.6, 9, 100, 225, 1
0, 1796, 1, 1.7, 24, 150, 135, 1
0, 1797, 1, 1.7, 25, 100, 270, 1
0, 1798, 1, 1.6, 9, 200, 180, 1
0, 1799, 1, 1.7, 26, 400, 90, 1
0, 1800, 1, 1.7, 20, 50, 135, 1
0, 1801, 1, 1.7, 24, 250, 45, 1
0, 1802, 1, 1.7, 22, 350, 135, 1
0, 1803, 1, 1.6, 8, 350, 180, 0
0, 1804, 0, 1.65, 172, NaN, NaN, 0
0, 1805, 1, 1.65, 12, 250, 225, 1
0, 1806, 1, 1.7, 24, 100, 315, 1
0, 1807, 1, 1.6, 4, 350, 180, 0
0, 1808, 1, 1.65, 14, 200, 315, 1
0, 1809, 1, 1.6, 4, 100, 135, 0
0, 1810, 0, 1.6, 94, NaN, NaN, 0
0, 1811, 1, 1.6, 8, 300, 0, 1
0, 1812, 0, 1.7, 282, NaN, NaN, 0
0, 1813, 1, 1.6, 5, 50, 0, 1
0, 1814, 1, 1.65, 18, 100, 0, 1
0, 1815, 1, 1.7, 26, 50, 0, 1
0, 1816, 0, 1.65, 187, NaN, NaN, 1
0, 1817, 1, 1.65, 13, 300, 270, 0
0, 1818, 1, 1.7, 19, 400, 270, 1
0, 1819, 1, 1.7, 26, 50, 180, 1
0, 1820, 1, 1.65, 17, 100, 180, 1
0, 1821, 0, 1.7, 274, NaN, NaN, 0
0, 1822, 1, 1.65, 16, 350, 270, 1
0, 1823, 1, 1.7, 27, 100, 315, 1
0, 1824, 1, 1.6, 7, 300, 45, 0
0, 1825, 1, 1.6, 8, 200, 135, 0
0, 1826, 0, 1.65, 190, NaN, NaN, 1
0, 1827, 1, 1.6, 1, 350, 180, 1
0, 1828, 1, 1.7, 25, 350, 180, 1
0, 1829, 1, 1.65, 15, 200, 315, 0
0, 1830, 1, 1.7, 23, 400, 90, 1
0, 1831, 0, 1.65, 177, NaN, NaN, 1
0, 1832, 1, 1.6, 7, 350, 45, 0
0, 1833, 0, 1.7, 232, NaN, NaN, 0
0, 1834, 1, 1.65, 14, 250, 180, 1
0, 1835, 1, 1.65, 12, 300, 45, 0
0, 1836, 1, 1.65, 11, 50, 270, 1
0, 1837, 0, 1.65, 196, NaN, NaN, 0
0, 1838, 1, 1.6, 1, 200, 45, 1
0, 1839, 1, 1.65, 17, 100, 270, 1
0, 1840, 0, 1.6, 75, NaN, NaN, 0
0, 1841, 1, 1.7, 20, 400, 0, 0
0, 1842, 1, 1.6, 4, 150, 315, 0
0, 1843, 1, 1.65, 18, 100, 315, 1
0, 1844, 1, 1.6, 3, 150, 180, 1
0, 1845, 0, 1.6, 71, NaN, NaN, 0
0, 1846, 1, 1.6, 9, 150, 225, 0
0, 1847, 1, 1.7, 22, 150, 315, 1
0, 1848, 1, 1.65, 16, 50, 135, 1
0, 1849, 1, 1.6, 7, 350, 90, 0
0, 1850, 1, 1.65, 10, 250, 180, 1
0, 1851, 1, 1.6, 5, 400, 135, 0
0, 1852, 1, 1.7, 22, 400, 0, 1
0, 1853, 0, 1.65, 132, NaN, NaN, 0
0, 1854, 0, 1.6, 108, NaN, NaN, 0
0, 1855, 1, 1.6, 9, 400, 0, 1
0, 1856, 1, 1.6, 5, 100, 45, 1
0, 1857, 1, 1.6, 1, 100, 315, 1
0, 1858, 1, 1.65, 16, 100, 180, 1
0, 1859, 1, 1.65, 11, 400, 45, 0
0, 1860, 1, 1.7, 26, 200, 315, 1
0, 1861, 1, 1.65, 16, 400, 315, 1
0, 1862, 1, 1.65, 11, 200, 135, 1
0, 1863, 1, 1.6, 5, 250, 315, 0
0, 1864, 1, 1.7, 26, 400, 45, 1
0, 1865, 1, 1.6, 8, 100, 135, 1
0, 1866, 1, 1.6, 5, 300, 270, 0
0, 1867, 1, 1.7, 22, 50, 270, 1
0, 1868, 0, 1.65, 167, NaN, NaN, 0
0, 1869, 1, 1.7, 20, 300, 90, 1
0, 1870, 1, 1.65, 12, 150, 270, 1
0, 1871, 0, 1.7, 200, NaN, NaN, 0
0, 1872, 1, 1.6, 2, 300, 0, 0
0, 1873, 1, 1.7, 27, 250, 90, 1
0, 1874, 1, 1.7, 27, 200, 225, 1
0, 1875, 1, 1.65, 18, 400, 225, 1
0, 1876, 1, 1.7, 19, 50, 225, 1
0, 1877, 1, 1.6, 2, 400, 270, 0
0, 1878, 1, 1.7, 27, 300, 180, 1
0, 1879, 1, 1.65, 16, 400, 90, 1
0, 1880, 1, 1.65, 16, 50, 225, 1
0, 1881, 0, 1.7, 208, NaN, NaN, 0
0, 1882, 1, 1.65, 16, 100, 0, 0
0, 1883, 1, 1.65, 16, 350, 135, 1
0, 1884, 1, 1.65, 14, 400, 90, 1
0, 1885, 1, 1.65, 18, 200, 135, 0
0, 1886, 1, 1.6, 2, 350, 225, 0
0, 1887, 1, 1.7, 24, 350, 0, 1
0, 1888, 1, 1.65, 18, 300, 90, 1
0, 1889, 1, 1.6, 5, 100, 0, 0
0, 1890, 1, 1.65, 10, 300, 225, 1
0, 1891, 1, 1.7, 25, 300, 270, 0
0, 1892, 1, 1.65, 14, 50, 270, 1
0, 1893, 0, 1.6, 32, NaN, NaN, 1
0, 1894, 1, 1.65, 18, 300, 0, 1
0, 1895, 1, 1.65, 11, 50, 225, 1
0, 1896, 1, 1.6, 2, 100, 45, 1
0, 1897, 1, 1.6, 1, 400, 90, 0
0, 1898, 1, 1.7, 24, 100, 270, 1
0, 1899, 1, 1.6, 2, 300, 270, 1
0, 1900, 1, 1.6, 5, 50, 135, 1
0, 1901, 1, 1.65, 12, 250, 90, 1
0, 1902, 1, 1.7, 26, 300, 225, 0
0, 1903, 1, 1.7, 21, 200, 90, 1
0, 1904, 1, 1.7, 24, 100, 0, 1
0, 1905, 1, 1.7, 23, 250, 0, 1
0, 1906, 1, 1.7, 25, 50, 45, 1
0, 1907, 1, 1.6, 1, 350, 45, 0
0, 1908, 1, 1.7, 26, 150, 225, 1
0, 1909, 1, 1.6, 4, 200, 135, 0
0, 1910, 1, 1.6, 2, 150, 315, 1
0, 1911, 1, 1.65, 17, 400, 45, 0
0, 1912, 1, 1.65, 14, 200, 90, 1
0, 1913, 1, 1.6, 9, 200, 135, 1
0, 1914, 1, 1.6, 5, 250, 225, 0
0, 1915, 0, 1.6, 82, NaN, NaN, 0
0, 1916, 1, 1.7, 21, 300, 90, 1
0, 1917, 0, 1.6, 35, NaN, NaN, 0
0, 1918, 1, 1.6, 1, 200, 180, 1
0, 1919, 1, 1.6, 7, 50, 270, 1
0, 1920, 1, 1.65, 11, 350, 45, 0
0, 1921, 1, 1.7, 25, 400, 90, 1
0, 1922, 1, 1.6, 1, 200, 0, 0
0, 1923, 1, 1.7, 25, 400, 315, 1
0, 1924, 1, 1.6, 7, 250, 270, 1
0, 1925, 1, 1.65, 13, 300, 135, 1
0, 1926, 1, 1.6, 4, 300, 315, 0
0, 1927, 1, 1.6, 7, 100, 180, 1
0, 1928, 1, 1.6, 2, 300, 135, 0
0, 1929, 1, 1.6, 9, 100, 45, 1
0, 1930, 1, 1.7, 22, 250, 0, 0
0, 1931, 1, 1.65, 18, 150, 45, 0
0, 1932, 1, 1.7, 27, 300, 225, 1
0, 1933, 1, 1.7, 21, 50, 180, 1
0, 1934, 1, 1.65, 18, 250, 180, 1
0, 1935, 1, 1.65, 12, 350, 0, 1
0, 1936, 1, 1.6, 3, 100, 180, 1
0, 1937, 1, 1.6, 4, 300, 0, 0
0, 1938, 1, 1.65, 13, 350, 270, 1
0, 1939, 1, 1.6, 2, 50, 135, 1
0, 1940, 0, 1.65, 166, NaN, NaN, 0
0, 1941, 1, 1.7, 20, 50, 225, 1
0, 1942, 1, 1.7, 21, 50, 45, 1
0, 1943, 1, 1.7, 21, 200, 270, 1
0, 1944, 1, 1.7, 21, 400, 225, 0
0, 1945, 1, 1.6, 4, 350, 90, 0
0, 1946, 1, 1.65, 14, 150, 135, 1
0, 1947, 1, 1.7, 19, 100, 315, 1
0, 1948, 1, 1.7, 21, 400, 270, 1
0, 1949, 1, 1.6, 4, 400, 135, 0
0, 1950, 1, 1.7, 22, 150, 270, 1
0, 1951, 1, 1.6, 7, 350, 315, 1
0, 1952, 1, 1.7, 25, 150, 225, 1
0, 1953, 1, 1.6, 5, 100, 135, 0
0, 1954, 1, 1.6, 8, 300, 90, 0
0, 1955, 1, 1.7, 27, 50, 180, 1
0, 1956, 1, 1.7, 19, 150, 90, 1
0, 1957, 0, 1.7, 259, NaN, NaN, 1
0, 1958, 1, 1.6, 4, 100, 315, 1
0, 1959, 1, 1.6, 2, 300, 180, 0
0, 1960, 1, 1.6, 7, 400, 180, 0
0, 1961, 1, 1.65, 10, 400, 45, 1
0, 1962, 1, 1.65, 15, 100, 45, 1
0, 1963, 1, 1.6, 2, 200, 45, 1
0, 1964, 1, 1.65, 10, 100, 90, 1
0, 1965, 1, 1.6, 9, 350, 180, 0
0, 1966, 1, 1.6, 9, 200, 225, 0
0, 1967, 1, 1.65, 12, 50, 45, 1
0, 1968, 1, 1.6, 1, 300, 270, 0
0, 1969, 1, 1.6, 8, 150, 315, 1
0, 1970, 1, 1.65, 14, 350, 45, 1
0, 1971, 1, 1.6, 1, 50, 270, 1
0, 1972, 0, 1.6, 74, NaN, NaN, 0
0, 1973, 1, 1.6, 7, 150, 315, 1
0, 1974, 1, 1.6, 8, 50, 135, 1
0, 1975, 1, 1.7, 23, 350, 45, 0
0, 1976, 1, 1.7, 27, 150, 315, 1
0, 1977, 1, 1.6, 6, 400, 270, 0
0, 1978, 1, 1.7, 24, 200, 315, 1
0, 1979, 1, 1.65, 17, 300, 0, 1
0, 1980, 1, 1.7, 23, 150, 0, 1
0, 1981, 1, 1.6, 7, 150, 270, 0
0, 1982, 1, 1.7, 26, 100, 225, 1
0, 1983, 1, 1.65, 13, 100, 90, 1
0, 1984, 1, 1.65, 18, 150, 90, 1
0, 1985, 1, 1.65, 12, 250, 315, 1
0, 1986, 1, 1.7, 24, 50, 225, 1
