participantNumber, trialNum, TargetPresent, beta, seed, r, phi, respose
1, 1, 1, 1.6, 2, 150, 180, 0
1, 2, 1, 1.65, 12, 250, 135, 0
1, 3, 1, 1.65, 20, 150, 90, 0
1, 4, 1, 1.7, 26, 400, 270, 0
1, 5, 1, 1.7, 24, 300, 0, 1
1, 6, 0, 1.7, 270, NaN, NaN, 0
1, 7, 1, 1.65, 12, 300, 180, 0
1, 8, 1, 1.6, 6, 400, 45, 0
1, 9, 1, 1.7, 24, 250, 45, 0
1, 10, 1, 1.65, 12, 100, 0, 0
1, 11, 1, 1.7, 21, 50, 90, 1
1, 12, 1, 1.65, 15, 200, 180, 0
1, 13, 0, 1.65, 147, NaN, NaN, 0
1, 14, 1, 1.7, 30, 300, 270, 1
1, 15, 1, 1.6, 2, 100, 135, 0
1, 16, 1, 1.6, 2, 200, 0, 0
1, 17, 1, 1.65, 14, 200, 90, 0
1, 18, 1, 1.7, 23, 50, 225, 1
1, 19, 1, 1.7, 28, 300, 180, 1
1, 20, 0, 1.65, 174, NaN, NaN, 0
1, 21, 1, 1.65, 15, 350, 0, 0
1, 22, 1, 1.7, 21, 150, 90, 0
1, 23, 1, 1.6, 2, 400, 270, 0
1, 24, 1, 1.7, 28, 150, 90, 1
1, 25, 1, 1.7, 22, 200, 315, 1
1, 26, 0, 1.7, 272, NaN, NaN, 0
1, 27, 1, 1.7, 23, 100, 45, 1
1, 28, 1, 1.6, 2, 400, 135, 0
1, 29, 1, 1.7, 25, 400, 135, 1
1, 30, 1, 1.7, 25, 150, 180, 1
1, 31, 1, 1.7, 27, 300, 225, 0
1, 32, 1, 1.7, 26, 200, 135, 1
1, 33, 1, 1.65, 19, 350, 315, 0
1, 34, 1, 1.6, 6, 300, 180, 0
1, 35, 0, 1.6, 55, NaN, NaN, 0
1, 36, 1, 1.6, 1, 350, 225, 0
1, 37, 1, 1.6, 8, 250, 135, 0
1, 38, 1, 1.65, 13, 350, 270, 0
1, 39, 0, 1.65, 143, NaN, NaN, 0
1, 40, 1, 1.65, 17, 350, 270, 1
1, 41, 1, 1.6, 7, 150, 180, 0
1, 42, 1, 1.65, 16, 100, 135, 1
1, 43, 1, 1.6, 4, 150, 225, 0
1, 44, 1, 1.65, 12, 200, 90, 1
1, 45, 1, 1.65, 13, 100, 135, 0
1, 46, 1, 1.7, 24, 50, 45, 1
1, 47, 1, 1.7, 29, 100, 270, 1
1, 48, 1, 1.7, 24, 350, 180, 0
1, 49, 0, 1.7, 246, NaN, NaN, 0
1, 50, 1, 1.6, 9, 50, 90, 1
1, 51, 1, 1.65, 14, 100, 45, 0
1, 52, 1, 1.6, 7, 250, 45, 0
1, 53, 1, 1.7, 22, 150, 315, 1
1, 54, 1, 1.65, 12, 400, 90, 0
1, 55, 1, 1.6, 4, 350, 225, 0
1, 56, 1, 1.7, 28, 100, 0, 1
1, 57, 1, 1.65, 13, 200, 45, 0
1, 58, 1, 1.6, 1, 100, 315, 0
1, 59, 1, 1.7, 24, 250, 90, 1
1, 60, 1, 1.7, 29, 350, 270, 0
1, 61, 1, 1.7, 26, 150, 270, 1
1, 62, 0, 1.65, 161, NaN, NaN, 0
1, 63, 1, 1.7, 27, 100, 180, 1
1, 64, 0, 1.6, 50, NaN, NaN, 0
1, 65, 1, 1.7, 21, 200, 0, 1
1, 66, 1, 1.6, 5, 250, 180, 0
1, 67, 1, 1.65, 14, 50, 180, 0
1, 68, 1, 1.65, 16, 300, 180, 1
1, 69, 1, 1.6, 9, 150, 270, 0
1, 70, 1, 1.6, 1, 300, 135, 0
1, 71, 1, 1.65, 14, 250, 315, 1
1, 72, 1, 1.65, 17, 50, 90, 1
1, 73, 1, 1.65, 16, 250, 135, 0
1, 74, 1, 1.7, 26, 350, 180, 1
1, 75, 1, 1.65, 15, 200, 135, 0
1, 76, 0, 1.7, 237, NaN, NaN, 0
1, 77, 1, 1.6, 7, 100, 0, 0
1, 78, 1, 1.6, 2, 300, 270, 0
1, 79, 1, 1.7, 29, 50, 45, 1
1, 80, 1, 1.65, 18, 300, 225, 0
1, 81, 1, 1.6, 10, 250, 180, 1
1, 82, 0, 1.7, 232, NaN, NaN, 0
1, 83, 1, 1.6, 6, 250, 270, 0
1, 84, 1, 1.6, 2, 400, 225, 0
1, 85, 1, 1.65, 20, 50, 0, 1
1, 86, 1, 1.65, 18, 150, 315, 0
1, 87, 1, 1.65, 19, 100, 45, 1
1, 88, 1, 1.65, 14, 50, 90, 1
1, 89, 1, 1.6, 4, 100, 0, 0
1, 90, 1, 1.65, 16, 150, 135, 1
1, 91, 0, 1.65, 133, NaN, NaN, 0
1, 92, 0, 1.65, 215, NaN, NaN, 0
1, 93, 1, 1.65, 13, 400, 90, 0
1, 94, 1, 1.6, 4, 150, 315, 0
1, 95, 0, 1.6, 92, NaN, NaN, 0
1, 96, 1, 1.6, 3, 50, 225, 0
1, 97, 0, 1.65, 214, NaN, NaN, 0
1, 98, 1, 1.65, 12, 50, 180, 1
1, 99, 1, 1.65, 13, 400, 315, 1
1, 100, 1, 1.65, 19, 100, 225, 1
1, 101, 1, 1.65, 13, 300, 315, 1
1, 102, 1, 1.65, 16, 300, 135, 0
1, 103, 1, 1.7, 26, 50, 90, 1
1, 104, 1, 1.7, 23, 250, 225, 1
1, 105, 1, 1.7, 23, 200, 90, 1
1, 106, 1, 1.65, 15, 300, 0, 0
1, 107, 0, 1.65, 177, NaN, NaN, 0
1, 108, 0, 1.7, 298, NaN, NaN, 0
1, 109, 1, 1.6, 2, 250, 45, 0
1, 110, 1, 1.7, 24, 250, 180, 1
1, 111, 1, 1.6, 7, 400, 180, 0
1, 112, 1, 1.6, 4, 50, 0, 0
1, 113, 1, 1.65, 17, 100, 45, 1
1, 114, 1, 1.7, 29, 350, 180, 1
1, 115, 1, 1.6, 9, 100, 45, 1
1, 116, 1, 1.65, 12, 200, 270, 1
1, 117, 0, 1.7, 264, NaN, NaN, 0
1, 118, 1, 1.7, 21, 200, 90, 1
1, 119, 0, 1.7, 273, NaN, NaN, 0
1, 120, 1, 1.65, 20, 350, 270, 0
1, 121, 1, 1.7, 26, 300, 180, 1
1, 122, 1, 1.6, 5, 350, 135, 0
1, 123, 1, 1.65, 20, 100, 225, 1
1, 124, 1, 1.6, 2, 200, 270, 1
1, 125, 1, 1.7, 26, 400, 0, 0
1, 126, 1, 1.7, 21, 50, 315, 1
1, 127, 1, 1.6, 7, 350, 180, 0
1, 128, 1, 1.6, 6, 350, 270, 0
1, 129, 1, 1.6, 2, 300, 45, 0
1, 130, 1, 1.65, 11, 350, 45, 0
1, 131, 1, 1.65, 14, 100, 315, 1
1, 132, 1, 1.7, 22, 200, 0, 0
1, 133, 1, 1.65, 13, 300, 90, 0
1, 134, 1, 1.7, 30, 400, 0, 1
1, 135, 1, 1.6, 6, 250, 225, 0
1, 136, 1, 1.6, 5, 200, 225, 0
1, 137, 1, 1.65, 18, 300, 45, 1
1, 138, 1, 1.7, 25, 400, 270, 0
1, 139, 1, 1.6, 3, 350, 0, 0
1, 140, 0, 1.7, 244, NaN, NaN, 0
1, 141, 1, 1.65, 15, 200, 270, 1
1, 142, 1, 1.65, 17, 200, 90, 0
1, 143, 1, 1.65, 16, 200, 45, 0
1, 144, 0, 1.7, 241, NaN, NaN, 0
1, 145, 1, 1.65, 12, 100, 90, 1
1, 146, 1, 1.65, 19, 200, 180, 0
1, 147, 1, 1.6, 7, 350, 90, 0
1, 148, 1, 1.6, 10, 150, 135, 0
1, 149, 1, 1.6, 3, 300, 270, 0
1, 150, 0, 1.7, 235, NaN, NaN, 0
1, 151, 1, 1.65, 13, 350, 0, 1
1, 152, 1, 1.65, 20, 400, 45, 0
1, 153, 1, 1.6, 1, 300, 180, 0
1, 154, 1, 1.6, 10, 150, 225, 0
1, 155, 0, 1.6, 64, NaN, NaN, 0
1, 156, 1, 1.6, 5, 250, 225, 0
1, 157, 0, 1.65, 165, NaN, NaN, 0
1, 158, 1, 1.7, 29, 350, 0, 1
1, 159, 0, 1.65, 142, NaN, NaN, 0
1, 160, 1, 1.6, 6, 350, 225, 0
1, 161, 1, 1.6, 10, 50, 45, 1
1, 162, 1, 1.65, 11, 350, 270, 1
1, 163, 1, 1.6, 5, 200, 45, 0
1, 164, 1, 1.6, 8, 350, 180, 0
1, 165, 1, 1.7, 22, 350, 0, 1
1, 166, 1, 1.65, 19, 50, 225, 1
1, 167, 1, 1.65, 20, 50, 270, 1
1, 168, 1, 1.7, 27, 400, 315, 1
1, 169, 1, 1.6, 7, 350, 0, 0
1, 170, 1, 1.65, 19, 100, 315, 1
1, 171, 1, 1.6, 9, 100, 180, 1
1, 172, 1, 1.7, 29, 200, 315, 0
1, 173, 0, 1.6, 46, NaN, NaN, 0
1, 174, 1, 1.7, 24, 150, 225, 1
1, 175, 1, 1.65, 16, 200, 315, 1
1, 176, 1, 1.7, 30, 100, 270, 1
1, 177, 0, 1.7, 258, NaN, NaN, 0
1, 178, 1, 1.7, 25, 250, 90, 1
1, 179, 0, 1.6, 44, NaN, NaN, 0
1, 180, 1, 1.6, 2, 150, 225, 0
1, 181, 1, 1.6, 4, 50, 180, 0
1, 182, 1, 1.65, 18, 50, 270, 1
1, 183, 1, 1.6, 9, 200, 270, 0
1, 184, 1, 1.65, 11, 50, 0, 1
1, 185, 1, 1.6, 10, 150, 315, 1
1, 186, 1, 1.7, 29, 250, 90, 1
1, 187, 1, 1.7, 22, 200, 180, 1
1, 188, 1, 1.65, 18, 50, 180, 1
1, 189, 1, 1.65, 17, 350, 135, 1
1, 190, 1, 1.7, 24, 100, 225, 1
1, 191, 1, 1.7, 21, 350, 90, 1
1, 192, 1, 1.65, 17, 300, 90, 0
1, 193, 1, 1.7, 28, 300, 90, 1
1, 194, 1, 1.65, 13, 400, 45, 0
1, 195, 0, 1.6, 76, NaN, NaN, 0
1, 196, 1, 1.7, 24, 100, 135, 1
1, 197, 1, 1.65, 13, 350, 180, 0
1, 198, 1, 1.7, 29, 100, 225, 1
1, 199, 1, 1.6, 8, 250, 270, 0
1, 200, 1, 1.6, 3, 200, 90, 0
1, 201, 1, 1.7, 26, 250, 45, 0
1, 202, 1, 1.65, 17, 250, 270, 0
1, 203, 1, 1.6, 8, 50, 180, 0
1, 204, 0, 1.6, 57, NaN, NaN, 0
1, 205, 1, 1.7, 24, 350, 315, 1
1, 206, 1, 1.6, 8, 50, 270, 1
1, 207, 0, 1.7, 314, NaN, NaN, 0
1, 208, 0, 1.7, 293, NaN, NaN, 0
1, 209, 1, 1.6, 7, 50, 0, 0
1, 210, 1, 1.7, 29, 100, 135, 0
1, 211, 1, 1.65, 19, 300, 180, 1
1, 212, 1, 1.6, 7, 300, 0, 0
1, 213, 1, 1.7, 23, 200, 0, 1
1, 214, 1, 1.6, 4, 100, 135, 0
1, 215, 0, 1.7, 223, NaN, NaN, 0
1, 216, 1, 1.7, 25, 100, 45, 1
1, 217, 1, 1.7, 25, 250, 0, 0
1, 218, 1, 1.6, 6, 250, 90, 0
1, 219, 1, 1.6, 4, 100, 270, 0
1, 220, 1, 1.6, 7, 100, 315, 0
1, 221, 1, 1.7, 21, 100, 0, 1
1, 222, 1, 1.7, 29, 150, 180, 1
1, 223, 0, 1.6, 60, NaN, NaN, 0
1, 224, 1, 1.65, 11, 200, 225, 0
1, 225, 1, 1.65, 17, 250, 45, 0
1, 226, 0, 1.65, 218, NaN, NaN, 1
1, 227, 0, 1.65, 162, NaN, NaN, 0
1, 228, 1, 1.6, 7, 150, 135, 0
1, 229, 1, 1.7, 21, 150, 45, 1
1, 230, 1, 1.65, 14, 150, 0, 0
1, 231, 1, 1.6, 1, 300, 45, 0
1, 232, 1, 1.7, 25, 200, 270, 1
1, 233, 1, 1.65, 18, 150, 90, 0
1, 234, 1, 1.7, 21, 200, 180, 1
1, 235, 1, 1.7, 26, 350, 270, 0
1, 236, 1, 1.65, 15, 150, 90, 0
1, 237, 1, 1.7, 24, 300, 180, 1
1, 238, 1, 1.6, 8, 350, 0, 0
1, 239, 1, 1.6, 9, 100, 225, 1
1, 240, 0, 1.65, 187, NaN, NaN, 0
1, 241, 1, 1.7, 27, 50, 180, 1
1, 242, 0, 1.6, 47, NaN, NaN, 0
1, 243, 1, 1.65, 19, 200, 270, 1
1, 244, 1, 1.6, 10, 200, 135, 0
1, 245, 1, 1.6, 8, 200, 225, 0
1, 246, 1, 1.7, 23, 250, 45, 1
1, 247, 1, 1.7, 26, 50, 180, 1
1, 248, 1, 1.6, 6, 200, 0, 0
1, 249, 0, 1.6, 115, NaN, NaN, 0
1, 250, 1, 1.6, 10, 150, 270, 0
1, 251, 1, 1.7, 29, 200, 90, 1
1, 252, 1, 1.7, 27, 150, 225, 1
1, 253, 1, 1.65, 15, 150, 135, 1
1, 254, 1, 1.6, 2, 250, 225, 0
1, 255, 1, 1.7, 29, 150, 270, 1
1, 256, 1, 1.65, 17, 400, 315, 1
1, 257, 1, 1.6, 4, 350, 315, 0
1, 258, 1, 1.7, 27, 300, 135, 1
1, 259, 1, 1.7, 26, 350, 225, 0
1, 260, 1, 1.7, 27, 50, 135, 1
1, 261, 1, 1.7, 27, 300, 315, 1
1, 262, 0, 1.6, 61, NaN, NaN, 0
1, 263, 1, 1.6, 3, 150, 0, 0
1, 264, 1, 1.7, 30, 150, 180, 1
1, 265, 1, 1.7, 23, 150, 135, 1
1, 266, 1, 1.7, 25, 150, 225, 1
1, 267, 1, 1.65, 15, 100, 270, 1
1, 268, 1, 1.65, 12, 100, 315, 1
1, 269, 1, 1.7, 21, 400, 180, 0
1, 270, 1, 1.65, 20, 150, 45, 1
1, 271, 0, 1.7, 296, NaN, NaN, 0
1, 272, 0, 1.6, 75, NaN, NaN, 0
1, 273, 1, 1.6, 7, 250, 180, 0
1, 274, 1, 1.7, 25, 350, 225, 1
1, 275, 1, 1.65, 17, 50, 225, 1
1, 276, 1, 1.65, 15, 400, 90, 1
1, 277, 1, 1.7, 28, 200, 135, 1
1, 278, 1, 1.7, 22, 300, 135, 1
1, 279, 1, 1.6, 6, 150, 270, 0
1, 280, 1, 1.7, 26, 150, 135, 1
1, 281, 1, 1.7, 22, 200, 90, 1
1, 282, 1, 1.65, 20, 200, 90, 0
1, 283, 1, 1.6, 5, 300, 45, 0
1, 284, 1, 1.7, 28, 400, 45, 0
1, 285, 1, 1.7, 29, 250, 270, 1
1, 286, 1, 1.6, 3, 250, 315, 0
1, 287, 1, 1.7, 30, 250, 135, 1
1, 288, 1, 1.7, 24, 150, 180, 1
1, 289, 1, 1.6, 9, 350, 45, 0
1, 290, 1, 1.6, 8, 100, 45, 0
1, 291, 1, 1.7, 28, 200, 315, 0
1, 292, 1, 1.6, 7, 350, 315, 0
1, 293, 1, 1.65, 14, 50, 270, 1
1, 294, 1, 1.65, 19, 100, 135, 1
1, 295, 1, 1.7, 28, 300, 135, 1
1, 296, 1, 1.7, 30, 300, 0, 0
1, 297, 1, 1.65, 11, 150, 180, 1
1, 298, 1, 1.7, 22, 200, 225, 1
1, 299, 1, 1.6, 8, 150, 0, 0
1, 300, 1, 1.6, 6, 250, 45, 0
1, 301, 1, 1.6, 5, 100, 180, 0
1, 302, 1, 1.6, 4, 400, 315, 0
1, 303, 1, 1.65, 16, 350, 315, 1
1, 304, 1, 1.7, 25, 400, 0, 0
1, 305, 1, 1.7, 25, 300, 90, 1
1, 306, 1, 1.6, 1, 100, 90, 0
1, 307, 1, 1.7, 25, 250, 315, 1
1, 308, 1, 1.7, 29, 400, 270, 1
1, 309, 1, 1.65, 11, 250, 315, 1
1, 310, 1, 1.7, 25, 50, 225, 1
1, 311, 1, 1.65, 20, 350, 0, 1
1, 312, 1, 1.6, 7, 250, 90, 0
1, 313, 1, 1.65, 19, 150, 315, 0
1, 314, 1, 1.6, 3, 250, 45, 0
1, 315, 1, 1.7, 25, 300, 45, 1
1, 316, 1, 1.65, 14, 150, 45, 0
1, 317, 1, 1.65, 11, 150, 90, 1
1, 318, 1, 1.65, 12, 200, 180, 0
1, 319, 0, 1.65, 191, NaN, NaN, 0
1, 320, 1, 1.6, 4, 250, 180, 1
1, 321, 1, 1.6, 8, 150, 270, 0
1, 322, 1, 1.65, 11, 50, 135, 1
1, 323, 1, 1.7, 25, 150, 315, 0
1, 324, 1, 1.7, 23, 50, 0, 1
1, 325, 1, 1.6, 4, 200, 225, 0
1, 326, 1, 1.65, 14, 400, 0, 0
1, 327, 1, 1.7, 27, 250, 45, 1
1, 328, 1, 1.7, 28, 350, 45, 1
1, 329, 1, 1.6, 5, 200, 270, 0
1, 330, 1, 1.7, 22, 50, 315, 1
1, 331, 1, 1.7, 29, 350, 135, 1
1, 332, 1, 1.7, 24, 350, 135, 1
1, 333, 1, 1.6, 1, 400, 135, 0
1, 334, 1, 1.65, 13, 50, 315, 0
1, 335, 1, 1.6, 4, 250, 0, 0
1, 336, 1, 1.6, 9, 200, 135, 0
1, 337, 1, 1.65, 18, 200, 90, 1
1, 338, 1, 1.7, 23, 350, 90, 1
1, 339, 1, 1.6, 7, 250, 135, 0
1, 340, 1, 1.65, 13, 50, 90, 1
1, 341, 1, 1.6, 9, 150, 315, 0
1, 342, 1, 1.7, 22, 300, 225, 0
1, 343, 1, 1.7, 24, 100, 45, 1
1, 344, 1, 1.6, 5, 300, 315, 0
1, 345, 1, 1.65, 13, 50, 225, 1
1, 346, 1, 1.6, 9, 150, 45, 0
1, 347, 1, 1.65, 16, 50, 90, 0
1, 348, 1, 1.65, 12, 350, 45, 1
1, 349, 1, 1.65, 12, 300, 270, 0
1, 350, 1, 1.65, 14, 400, 225, 0
1, 351, 1, 1.7, 24, 50, 225, 1
1, 352, 1, 1.6, 1, 350, 90, 0
1, 353, 0, 1.7, 233, NaN, NaN, 0
1, 354, 1, 1.65, 11, 100, 270, 1
1, 355, 1, 1.7, 30, 100, 0, 1
1, 356, 1, 1.7, 27, 300, 90, 1
1, 357, 1, 1.6, 9, 300, 270, 0
1, 358, 1, 1.6, 9, 250, 180, 0
1, 359, 1, 1.7, 26, 300, 135, 1
1, 360, 1, 1.65, 12, 250, 180, 1
1, 361, 0, 1.6, 95, NaN, NaN, 0
1, 362, 1, 1.6, 3, 200, 225, 0
1, 363, 1, 1.7, 22, 350, 270, 1
1, 364, 0, 1.7, 280, NaN, NaN, 0
1, 365, 1, 1.6, 8, 400, 270, 0
1, 366, 1, 1.6, 4, 400, 90, 0
1, 367, 1, 1.7, 22, 250, 45, 1
1, 368, 0, 1.6, 82, NaN, NaN, 0
1, 369, 1, 1.6, 9, 50, 270, 1
1, 370, 1, 1.7, 26, 200, 315, 1
1, 371, 1, 1.7, 24, 150, 315, 1
1, 372, 1, 1.65, 17, 300, 270, 1
1, 373, 0, 1.7, 236, NaN, NaN, 0
1, 374, 1, 1.6, 3, 400, 315, 0
1, 375, 1, 1.6, 5, 400, 135, 0
1, 376, 1, 1.65, 16, 400, 0, 0
1, 377, 1, 1.65, 13, 150, 225, 0
1, 378, 1, 1.6, 8, 250, 0, 1
1, 379, 1, 1.65, 16, 350, 180, 1
1, 380, 1, 1.6, 8, 400, 135, 0
1, 381, 1, 1.7, 22, 350, 180, 1
1, 382, 1, 1.7, 28, 400, 180, 0
1, 383, 1, 1.65, 11, 100, 315, 1
1, 384, 1, 1.65, 12, 200, 315, 1
1, 385, 1, 1.7, 21, 400, 0, 0
1, 386, 1, 1.65, 19, 100, 0, 1
1, 387, 1, 1.6, 8, 300, 270, 0
1, 388, 1, 1.7, 24, 250, 270, 0
1, 389, 1, 1.7, 30, 50, 135, 1
1, 390, 1, 1.6, 10, 300, 90, 0
1, 391, 1, 1.65, 11, 250, 45, 1
1, 392, 1, 1.7, 29, 200, 45, 0
1, 393, 0, 1.7, 266, NaN, NaN, 0
1, 394, 1, 1.7, 21, 300, 180, 1
1, 395, 1, 1.65, 12, 250, 315, 1
1, 396, 1, 1.6, 5, 250, 90, 0
1, 397, 1, 1.6, 2, 50, 135, 1
1, 398, 1, 1.65, 19, 50, 315, 1
1, 399, 1, 1.65, 20, 350, 90, 0
1, 400, 1, 1.6, 4, 400, 225, 1
1, 401, 1, 1.65, 18, 350, 45, 0
1, 402, 1, 1.7, 27, 400, 270, 1
1, 403, 1, 1.7, 25, 100, 0, 1
1, 404, 1, 1.65, 12, 250, 90, 0
1, 405, 0, 1.7, 226, NaN, NaN, 0
1, 406, 1, 1.65, 18, 250, 180, 1
1, 407, 1, 1.7, 24, 200, 225, 1
1, 408, 1, 1.65, 17, 100, 135, 1
1, 409, 1, 1.6, 3, 350, 270, 1
1, 410, 1, 1.7, 30, 400, 315, 1
1, 411, 1, 1.6, 1, 350, 180, 0
1, 412, 0, 1.7, 263, NaN, NaN, 0
1, 413, 1, 1.65, 14, 50, 225, 1
1, 414, 0, 1.6, 124, NaN, NaN, 0
1, 415, 0, 1.65, 206, NaN, NaN, 0
1, 416, 1, 1.6, 2, 250, 180, 0
1, 417, 1, 1.65, 19, 350, 225, 1
1, 418, 1, 1.65, 20, 400, 90, 0
1, 419, 1, 1.7, 25, 400, 45, 1
1, 420, 1, 1.65, 17, 100, 0, 1
1, 421, 1, 1.7, 22, 250, 315, 1
1, 422, 1, 1.65, 19, 100, 270, 1
1, 423, 1, 1.7, 22, 300, 90, 1
1, 424, 1, 1.65, 16, 250, 0, 0
1, 425, 0, 1.7, 224, NaN, NaN, 0
1, 426, 1, 1.7, 23, 100, 270, 1
1, 427, 1, 1.7, 25, 350, 135, 1
1, 428, 1, 1.6, 7, 50, 180, 0
1, 429, 1, 1.65, 20, 200, 0, 0
1, 430, 0, 1.65, 208, NaN, NaN, 0
1, 431, 1, 1.7, 24, 50, 270, 1
1, 432, 1, 1.7, 23, 300, 225, 1
1, 433, 1, 1.6, 6, 400, 270, 0
1, 434, 1, 1.7, 28, 150, 180, 1
1, 435, 0, 1.6, 32, NaN, NaN, 0
1, 436, 1, 1.6, 5, 50, 90, 0
1, 437, 1, 1.6, 6, 50, 135, 0
1, 438, 1, 1.7, 25, 200, 315, 1
1, 439, 1, 1.6, 4, 300, 225, 0
1, 440, 1, 1.65, 19, 250, 45, 1
1, 441, 1, 1.7, 26, 250, 225, 0
1, 442, 1, 1.6, 10, 50, 135, 1
1, 443, 1, 1.7, 27, 150, 135, 0
1, 444, 1, 1.7, 28, 300, 270, 1
1, 445, 1, 1.6, 9, 100, 315, 0
1, 446, 1, 1.6, 1, 150, 180, 0
1, 447, 0, 1.65, 141, NaN, NaN, 0
1, 448, 1, 1.65, 18, 350, 225, 0
1, 449, 1, 1.7, 28, 300, 0, 1
1, 450, 1, 1.7, 29, 400, 0, 0
1, 451, 1, 1.7, 24, 400, 225, 0
1, 452, 1, 1.6, 6, 200, 90, 0
1, 453, 0, 1.65, 202, NaN, NaN, 0
1, 454, 1, 1.65, 12, 400, 315, 0
1, 455, 0, 1.65, 221, NaN, NaN, 0
1, 456, 1, 1.6, 4, 400, 45, 0
1, 457, 1, 1.6, 9, 350, 90, 0
1, 458, 1, 1.6, 2, 350, 135, 1
1, 459, 0, 1.7, 307, NaN, NaN, 0
1, 460, 1, 1.7, 30, 250, 225, 1
1, 461, 1, 1.6, 5, 100, 270, 0
1, 462, 1, 1.7, 26, 100, 90, 1
1, 463, 0, 1.7, 225, NaN, NaN, 0
1, 464, 1, 1.6, 1, 250, 135, 0
1, 465, 1, 1.6, 4, 400, 0, 0
1, 466, 1, 1.65, 19, 200, 0, 1
1, 467, 1, 1.7, 27, 100, 0, 1
1, 468, 1, 1.65, 13, 400, 270, 0
1, 469, 1, 1.65, 15, 400, 225, 1
1, 470, 1, 1.7, 21, 400, 135, 1
1, 471, 1, 1.65, 20, 50, 90, 0
1, 472, 1, 1.7, 22, 400, 225, 0
1, 473, 0, 1.7, 268, NaN, NaN, 0
1, 474, 0, 1.65, 150, NaN, NaN, 0
1, 475, 1, 1.7, 23, 300, 135, 1
1, 476, 1, 1.65, 15, 300, 225, 0
1, 477, 1, 1.6, 8, 200, 45, 0
1, 478, 1, 1.65, 18, 150, 135, 1
1, 479, 1, 1.65, 20, 150, 135, 0
1, 480, 1, 1.6, 5, 150, 0, 0
1, 481, 1, 1.65, 17, 200, 315, 0
1, 482, 1, 1.65, 15, 50, 270, 1
1, 483, 1, 1.6, 3, 300, 45, 0
1, 484, 1, 1.7, 23, 200, 315, 1
1, 485, 1, 1.6, 2, 200, 225, 0
1, 486, 1, 1.6, 1, 400, 45, 0
1, 487, 1, 1.7, 24, 50, 0, 1
1, 488, 1, 1.6, 6, 150, 0, 0
1, 489, 1, 1.6, 4, 200, 270, 0
1, 490, 1, 1.65, 20, 150, 315, 0
1, 491, 1, 1.65, 13, 300, 0, 0
1, 492, 0, 1.65, 153, NaN, NaN, 0
1, 493, 1, 1.7, 28, 200, 225, 0
1, 494, 0, 1.7, 269, NaN, NaN, 0
1, 495, 1, 1.6, 9, 300, 90, 1
1, 496, 1, 1.65, 16, 200, 0, 1
1, 497, 1, 1.65, 13, 200, 225, 1
1, 498, 1, 1.6, 5, 350, 315, 0
1, 499, 1, 1.7, 26, 250, 0, 1
1, 500, 1, 1.6, 3, 150, 90, 0
1, 501, 1, 1.6, 5, 150, 90, 0
1, 502, 1, 1.65, 15, 100, 180, 1
1, 503, 1, 1.65, 18, 150, 0, 1
1, 504, 0, 1.6, 98, NaN, NaN, 0
1, 505, 0, 1.7, 250, NaN, NaN, 0
1, 506, 1, 1.6, 1, 300, 0, 0
1, 507, 1, 1.7, 30, 50, 180, 1
1, 508, 1, 1.65, 18, 50, 0, 1
1, 509, 0, 1.6, 86, NaN, NaN, 0
1, 510, 1, 1.65, 16, 200, 90, 1
1, 511, 1, 1.7, 23, 300, 0, 0
1, 512, 1, 1.6, 3, 50, 135, 1
1, 513, 1, 1.65, 12, 50, 45, 1
1, 514, 1, 1.7, 26, 300, 315, 1
1, 515, 1, 1.65, 17, 150, 90, 1
1, 516, 1, 1.7, 26, 200, 180, 1
1, 517, 1, 1.65, 16, 50, 0, 1
1, 518, 1, 1.6, 10, 400, 45, 0
1, 519, 1, 1.7, 29, 50, 225, 1
1, 520, 1, 1.7, 30, 200, 270, 1
1, 521, 1, 1.65, 18, 300, 315, 0
1, 522, 1, 1.65, 17, 200, 0, 1
1, 523, 1, 1.65, 18, 200, 180, 1
1, 524, 1, 1.6, 2, 350, 90, 0
1, 525, 1, 1.7, 30, 250, 90, 1
1, 526, 1, 1.65, 17, 350, 45, 1
1, 527, 1, 1.7, 30, 50, 90, 1
1, 528, 0, 1.65, 212, NaN, NaN, 0
1, 529, 1, 1.65, 13, 350, 225, 1
1, 530, 1, 1.7, 27, 250, 135, 1
1, 531, 1, 1.6, 9, 400, 0, 1
1, 532, 0, 1.65, 129, NaN, NaN, 0
1, 533, 1, 1.7, 29, 100, 45, 0
1, 534, 1, 1.7, 27, 350, 180, 1
1, 535, 0, 1.65, 181, NaN, NaN, 1
1, 536, 1, 1.6, 9, 400, 135, 0
1, 537, 1, 1.6, 1, 300, 225, 0
1, 538, 1, 1.7, 25, 100, 315, 1
1, 539, 1, 1.7, 27, 100, 315, 1
1, 540, 1, 1.6, 6, 200, 180, 0
1, 541, 0, 1.65, 166, NaN, NaN, 0
1, 542, 1, 1.6, 3, 150, 225, 0
1, 543, 1, 1.6, 2, 100, 45, 0
1, 544, 1, 1.7, 24, 200, 45, 1
1, 545, 1, 1.6, 7, 350, 135, 0
1, 546, 1, 1.7, 26, 300, 0, 0
1, 547, 0, 1.6, 100, NaN, NaN, 0
1, 548, 1, 1.65, 19, 300, 270, 1
1, 549, 1, 1.7, 28, 400, 315, 1
1, 550, 1, 1.65, 15, 100, 45, 1
1, 551, 1, 1.65, 13, 50, 0, 1
1, 552, 1, 1.65, 18, 350, 270, 0
1, 553, 1, 1.65, 19, 400, 45, 1
1, 554, 1, 1.6, 5, 100, 135, 0
1, 555, 1, 1.6, 3, 250, 0, 0
1, 556, 0, 1.7, 259, NaN, NaN, 0
1, 557, 1, 1.6, 6, 350, 135, 0
1, 558, 1, 1.7, 28, 50, 315, 1
1, 559, 1, 1.7, 28, 350, 90, 0
1, 560, 1, 1.7, 24, 400, 180, 0
1, 561, 1, 1.7, 26, 350, 0, 0
1, 562, 1, 1.6, 7, 300, 45, 0
1, 563, 1, 1.7, 22, 100, 135, 1
1, 564, 1, 1.6, 4, 250, 90, 0
1, 565, 1, 1.65, 16, 400, 90, 0
1, 566, 1, 1.65, 11, 200, 45, 0
1, 567, 0, 1.65, 176, NaN, NaN, 0
1, 568, 1, 1.65, 20, 200, 315, 0
1, 569, 1, 1.65, 15, 200, 90, 1
1, 570, 1, 1.6, 9, 150, 180, 0
1, 571, 1, 1.65, 17, 50, 0, 1
1, 572, 1, 1.6, 2, 200, 180, 0
1, 573, 1, 1.7, 30, 100, 90, 1
1, 574, 1, 1.6, 3, 100, 0, 0
1, 575, 1, 1.7, 26, 150, 0, 0
1, 576, 0, 1.6, 34, NaN, NaN, 0
1, 577, 1, 1.7, 22, 200, 45, 1
1, 578, 1, 1.6, 10, 100, 270, 1
1, 579, 1, 1.65, 14, 350, 225, 1
1, 580, 1, 1.6, 3, 150, 180, 0
1, 581, 1, 1.65, 14, 200, 270, 1
1, 582, 1, 1.65, 12, 200, 0, 1
1, 583, 1, 1.65, 17, 250, 315, 1
1, 584, 1, 1.7, 26, 50, 315, 1
1, 585, 1, 1.65, 17, 100, 90, 1
1, 586, 1, 1.65, 18, 200, 0, 1
1, 587, 1, 1.7, 22, 150, 90, 1
1, 588, 1, 1.7, 21, 350, 270, 1
1, 589, 1, 1.7, 25, 300, 180, 0
1, 590, 1, 1.7, 22, 300, 180, 1
1, 591, 1, 1.65, 18, 400, 135, 1
1, 592, 1, 1.7, 27, 250, 90, 1
1, 593, 1, 1.65, 20, 250, 135, 1
1, 594, 1, 1.6, 10, 250, 135, 1
1, 595, 1, 1.65, 17, 100, 270, 1
1, 596, 1, 1.7, 28, 150, 45, 1
1, 597, 1, 1.65, 20, 100, 135, 1
1, 598, 0, 1.65, 152, NaN, NaN, 0
1, 599, 1, 1.65, 17, 50, 270, 1
1, 600, 1, 1.6, 4, 50, 45, 0
1, 601, 1, 1.65, 18, 300, 90, 0
1, 602, 1, 1.6, 5, 150, 180, 0
1, 603, 1, 1.6, 1, 200, 135, 0
1, 604, 1, 1.65, 20, 400, 0, 0
1, 605, 1, 1.6, 7, 100, 45, 0
1, 606, 1, 1.65, 18, 300, 135, 1
1, 607, 1, 1.7, 29, 150, 225, 1
1, 608, 1, 1.7, 23, 400, 45, 1
1, 609, 1, 1.65, 15, 350, 135, 1
1, 610, 1, 1.65, 16, 350, 45, 1
1, 611, 1, 1.6, 5, 300, 90, 0
1, 612, 1, 1.6, 8, 300, 180, 0
1, 613, 1, 1.65, 11, 300, 270, 1
1, 614, 1, 1.6, 3, 350, 45, 1
1, 615, 1, 1.7, 25, 100, 270, 1
1, 616, 1, 1.7, 30, 350, 0, 1
1, 617, 1, 1.6, 4, 300, 45, 0
1, 618, 1, 1.7, 22, 100, 270, 1
1, 619, 1, 1.6, 9, 200, 0, 0
1, 620, 1, 1.7, 27, 350, 225, 1
1, 621, 1, 1.65, 19, 250, 135, 1
1, 622, 1, 1.7, 25, 400, 90, 0
1, 623, 1, 1.65, 13, 150, 270, 1
1, 624, 1, 1.65, 19, 400, 0, 0
1, 625, 1, 1.7, 30, 200, 180, 1
1, 626, 1, 1.6, 8, 400, 225, 1
1, 627, 1, 1.6, 4, 300, 0, 0
1, 628, 1, 1.6, 5, 150, 315, 0
1, 629, 1, 1.6, 8, 350, 45, 0
1, 630, 1, 1.7, 28, 50, 90, 1
1, 631, 0, 1.7, 289, NaN, NaN, 0
1, 632, 1, 1.65, 20, 300, 135, 1
1, 633, 1, 1.65, 11, 350, 315, 0
1, 634, 0, 1.65, 168, NaN, NaN, 0
1, 635, 1, 1.6, 3, 350, 315, 0
1, 636, 0, 1.7, 315, NaN, NaN, 0
1, 637, 1, 1.65, 14, 200, 225, 0
1, 638, 1, 1.65, 17, 100, 225, 0
1, 639, 1, 1.7, 23, 150, 180, 0
1, 640, 1, 1.6, 4, 350, 270, 0
1, 641, 1, 1.65, 11, 100, 225, 1
1, 642, 1, 1.7, 21, 50, 180, 1
1, 643, 1, 1.6, 7, 200, 225, 0
1, 644, 1, 1.6, 4, 250, 270, 0
1, 645, 1, 1.65, 14, 100, 135, 1
1, 646, 1, 1.7, 26, 250, 180, 1
1, 647, 1, 1.6, 9, 350, 315, 0
1, 648, 1, 1.65, 12, 350, 0, 0
1, 649, 1, 1.7, 22, 50, 180, 1
1, 650, 1, 1.6, 5, 150, 45, 0
1, 651, 1, 1.6, 6, 200, 135, 1
1, 652, 1, 1.65, 11, 350, 180, 1
1, 653, 1, 1.65, 11, 150, 270, 1
1, 654, 1, 1.6, 5, 350, 270, 0
1, 655, 1, 1.65, 13, 250, 180, 0
1, 656, 1, 1.65, 20, 150, 270, 1
1, 657, 1, 1.6, 2, 350, 315, 0
1, 658, 1, 1.65, 19, 350, 270, 1
1, 659, 1, 1.6, 2, 150, 90, 0
1, 660, 1, 1.65, 17, 350, 225, 1
1, 661, 1, 1.7, 25, 350, 180, 1
1, 662, 1, 1.6, 3, 100, 135, 0
1, 663, 1, 1.6, 10, 300, 315, 0
1, 664, 1, 1.65, 12, 100, 45, 1
1, 665, 0, 1.6, 42, NaN, NaN, 0
1, 666, 1, 1.6, 10, 350, 225, 1
1, 667, 1, 1.7, 23, 300, 180, 1
1, 668, 1, 1.65, 18, 300, 270, 1
1, 669, 1, 1.65, 17, 50, 45, 1
1, 670, 0, 1.7, 245, NaN, NaN, 0
1, 671, 1, 1.7, 28, 100, 135, 1
1, 672, 1, 1.65, 18, 300, 0, 0
1, 673, 1, 1.6, 7, 200, 180, 0
1, 674, 1, 1.6, 10, 200, 315, 0
1, 675, 1, 1.65, 16, 350, 90, 1
1, 676, 1, 1.6, 2, 150, 135, 0
1, 677, 0, 1.7, 300, NaN, NaN, 0
1, 678, 1, 1.6, 7, 250, 0, 1
1, 679, 1, 1.6, 6, 100, 135, 0
1, 680, 1, 1.7, 28, 250, 135, 1
1, 681, 1, 1.6, 10, 100, 135, 1
1, 682, 1, 1.7, 21, 150, 315, 1
1, 683, 1, 1.65, 11, 50, 45, 1
1, 684, 1, 1.6, 10, 350, 45, 0
1, 685, 1, 1.6, 3, 300, 90, 1
1, 686, 1, 1.6, 3, 250, 135, 0
1, 687, 0, 1.6, 99, NaN, NaN, 0
1, 688, 1, 1.7, 24, 350, 225, 1
1, 689, 1, 1.65, 11, 50, 225, 1
1, 690, 1, 1.6, 9, 150, 135, 0
1, 691, 1, 1.6, 3, 300, 180, 0
1, 692, 1, 1.65, 14, 150, 225, 1
1, 693, 1, 1.65, 15, 250, 315, 0
1, 694, 0, 1.65, 216, NaN, NaN, 1
1, 695, 1, 1.7, 22, 250, 225, 1
1, 696, 1, 1.65, 19, 200, 90, 1
1, 697, 1, 1.6, 2, 250, 270, 0
1, 698, 1, 1.65, 18, 100, 0, 1
1, 699, 1, 1.7, 25, 50, 180, 1
1, 700, 1, 1.6, 6, 250, 180, 0
1, 701, 1, 1.65, 16, 250, 315, 0
1, 702, 1, 1.65, 15, 200, 225, 1
1, 703, 1, 1.6, 5, 350, 0, 0
1, 704, 1, 1.7, 30, 300, 90, 1
1, 705, 0, 1.6, 37, NaN, NaN, 0
1, 706, 1, 1.6, 7, 150, 270, 0
1, 707, 1, 1.6, 7, 50, 135, 0
1, 708, 0, 1.65, 160, NaN, NaN, 1
1, 709, 1, 1.65, 20, 100, 180, 1
1, 710, 1, 1.7, 24, 300, 315, 0
1, 711, 0, 1.65, 170, NaN, NaN, 0
1, 712, 1, 1.7, 24, 300, 90, 1
1, 713, 1, 1.65, 19, 250, 315, 1
1, 714, 0, 1.6, 77, NaN, NaN, 0
1, 715, 1, 1.7, 27, 350, 0, 1
1, 716, 1, 1.6, 1, 250, 90, 0
1, 717, 1, 1.6, 7, 200, 270, 0
1, 718, 1, 1.7, 26, 350, 90, 1
1, 719, 1, 1.7, 22, 350, 90, 1
1, 720, 1, 1.7, 24, 100, 0, 1
1, 721, 1, 1.65, 19, 250, 180, 0
1, 722, 1, 1.7, 21, 50, 135, 1
1, 723, 1, 1.65, 11, 300, 315, 0
1, 724, 1, 1.6, 4, 350, 90, 0
1, 725, 1, 1.7, 23, 100, 315, 0
1, 726, 1, 1.7, 21, 300, 90, 1
1, 727, 1, 1.65, 15, 300, 90, 1
1, 728, 1, 1.65, 20, 250, 270, 0
1, 729, 1, 1.65, 19, 200, 45, 1
1, 730, 1, 1.6, 7, 350, 225, 0
1, 731, 1, 1.6, 3, 200, 270, 0
1, 732, 0, 1.6, 70, NaN, NaN, 0
1, 733, 1, 1.6, 8, 150, 225, 0
1, 734, 1, 1.6, 7, 250, 270, 0
1, 735, 1, 1.6, 6, 100, 0, 0
1, 736, 1, 1.7, 24, 350, 45, 1
1, 737, 1, 1.7, 22, 350, 225, 1
1, 738, 1, 1.7, 24, 200, 135, 1
1, 739, 1, 1.65, 19, 50, 135, 1
1, 740, 0, 1.65, 195, NaN, NaN, 0
1, 741, 1, 1.65, 11, 350, 90, 0
1, 742, 1, 1.65, 17, 300, 225, 0
1, 743, 0, 1.6, 69, NaN, NaN, 0
1, 744, 1, 1.6, 9, 200, 90, 0
1, 745, 1, 1.65, 13, 50, 135, 1
1, 746, 1, 1.65, 13, 150, 45, 0
1, 747, 0, 1.6, 58, NaN, NaN, 0
1, 748, 1, 1.65, 19, 250, 270, 1
1, 749, 1, 1.65, 11, 150, 225, 1
1, 750, 1, 1.6, 3, 200, 0, 0
1, 751, 1, 1.65, 13, 100, 180, 1
1, 752, 1, 1.65, 19, 150, 0, 0
1, 753, 1, 1.7, 30, 50, 270, 1
1, 754, 1, 1.7, 30, 200, 45, 0
1, 755, 1, 1.6, 10, 400, 315, 0
1, 756, 1, 1.6, 10, 400, 225, 1
1, 757, 1, 1.7, 25, 50, 0, 1
1, 758, 1, 1.65, 20, 50, 225, 1
1, 759, 0, 1.6, 102, NaN, NaN, 0
1, 760, 1, 1.7, 27, 300, 270, 1
1, 761, 1, 1.7, 21, 400, 90, 0
1, 762, 1, 1.6, 4, 250, 225, 0
1, 763, 1, 1.65, 14, 300, 135, 0
1, 764, 1, 1.7, 23, 350, 225, 0
1, 765, 1, 1.65, 13, 350, 90, 0
1, 766, 1, 1.6, 8, 100, 180, 0
1, 767, 1, 1.6, 8, 150, 180, 0
1, 768, 0, 1.65, 140, NaN, NaN, 0
1, 769, 1, 1.6, 6, 50, 90, 1
1, 770, 1, 1.65, 17, 250, 180, 1
1, 771, 0, 1.6, 39, NaN, NaN, 0
1, 772, 1, 1.7, 28, 50, 0, 1
1, 773, 1, 1.7, 26, 150, 45, 1
1, 774, 1, 1.65, 20, 200, 225, 0
1, 775, 1, 1.7, 21, 350, 135, 1
1, 776, 1, 1.7, 21, 250, 0, 1
1, 777, 1, 1.7, 23, 200, 270, 1
1, 778, 1, 1.65, 15, 150, 270, 1
1, 779, 0, 1.65, 172, NaN, NaN, 0
1, 780, 1, 1.7, 30, 400, 135, 1
1, 781, 0, 1.65, 198, NaN, NaN, 0
1, 782, 1, 1.7, 22, 250, 90, 1
1, 783, 1, 1.6, 2, 150, 270, 1
1, 784, 1, 1.65, 19, 50, 0, 1
1, 785, 1, 1.7, 30, 100, 45, 1
1, 786, 1, 1.6, 5, 350, 225, 0
1, 787, 1, 1.6, 2, 150, 0, 0
1, 788, 1, 1.7, 21, 250, 90, 1
1, 789, 1, 1.7, 25, 50, 135, 1
1, 790, 1, 1.65, 16, 300, 270, 1
1, 791, 1, 1.7, 21, 100, 225, 1
1, 792, 1, 1.6, 6, 350, 180, 0
1, 793, 0, 1.7, 310, NaN, NaN, 0
1, 794, 1, 1.7, 21, 150, 0, 1
1, 795, 1, 1.6, 9, 400, 180, 0
1, 796, 1, 1.65, 13, 300, 225, 0
1, 797, 1, 1.6, 5, 100, 90, 0
1, 798, 1, 1.7, 27, 200, 180, 1
1, 799, 1, 1.65, 12, 50, 315, 1
1, 800, 1, 1.7, 21, 100, 270, 1
1, 801, 0, 1.6, 33, NaN, NaN, 0
1, 802, 1, 1.6, 2, 250, 0, 0
1, 803, 1, 1.7, 25, 150, 270, 1
1, 804, 1, 1.65, 13, 50, 270, 1
1, 805, 0, 1.65, 134, NaN, NaN, 0
1, 806, 1, 1.7, 28, 200, 270, 1
1, 807, 1, 1.7, 29, 400, 45, 0
1, 808, 1, 1.7, 23, 350, 135, 0
1, 809, 1, 1.65, 19, 350, 0, 0
1, 810, 1, 1.7, 24, 200, 0, 1
1, 811, 1, 1.6, 4, 200, 135, 0
1, 812, 1, 1.6, 9, 300, 315, 1
1, 813, 1, 1.7, 26, 400, 135, 0
1, 814, 1, 1.7, 22, 50, 45, 1
1, 815, 1, 1.7, 22, 400, 0, 1
1, 816, 1, 1.7, 25, 350, 0, 1
1, 817, 1, 1.7, 22, 400, 45, 1
1, 818, 1, 1.7, 28, 200, 90, 1
1, 819, 1, 1.65, 20, 200, 180, 0
1, 820, 1, 1.6, 9, 200, 180, 1
1, 821, 1, 1.7, 23, 150, 90, 1
1, 822, 1, 1.7, 27, 200, 225, 1
1, 823, 0, 1.7, 286, NaN, NaN, 0
1, 824, 0, 1.7, 227, NaN, NaN, 0
1, 825, 1, 1.7, 24, 400, 270, 1
1, 826, 1, 1.6, 7, 100, 90, 1
1, 827, 1, 1.6, 3, 50, 180, 0
1, 828, 0, 1.7, 262, NaN, NaN, 0
1, 829, 1, 1.65, 20, 350, 315, 1
1, 830, 1, 1.7, 21, 250, 270, 0
1, 831, 1, 1.6, 2, 100, 90, 0
1, 832, 1, 1.65, 11, 400, 270, 1
1, 833, 1, 1.65, 12, 250, 45, 0
1, 834, 1, 1.7, 29, 350, 225, 1
1, 835, 1, 1.65, 13, 100, 270, 1
1, 836, 1, 1.7, 25, 350, 270, 1
1, 837, 1, 1.65, 15, 50, 135, 1
1, 838, 1, 1.65, 20, 50, 315, 1
1, 839, 1, 1.7, 29, 400, 180, 1
1, 840, 0, 1.7, 276, NaN, NaN, 0
1, 841, 1, 1.7, 29, 150, 0, 0
1, 842, 1, 1.6, 10, 400, 0, 0
1, 843, 1, 1.6, 8, 400, 315, 0
1, 844, 1, 1.6, 8, 300, 135, 0
1, 845, 1, 1.6, 3, 200, 180, 0
1, 846, 1, 1.6, 2, 200, 135, 0
1, 847, 0, 1.7, 299, NaN, NaN, 0
1, 848, 1, 1.6, 5, 300, 270, 0
1, 849, 0, 1.6, 49, NaN, NaN, 0
1, 850, 1, 1.65, 15, 50, 0, 0
1, 851, 1, 1.65, 15, 100, 90, 1
1, 852, 1, 1.7, 28, 150, 225, 1
1, 853, 1, 1.7, 28, 400, 270, 1
1, 854, 1, 1.65, 14, 350, 0, 0
1, 855, 1, 1.65, 11, 400, 315, 1
1, 856, 1, 1.65, 19, 150, 270, 0
1, 857, 1, 1.6, 9, 100, 90, 1
1, 858, 1, 1.6, 4, 350, 180, 0
1, 859, 1, 1.65, 19, 150, 180, 1
1, 860, 1, 1.6, 6, 400, 0, 0
1, 861, 1, 1.7, 26, 400, 315, 1
1, 862, 1, 1.6, 5, 350, 90, 0
1, 863, 0, 1.65, 204, NaN, NaN, 0
1, 864, 1, 1.65, 15, 50, 225, 1
1, 865, 1, 1.7, 25, 150, 45, 0
1, 866, 1, 1.65, 12, 100, 135, 1
1, 867, 1, 1.65, 17, 150, 315, 1
1, 868, 1, 1.7, 26, 100, 45, 1
1, 869, 1, 1.6, 7, 150, 90, 0
1, 870, 1, 1.6, 4, 100, 180, 0
1, 871, 1, 1.6, 3, 100, 45, 0
1, 872, 1, 1.65, 20, 400, 180, 1
1, 873, 1, 1.6, 2, 400, 45, 0
1, 874, 1, 1.7, 22, 100, 315, 1
1, 875, 1, 1.65, 14, 100, 180, 1
1, 876, 1, 1.65, 15, 150, 0, 0
1, 877, 1, 1.6, 4, 150, 0, 0
1, 878, 1, 1.65, 15, 250, 180, 0
1, 879, 1, 1.6, 3, 350, 180, 0
1, 880, 1, 1.6, 2, 300, 180, 0
1, 881, 1, 1.65, 11, 200, 180, 1
1, 882, 1, 1.6, 1, 50, 135, 1
1, 883, 1, 1.65, 12, 50, 270, 1
1, 884, 1, 1.7, 26, 150, 225, 1
1, 885, 1, 1.65, 15, 350, 90, 1
1, 886, 1, 1.6, 2, 100, 180, 0
1, 887, 1, 1.7, 27, 250, 270, 1
1, 888, 1, 1.6, 3, 300, 315, 0
1, 889, 0, 1.7, 297, NaN, NaN, 0
1, 890, 1, 1.7, 23, 200, 180, 1
1, 891, 1, 1.6, 9, 300, 45, 0
1, 892, 0, 1.7, 288, NaN, NaN, 0
1, 893, 0, 1.6, 96, NaN, NaN, 0
1, 894, 0, 1.7, 290, NaN, NaN, 0
1, 895, 1, 1.6, 9, 50, 45, 1
1, 896, 1, 1.6, 7, 250, 225, 0
1, 897, 1, 1.6, 9, 300, 0, 0
1, 898, 1, 1.6, 8, 250, 180, 0
1, 899, 1, 1.65, 18, 250, 135, 0
1, 900, 0, 1.65, 132, NaN, NaN, 0
1, 901, 1, 1.65, 13, 200, 180, 1
1, 902, 1, 1.6, 3, 150, 270, 1
1, 903, 1, 1.7, 30, 100, 180, 1
1, 904, 1, 1.65, 18, 200, 45, 1
1, 905, 1, 1.65, 19, 50, 90, 1
1, 906, 1, 1.7, 24, 250, 0, 1
1, 907, 1, 1.6, 5, 300, 225, 0
1, 908, 1, 1.65, 11, 200, 135, 0
1, 909, 1, 1.65, 11, 350, 225, 1
1, 910, 1, 1.6, 1, 50, 0, 0
1, 911, 1, 1.65, 17, 200, 225, 1
1, 912, 0, 1.7, 281, NaN, NaN, 0
1, 913, 1, 1.6, 2, 50, 180, 1
1, 914, 1, 1.6, 2, 400, 180, 0
1, 915, 1, 1.7, 24, 50, 90, 1
1, 916, 0, 1.7, 305, NaN, NaN, 0
1, 917, 1, 1.7, 28, 50, 270, 1
1, 918, 0, 1.7, 304, NaN, NaN, 0
1, 919, 1, 1.7, 21, 400, 270, 1
1, 920, 0, 1.6, 101, NaN, NaN, 0
1, 921, 1, 1.7, 26, 300, 90, 1
1, 922, 1, 1.7, 28, 400, 135, 1
1, 923, 1, 1.65, 11, 100, 0, 0
1, 924, 1, 1.6, 4, 300, 270, 0
1, 925, 1, 1.7, 22, 100, 90, 1
1, 926, 1, 1.65, 12, 400, 180, 0
1, 927, 1, 1.65, 15, 250, 135, 0
1, 928, 1, 1.65, 20, 200, 45, 0
1, 929, 1, 1.7, 30, 350, 90, 1
1, 930, 0, 1.65, 199, NaN, NaN, 0
1, 931, 0, 1.65, 163, NaN, NaN, 0
1, 932, 1, 1.65, 19, 150, 90, 1
1, 933, 1, 1.6, 3, 400, 0, 0
1, 934, 1, 1.6, 10, 50, 90, 1
1, 935, 0, 1.6, 38, NaN, NaN, 0
1, 936, 1, 1.7, 26, 300, 270, -1
1, 937, 1, 1.6, 5, 350, 180, 1
1, 938, 1, 1.7, 23, 50, 135, 1
1, 939, 1, 1.7, 30, 250, 180, 1
1, 940, 1, 1.65, 12, 350, 90, 0
1, 941, 1, 1.6, 10, 400, 270, 0
1, 942, 1, 1.65, 18, 250, 0, 1
1, 943, 1, 1.65, 15, 200, 45, 1
1, 944, 1, 1.6, 10, 200, 90, 0
1, 945, 1, 1.65, 14, 50, 135, 1
1, 946, 1, 1.65, 14, 350, 45, 0
1, 947, 1, 1.6, 4, 200, 180, 1
1, 948, 1, 1.6, 1, 100, 225, 0
1, 949, 1, 1.65, 20, 100, 270, 1
1, 950, 1, 1.7, 21, 300, 225, 1
1, 951, 1, 1.65, 16, 300, 315, 1
1, 952, 0, 1.6, 105, NaN, NaN, 0
1, 953, 0, 1.7, 278, NaN, NaN, 0
1, 954, 1, 1.6, 3, 100, 225, 0
1, 955, 1, 1.65, 20, 150, 225, 0
1, 956, 0, 1.65, 193, NaN, NaN, 0
1, 957, 1, 1.7, 21, 300, 135, 0
1, 958, 1, 1.65, 16, 400, 45, 0
1, 959, 1, 1.7, 26, 150, 180, 1
1, 960, 1, 1.6, 10, 100, 225, 0
1, 961, 1, 1.7, 28, 200, 180, 1
1, 962, 1, 1.65, 20, 350, 180, 1
1, 963, 1, 1.6, 1, 200, 90, 0
1, 964, 1, 1.6, 3, 50, 45, 0
1, 965, 1, 1.7, 28, 350, 315, 1
1, 966, 1, 1.65, 18, 100, 180, 1
1, 967, 1, 1.6, 9, 50, 180, 1
1, 968, 1, 1.7, 28, 100, 180, 1
1, 969, 1, 1.6, 6, 400, 180, 0
1, 970, 0, 1.65, 189, NaN, NaN, 0
1, 971, 1, 1.7, 23, 250, 315, 1
1, 972, 1, 1.65, 16, 150, 270, 1
1, 973, 1, 1.65, 17, 300, 45, 1
1, 974, 1, 1.6, 2, 350, 180, 0
1, 975, 1, 1.7, 28, 200, 45, 1
1, 976, 1, 1.6, 1, 100, 270, 0
1, 977, 1, 1.65, 17, 200, 180, 1
1, 978, 1, 1.7, 27, 100, 270, 1
1, 979, 1, 1.7, 26, 150, 315, 0
1, 980, 1, 1.6, 4, 200, 0, 0
1, 981, 1, 1.7, 30, 200, 225, 0
1, 982, 1, 1.6, 9, 150, 90, 0
1, 983, 1, 1.6, 9, 150, 225, 0
1, 984, 1, 1.7, 27, 350, 270, 1
1, 985, 1, 1.65, 15, 50, 315, 1
1, 986, 1, 1.65, 17, 100, 180, 1
1, 987, 1, 1.7, 21, 300, 270, 1
1, 988, 1, 1.7, 21, 300, 0, 1
1, 989, 1, 1.65, 19, 150, 135, 0
1, 990, 1, 1.6, 4, 100, 45, 0
1, 991, 1, 1.65, 13, 50, 45, 1
1, 992, 1, 1.6, 8, 100, 225, 0
1, 993, 1, 1.65, 15, 400, 270, 0
1, 994, 1, 1.7, 26, 200, 0, 0
1, 995, 1, 1.65, 13, 200, 135, 0
1, 996, 1, 1.65, 20, 400, 225, 0
1, 997, 1, 1.6, 5, 50, 180, 1
1, 998, 1, 1.65, 11, 50, 180, 1
1, 999, 1, 1.7, 28, 50, 180, 1
1, 1000, 1, 1.6, 6, 100, 90, 1
1, 1001, 1, 1.6, 1, 200, 45, 0
1, 1002, 0, 1.6, 126, NaN, NaN, 0
1, 1003, 1, 1.65, 12, 150, 45, 0
1, 1004, 1, 1.65, 11, 300, 0, 0
1, 1005, 1, 1.6, 5, 400, 315, 0
1, 1006, 1, 1.65, 20, 250, 180, 1
1, 1007, 1, 1.65, 17, 400, 0, 0
1, 1008, 0, 1.6, 108, NaN, NaN, 0
1, 1009, 1, 1.7, 23, 400, 0, 1
1, 1010, 1, 1.65, 12, 250, 0, 1
1, 1011, 0, 1.6, 117, NaN, NaN, 0
1, 1012, 1, 1.7, 23, 250, 90, 0
1, 1013, 1, 1.7, 27, 400, 180, 1
1, 1014, 1, 1.6, 6, 50, 315, 0
1, 1015, 1, 1.65, 13, 400, 135, 0
1, 1016, 1, 1.7, 24, 100, 90, 1
1, 1017, 0, 1.65, 137, NaN, NaN, 0
1, 1018, 0, 1.7, 234, NaN, NaN, 0
1, 1019, 1, 1.6, 3, 150, 315, 0
1, 1020, 1, 1.7, 24, 400, 90, 0
1, 1021, 1, 1.65, 19, 50, 45, 1
1, 1022, 1, 1.7, 24, 50, 315, 1
1, 1023, 0, 1.6, 54, NaN, NaN, 0
1, 1024, 1, 1.6, 6, 400, 135, 0
1, 1025, 1, 1.65, 17, 50, 135, 1
1, 1026, 1, 1.7, 27, 50, 270, 1
1, 1027, 1, 1.6, 5, 200, 0, 0
1, 1028, 1, 1.65, 17, 250, 225, 0
1, 1029, 1, 1.6, 5, 300, 180, 0
1, 1030, 1, 1.6, 7, 150, 0, 0
1, 1031, 1, 1.7, 24, 100, 270, 1
1, 1032, 1, 1.7, 28, 100, 225, 1
1, 1033, 1, 1.7, 30, 200, 315, 1
1, 1034, 1, 1.65, 17, 300, 135, 1
1, 1035, 1, 1.6, 4, 100, 225, 1
1, 1036, 1, 1.7, 24, 250, 315, 1
1, 1037, 1, 1.7, 21, 350, 45, 1
1, 1038, 1, 1.6, 1, 300, 315, 1
1, 1039, 1, 1.6, 5, 50, 135, 1
1, 1040, 1, 1.6, 10, 100, 180, 0
1, 1041, 0, 1.65, 179, NaN, NaN, 0
1, 1042, 1, 1.6, 5, 400, 225, 1
1, 1043, 1, 1.6, 8, 250, 90, 1
1, 1044, 1, 1.6, 7, 50, 45, 0
1, 1045, 1, 1.6, 8, 150, 315, 0
1, 1046, 1, 1.7, 25, 250, 225, 1
1, 1047, 1, 1.7, 30, 350, 180, 0
1, 1048, 1, 1.65, 12, 200, 135, 1
1, 1049, 1, 1.65, 14, 300, 270, 1
1, 1050, 1, 1.7, 30, 50, 0, 1
1, 1051, 1, 1.65, 15, 250, 90, 0
1, 1052, 1, 1.65, 14, 350, 90, 0
1, 1053, 1, 1.7, 30, 50, 225, 1
1, 1054, 1, 1.7, 30, 150, 270, 1
1, 1055, 1, 1.7, 23, 350, 270, 1
1, 1056, 0, 1.7, 294, NaN, NaN, 0
1, 1057, 1, 1.6, 6, 350, 45, 0
1, 1058, 1, 1.6, 9, 400, 225, 0
1, 1059, 1, 1.6, 10, 350, 315, 0
1, 1060, 1, 1.7, 24, 200, 315, 1
1, 1061, 1, 1.65, 15, 200, 0, 1
1, 1062, 1, 1.65, 20, 350, 225, 1
1, 1063, 1, 1.65, 12, 250, 270, 0
1, 1064, 1, 1.6, 10, 400, 90, 0
1, 1065, 1, 1.7, 29, 100, 90, 1
1, 1066, 1, 1.6, 5, 250, 0, 0
1, 1067, 1, 1.7, 28, 250, 90, 1
1, 1068, 1, 1.65, 16, 150, 180, 0
1, 1069, 1, 1.7, 28, 350, 270, 1
1, 1070, 1, 1.65, 19, 300, 135, 1
1, 1071, 1, 1.6, 9, 350, 0, 0
1, 1072, 1, 1.6, 1, 50, 45, 0
1, 1073, 1, 1.6, 2, 150, 315, 0
1, 1074, 0, 1.7, 275, NaN, NaN, 0
1, 1075, 1, 1.6, 2, 100, 0, 0
1, 1076, 1, 1.65, 20, 250, 225, 0
1, 1077, 0, 1.65, 154, NaN, NaN, 0
1, 1078, 1, 1.65, 13, 300, 270, 0
1, 1079, 1, 1.7, 24, 50, 135, 1
1, 1080, 1, 1.65, 12, 400, 45, 0
1, 1081, 1, 1.65, 20, 400, 270, 1
1, 1082, 1, 1.6, 9, 100, 0, 1
1, 1083, 1, 1.65, 15, 100, 135, 1
1, 1084, 1, 1.65, 11, 150, 0, 0
1, 1085, 1, 1.7, 22, 200, 270, 1
1, 1086, 1, 1.7, 21, 200, 135, 1
1, 1087, 1, 1.6, 1, 250, 0, 0
1, 1088, 1, 1.6, 1, 350, 0, 1
1, 1089, 1, 1.6, 6, 300, 135, 0
1, 1090, 1, 1.65, 16, 350, 135, 1
1, 1091, 1, 1.6, 6, 300, 270, 0
1, 1092, 1, 1.6, 2, 300, 225, 0
1, 1093, 1, 1.65, 13, 350, 135, 1
1, 1094, 1, 1.6, 4, 150, 45, 0
1, 1095, 1, 1.7, 27, 400, 45, 1
1, 1096, 1, 1.7, 28, 150, 315, 1
1, 1097, 1, 1.7, 23, 350, 45, 1
1, 1098, 1, 1.65, 12, 150, 0, 1
1, 1099, 1, 1.65, 19, 350, 45, 1
1, 1100, 1, 1.65, 11, 350, 135, 1
1, 1101, 1, 1.6, 10, 300, 225, 1
1, 1102, 1, 1.6, 10, 350, 0, 1
1, 1103, 0, 1.6, 109, NaN, NaN, 0
1, 1104, 1, 1.6, 4, 300, 135, 0
1, 1105, 1, 1.65, 20, 100, 0, 0
1, 1106, 1, 1.6, 9, 350, 270, 0
1, 1107, 0, 1.65, 136, NaN, NaN, 0
1, 1108, 1, 1.6, 8, 200, 90, 0
1, 1109, 0, 1.7, 267, NaN, NaN, 0
1, 1110, 1, 1.7, 21, 150, 135, 1
1, 1111, 1, 1.7, 27, 350, 315, 1
1, 1112, 1, 1.6, 8, 100, 270, 0
1, 1113, 0, 1.6, 89, NaN, NaN, 0
1, 1114, 1, 1.65, 14, 200, 45, 0
1, 1115, 1, 1.6, 1, 200, 225, 0
1, 1116, 1, 1.7, 23, 200, 45, 1
1, 1117, 1, 1.7, 23, 100, 90, 1
1, 1118, 1, 1.65, 18, 150, 180, 0
1, 1119, 1, 1.7, 26, 400, 90, 1
1, 1120, 1, 1.65, 14, 250, 0, 0
1, 1121, 1, 1.65, 17, 350, 315, 1
1, 1122, 0, 1.7, 312, NaN, NaN, 0
1, 1123, 1, 1.7, 23, 150, 45, 1
1, 1124, 1, 1.6, 1, 50, 180, 0
1, 1125, 1, 1.6, 8, 200, 135, 0
1, 1126, 1, 1.6, 1, 350, 45, 0
1, 1127, 1, 1.65, 14, 200, 315, 0
1, 1128, 0, 1.65, 213, NaN, NaN, 0
1, 1129, 0, 1.65, 127, NaN, NaN, 0
1, 1130, 1, 1.65, 15, 200, 315, 0
1, 1131, 1, 1.6, 1, 400, 180, 0
1, 1132, 1, 1.7, 23, 400, 225, 1
1, 1133, 1, 1.7, 28, 50, 225, 1
1, 1134, 1, 1.65, 12, 350, 135, 0
1, 1135, 1, 1.7, 22, 400, 180, 0
1, 1136, 1, 1.65, 16, 300, 0, 0
1, 1137, 1, 1.6, 1, 200, 180, 0
1, 1138, 1, 1.6, 5, 250, 135, 0
1, 1139, 1, 1.7, 25, 400, 225, 1
1, 1140, 1, 1.6, 1, 150, 90, 0
1, 1141, 1, 1.7, 29, 400, 90, 1
1, 1142, 1, 1.6, 6, 350, 315, 0
1, 1143, 1, 1.6, 10, 250, 45, 0
1, 1144, 1, 1.7, 22, 300, 270, 1
1, 1145, 1, 1.6, 3, 50, 0, 1
1, 1146, 0, 1.65, 222, NaN, NaN, 0
1, 1147, 1, 1.65, 12, 150, 270, 1
1, 1148, 1, 1.65, 17, 200, 270, 1
1, 1149, 1, 1.6, 3, 350, 135, 0
1, 1150, 1, 1.6, 3, 300, 225, 0
1, 1151, 1, 1.7, 25, 200, 135, 1
1, 1152, 1, 1.6, 4, 350, 0, 0
1, 1153, 1, 1.7, 30, 400, 180, 1
1, 1154, 1, 1.7, 24, 200, 180, 0
1, 1155, 1, 1.65, 18, 350, 90, 1
1, 1156, 1, 1.7, 26, 100, 270, 1
1, 1157, 1, 1.7, 30, 150, 45, 1
1, 1158, 1, 1.6, 4, 400, 270, 0
1, 1159, 1, 1.6, 5, 400, 90, 0
1, 1160, 1, 1.7, 23, 200, 225, 0
1, 1161, 1, 1.7, 27, 200, 135, 1
1, 1162, 1, 1.6, 7, 300, 180, 0
1, 1163, 1, 1.7, 29, 300, 45, 1
1, 1164, 0, 1.7, 238, NaN, NaN, 0
1, 1165, 1, 1.6, 3, 350, 90, 0
1, 1166, 0, 1.6, 106, NaN, NaN, 0
1, 1167, 1, 1.7, 24, 300, 45, 1
1, 1168, 1, 1.6, 10, 100, 45, 0
1, 1169, 1, 1.7, 27, 400, 0, 1
1, 1170, 1, 1.7, 26, 200, 225, 1
1, 1171, 1, 1.65, 13, 100, 0, 0
1, 1172, 1, 1.6, 9, 50, 225, 1
1, 1173, 1, 1.6, 5, 400, 45, 0
1, 1174, 1, 1.6, 8, 200, 315, 0
1, 1175, 1, 1.7, 25, 300, 315, 1
1, 1176, 0, 1.65, 131, NaN, NaN, 0
1, 1177, 1, 1.7, 29, 150, 90, 1
1, 1178, 1, 1.7, 28, 100, 270, 1
1, 1179, 1, 1.65, 13, 200, 90, 1
1, 1180, 1, 1.65, 17, 250, 135, 1
1, 1181, 1, 1.6, 8, 350, 225, 0
1, 1182, 0, 1.6, 83, NaN, NaN, 1
1, 1183, 1, 1.6, 1, 250, 45, 0
1, 1184, 1, 1.65, 11, 150, 45, 1
1, 1185, 1, 1.65, 13, 250, 135, 0
1, 1186, 1, 1.6, 8, 350, 270, 1
1, 1187, 1, 1.6, 1, 50, 225, 0
1, 1188, 0, 1.7, 301, NaN, NaN, 0
1, 1189, 1, 1.6, 9, 400, 315, 1
1, 1190, 1, 1.65, 17, 350, 180, 0
1, 1191, 1, 1.6, 7, 150, 315, 0
1, 1192, 1, 1.7, 29, 300, 180, 0
1, 1193, 0, 1.7, 265, NaN, NaN, 0
1, 1194, 1, 1.6, 10, 300, 135, 0
1, 1195, 1, 1.6, 2, 100, 270, 0
1, 1196, 1, 1.6, 2, 350, 45, 1
1, 1197, 1, 1.65, 19, 300, 315, 0
1, 1198, 1, 1.65, 15, 400, 45, 0
1, 1199, 1, 1.7, 23, 50, 270, 1
1, 1200, 1, 1.6, 3, 250, 180, 0
1, 1201, 1, 1.7, 26, 400, 225, 1
1, 1202, 0, 1.65, 180, NaN, NaN, 1
1, 1203, 1, 1.7, 29, 200, 225, 1
1, 1204, 1, 1.65, 14, 250, 45, 0
1, 1205, 1, 1.6, 1, 150, 0, 0
1, 1206, 1, 1.7, 22, 150, 0, 1
1, 1207, 1, 1.65, 14, 150, 180, 0
1, 1208, 1, 1.7, 27, 350, 45, 1
1, 1209, 1, 1.65, 14, 100, 225, 1
1, 1210, 1, 1.6, 2, 50, 270, 1
1, 1211, 1, 1.65, 13, 400, 180, 0
1, 1212, 1, 1.6, 5, 150, 225, 0
1, 1213, 1, 1.65, 16, 100, 225, 0
1, 1214, 0, 1.7, 243, NaN, NaN, 0
1, 1215, 1, 1.65, 15, 300, 180, 0
1, 1216, 1, 1.7, 30, 350, 45, 1
1, 1217, 1, 1.7, 30, 300, 225, 0
1, 1218, 1, 1.6, 9, 250, 270, 0
1, 1219, 0, 1.7, 260, NaN, NaN, 1
1, 1220, 1, 1.6, 5, 250, 270, 0
1, 1221, 1, 1.6, 10, 300, 270, 0
1, 1222, 1, 1.6, 1, 300, 90, 1
1, 1223, 0, 1.6, 59, NaN, NaN, 0
1, 1224, 0, 1.7, 255, NaN, NaN, 0
1, 1225, 1, 1.65, 18, 400, 0, 1
1, 1226, 1, 1.65, 12, 50, 90, 0
1, 1227, 1, 1.6, 3, 400, 225, 0
1, 1228, 1, 1.6, 6, 400, 90, 0
1, 1229, 1, 1.7, 26, 100, 135, 1
1, 1230, 1, 1.7, 23, 50, 315, 1
1, 1231, 1, 1.65, 14, 350, 180, 0
1, 1232, 1, 1.6, 3, 200, 45, 0
1, 1233, 0, 1.6, 81, NaN, NaN, 0
1, 1234, 1, 1.6, 1, 250, 315, 0
1, 1235, 1, 1.7, 27, 150, 0, 1
1, 1236, 1, 1.6, 7, 200, 135, 0
1, 1237, 0, 1.6, 93, NaN, NaN, 0
1, 1238, 0, 1.7, 254, NaN, NaN, 0
1, 1239, 1, 1.65, 11, 250, 135, 0
1, 1240, 1, 1.65, 13, 200, 270, 1
1, 1241, 1, 1.7, 29, 250, 0, 1
1, 1242, 1, 1.65, 15, 250, 270, 1
1, 1243, 1, 1.7, 26, 250, 90, 1
1, 1244, 1, 1.7, 28, 150, 0, 1
1, 1245, 1, 1.7, 26, 50, 135, 1
1, 1246, 1, 1.7, 23, 250, 135, 0
1, 1247, 1, 1.65, 19, 250, 0, 1
1, 1248, 0, 1.65, 159, NaN, NaN, 0
1, 1249, 1, 1.7, 28, 400, 225, 1
1, 1250, 1, 1.7, 21, 400, 225, 0
1, 1251, 1, 1.6, 4, 350, 45, 0
1, 1252, 0, 1.7, 309, NaN, NaN, 0
1, 1253, 0, 1.7, 295, NaN, NaN, 0
1, 1254, 1, 1.65, 16, 200, 180, 0
1, 1255, 1, 1.6, 1, 150, 270, 0
1, 1256, 1, 1.65, 13, 400, 225, 1
1, 1257, 1, 1.65, 14, 250, 135, 0
1, 1258, 1, 1.65, 14, 400, 90, 1
1, 1259, 1, 1.65, 18, 250, 315, 1
1, 1260, 1, 1.65, 16, 400, 270, 1
1, 1261, 1, 1.6, 1, 400, 90, 0
1, 1262, 0, 1.6, 36, NaN, NaN, 0
1, 1263, 1, 1.6, 3, 100, 270, 0
1, 1264, 1, 1.65, 11, 300, 225, 0
1, 1265, 1, 1.7, 28, 400, 0, 1
1, 1266, 1, 1.65, 18, 200, 225, 1
1, 1267, 1, 1.65, 16, 150, 90, 1
1, 1268, 1, 1.6, 10, 50, 270, 1
1, 1269, 1, 1.65, 13, 150, 90, 1
1, 1270, 1, 1.65, 17, 400, 45, 0
1, 1271, 1, 1.65, 19, 250, 90, 1
1, 1272, 1, 1.65, 15, 100, 315, 1
1, 1273, 1, 1.65, 14, 250, 270, 1
1, 1274, 1, 1.65, 18, 400, 180, 0
1, 1275, 1, 1.6, 10, 350, 90, 0
1, 1276, 1, 1.65, 20, 250, 45, 0
1, 1277, 1, 1.7, 30, 350, 270, 0
1, 1278, 1, 1.7, 23, 400, 90, 1
1, 1279, 0, 1.7, 318, NaN, NaN, 0
1, 1280, 1, 1.6, 5, 250, 315, 0
1, 1281, 1, 1.6, 9, 400, 270, 0
1, 1282, 0, 1.6, 125, NaN, NaN, 0
1, 1283, 1, 1.6, 10, 350, 135, 0
1, 1284, 0, 1.6, 91, NaN, NaN, 0
1, 1285, 1, 1.7, 27, 250, 180, 1
1, 1286, 1, 1.6, 6, 150, 135, 0
1, 1287, 1, 1.7, 29, 300, 135, 1
1, 1288, 1, 1.7, 27, 250, 0, 0
1, 1289, 1, 1.65, 12, 350, 225, 0
1, 1290, 0, 1.65, 167, NaN, NaN, 0
1, 1291, 1, 1.65, 12, 300, 225, 1
1, 1292, 0, 1.7, 229, NaN, NaN, 0
1, 1293, 1, 1.6, 5, 200, 135, 0
1, 1294, 1, 1.65, 14, 300, 90, 1
1, 1295, 1, 1.6, 3, 400, 45, 0
1, 1296, 0, 1.65, 145, NaN, NaN, 1
1, 1297, 0, 1.65, 130, NaN, NaN, 0
1, 1298, 0, 1.6, 43, NaN, NaN, 0
1, 1299, 1, 1.65, 14, 200, 0, 1
1, 1300, 1, 1.7, 24, 100, 315, 1
1, 1301, 1, 1.6, 6, 150, 225, 0
1, 1302, 0, 1.6, 122, NaN, NaN, 0
1, 1303, 1, 1.6, 1, 250, 225, 0
1, 1304, 1, 1.6, 9, 350, 180, 0
1, 1305, 1, 1.7, 25, 200, 180, 1
1, 1306, 1, 1.7, 23, 150, 270, 1
1, 1307, 0, 1.6, 85, NaN, NaN, 0
1, 1308, 0, 1.6, 52, NaN, NaN, 0
1, 1309, 1, 1.7, 24, 250, 225, 1
1, 1310, 1, 1.7, 27, 200, 45, 0
1, 1311, 1, 1.7, 27, 50, 0, 1
1, 1312, 1, 1.7, 29, 150, 135, 0
1, 1313, 1, 1.65, 12, 350, 315, 0
1, 1314, 1, 1.7, 21, 400, 45, 1
1, 1315, 1, 1.7, 23, 400, 270, 1
1, 1316, 1, 1.7, 26, 350, 135, 1
1, 1317, 1, 1.7, 23, 300, 45, 0
1, 1318, 1, 1.7, 24, 350, 90, 1
1, 1319, 1, 1.6, 10, 100, 90, 0
1, 1320, 1, 1.6, 3, 100, 180, 1
1, 1321, 0, 1.6, 84, NaN, NaN, 0
1, 1322, 0, 1.7, 284, NaN, NaN, 0
1, 1323, 1, 1.6, 5, 150, 135, 0
1, 1324, 0, 1.6, 80, NaN, NaN, 0
1, 1325, 1, 1.7, 23, 100, 135, 1
1, 1326, 1, 1.65, 13, 250, 90, 1
1, 1327, 0, 1.7, 292, NaN, NaN, 0
1, 1328, 1, 1.65, 17, 250, 90, 0
1, 1329, 1, 1.7, 22, 250, 0, 1
1, 1330, 1, 1.6, 7, 350, 45, 0
1, 1331, 1, 1.65, 17, 350, 0, 1
1, 1332, 1, 1.65, 12, 100, 180, 1
1, 1333, 0, 1.7, 303, NaN, NaN, 0
1, 1334, 1, 1.7, 26, 100, 180, 1
1, 1335, 1, 1.65, 16, 50, 180, 1
1, 1336, 1, 1.6, 7, 300, 315, 0
1, 1337, 1, 1.7, 28, 250, 45, 1
1, 1338, 1, 1.7, 30, 150, 315, 1
1, 1339, 1, 1.6, 8, 300, 90, 0
1, 1340, 1, 1.6, 2, 200, 315, 0
1, 1341, 1, 1.6, 1, 50, 315, 1
1, 1342, 1, 1.6, 5, 350, 45, 0
1, 1343, 1, 1.6, 3, 150, 45, 0
1, 1344, 1, 1.7, 29, 400, 315, 1
1, 1345, 1, 1.65, 18, 200, 135, 1
1, 1346, 1, 1.7, 30, 250, 315, 1
1, 1347, 1, 1.6, 10, 150, 90, 1
1, 1348, 1, 1.6, 3, 200, 135, 0
1, 1349, 1, 1.7, 25, 200, 45, 1
1, 1350, 1, 1.6, 2, 250, 90, 0
1, 1351, 1, 1.6, 7, 100, 225, 0
1, 1352, 1, 1.6, 7, 50, 270, 1
1, 1353, 1, 1.7, 28, 300, 225, 1
1, 1354, 1, 1.6, 8, 150, 90, 0
1, 1355, 1, 1.7, 26, 150, 90, 1
1, 1356, 1, 1.65, 15, 300, 315, 0
1, 1357, 1, 1.6, 1, 150, 135, 0
1, 1358, 1, 1.65, 18, 150, 225, 0
1, 1359, 1, 1.65, 16, 300, 90, 1
1, 1360, 1, 1.6, 3, 250, 225, 0
1, 1361, 1, 1.7, 30, 200, 0, 0
1, 1362, 1, 1.7, 24, 200, 90, 1
1, 1363, 1, 1.7, 29, 250, 315, 1
1, 1364, 1, 1.65, 19, 400, 315, 0
1, 1365, 1, 1.7, 29, 100, 180, 1
1, 1366, 1, 1.6, 10, 400, 180, 1
1, 1367, 1, 1.7, 28, 400, 90, 1
1, 1368, 1, 1.65, 13, 350, 45, 1
1, 1369, 1, 1.7, 22, 50, 135, 1
1, 1370, 1, 1.6, 6, 50, 270, 1
1, 1371, 0, 1.7, 274, NaN, NaN, 0
1, 1372, 1, 1.6, 4, 100, 315, 0
1, 1373, 1, 1.6, 10, 250, 270, 0
1, 1374, 1, 1.6, 6, 400, 225, 0
1, 1375, 1, 1.6, 8, 400, 90, 0
1, 1376, 1, 1.65, 19, 400, 270, 0
1, 1377, 0, 1.7, 311, NaN, NaN, 0
1, 1378, 1, 1.7, 25, 250, 45, 1
1, 1379, 1, 1.65, 14, 350, 135, 0
1, 1380, 1, 1.65, 20, 300, 90, 1
1, 1381, 1, 1.65, 19, 300, 225, 0
1, 1382, 1, 1.65, 16, 250, 45, 0
1, 1383, 1, 1.7, 22, 200, 135, 1
1, 1384, 1, 1.65, 19, 200, 315, 0
1, 1385, 1, 1.6, 7, 300, 90, 0
1, 1386, 1, 1.65, 18, 200, 315, 1
1, 1387, 0, 1.6, 107, NaN, NaN, 0
1, 1388, 1, 1.7, 28, 300, 45, 1
1, 1389, 1, 1.65, 20, 50, 45, 1
1, 1390, 1, 1.6, 6, 150, 90, 0
1, 1391, 1, 1.7, 25, 250, 270, 1
1, 1392, 1, 1.6, 8, 50, 0, 0
1, 1393, 1, 1.65, 11, 400, 225, 1
1, 1394, 1, 1.65, 14, 350, 270, 1
1, 1395, 0, 1.65, 155, NaN, NaN, 1
1, 1396, 1, 1.65, 11, 300, 180, 1
1, 1397, 1, 1.6, 3, 300, 135, 0
1, 1398, 1, 1.7, 27, 300, 45, 1
1, 1399, 1, 1.7, 22, 150, 180, 1
1, 1400, 1, 1.7, 21, 300, 315, 1
1, 1401, 1, 1.65, 17, 300, 0, 1
1, 1402, 1, 1.6, 6, 100, 225, 0
1, 1403, 1, 1.6, 2, 50, 0, 1
1, 1404, 1, 1.6, 1, 50, 270, 1
1, 1405, 1, 1.6, 6, 250, 0, 0
1, 1406, 1, 1.6, 7, 400, 90, 0
1, 1407, 1, 1.65, 11, 100, 90, 1
1, 1408, 1, 1.6, 7, 300, 135, 0
1, 1409, 1, 1.65, 12, 400, 225, 1
1, 1410, 1, 1.7, 22, 250, 180, 1
1, 1411, 1, 1.65, 14, 300, 225, 0
1, 1412, 1, 1.6, 7, 150, 45, 0
1, 1413, 0, 1.65, 211, NaN, NaN, 0
1, 1414, 1, 1.6, 9, 400, 45, 0
1, 1415, 1, 1.6, 1, 150, 45, 0
1, 1416, 1, 1.6, 10, 50, 315, 1
1, 1417, 1, 1.7, 27, 250, 225, 0
1, 1418, 1, 1.65, 13, 300, 135, 0
1, 1419, 1, 1.7, 23, 300, 270, 1
1, 1420, 1, 1.65, 19, 50, 180, 1
1, 1421, 1, 1.7, 29, 400, 135, 1
1, 1422, 1, 1.7, 30, 300, 315, 1
1, 1423, 1, 1.7, 30, 250, 45, 1
1, 1424, 1, 1.7, 23, 150, 225, 1
1, 1425, 1, 1.65, 20, 150, 0, 1
1, 1426, 1, 1.65, 11, 200, 90, 1
1, 1427, 1, 1.7, 22, 400, 270, 1
1, 1428, 1, 1.6, 2, 50, 225, 1
1, 1429, 1, 1.7, 25, 400, 180, 1
1, 1430, 1, 1.7, 26, 350, 315, 1
1, 1431, 1, 1.6, 9, 350, 225, 0
1, 1432, 1, 1.6, 5, 50, 270, 1
1, 1433, 0, 1.65, 185, NaN, NaN, 0
1, 1434, 1, 1.7, 30, 300, 180, 1
1, 1435, 1, 1.65, 20, 300, 45, 0
1, 1436, 1, 1.7, 29, 350, 45, 0
1, 1437, 0, 1.6, 53, NaN, NaN, 0
1, 1438, 1, 1.7, 25, 50, 315, 1
1, 1439, 1, 1.65, 18, 150, 45, 0
1, 1440, 1, 1.65, 11, 400, 45, 0
1, 1441, 1, 1.6, 4, 300, 315, 0
1, 1442, 1, 1.7, 24, 350, 0, 1
1, 1443, 1, 1.6, 2, 350, 225, 0
1, 1444, 1, 1.6, 10, 200, 270, 0
1, 1445, 1, 1.6, 4, 50, 225, 1
1, 1446, 0, 1.65, 203, NaN, NaN, 0
1, 1447, 1, 1.65, 17, 300, 315, 0
1, 1448, 1, 1.6, 4, 100, 90, 1
1, 1449, 1, 1.7, 28, 200, 0, 1
1, 1450, 1, 1.6, 7, 50, 90, 1
1, 1451, 1, 1.6, 10, 300, 0, 0
1, 1452, 1, 1.7, 27, 50, 90, 1
1, 1453, 1, 1.65, 14, 400, 270, 0
1, 1454, 1, 1.65, 17, 100, 315, 0
1, 1455, 1, 1.65, 13, 250, 0, 0
1, 1456, 1, 1.6, 2, 300, 0, 0
1, 1457, 1, 1.7, 21, 50, 0, 1
1, 1458, 1, 1.7, 24, 350, 270, 1
1, 1459, 1, 1.7, 30, 50, 45, 1
1, 1460, 0, 1.65, 178, NaN, NaN, 0
1, 1461, 1, 1.6, 4, 300, 90, 0
1, 1462, 1, 1.7, 22, 250, 270, 1
1, 1463, 1, 1.7, 29, 50, 315, 1
1, 1464, 1, 1.65, 18, 400, 270, 1
1, 1465, 0, 1.65, 217, NaN, NaN, 0
1, 1466, 1, 1.6, 5, 150, 270, 0
1, 1467, 1, 1.7, 25, 150, 0, 1
1, 1468, 1, 1.6, 7, 200, 90, 0
1, 1469, 0, 1.65, 138, NaN, NaN, 0
1, 1470, 1, 1.65, 16, 150, 315, 0
1, 1471, 1, 1.6, 2, 400, 90, 0
1, 1472, 1, 1.6, 6, 350, 0, 0
1, 1473, 1, 1.6, 4, 50, 90, 1
1, 1474, 1, 1.65, 15, 400, 0, 0
1, 1475, 1, 1.7, 22, 50, 225, 1
1, 1476, 1, 1.6, 1, 350, 270, 0
1, 1477, 1, 1.65, 16, 50, 135, 1
1, 1478, 1, 1.7, 28, 100, 90, 1
1, 1479, 1, 1.65, 20, 300, 0, 0
1, 1480, 1, 1.65, 19, 400, 225, 1
1, 1481, 1, 1.65, 11, 100, 135, 1
1, 1482, 0, 1.6, 121, NaN, NaN, 0
1, 1483, 1, 1.6, 8, 350, 90, 0
1, 1484, 1, 1.7, 28, 50, 45, 1
1, 1485, 1, 1.7, 24, 150, 135, 1
1, 1486, 1, 1.6, 4, 150, 180, 0
1, 1487, 1, 1.7, 21, 100, 315, 1
1, 1488, 1, 1.7, 29, 50, 0, 1
1, 1489, 1, 1.7, 27, 200, 0, 1
1, 1490, 1, 1.7, 27, 200, 270, 1
1, 1491, 1, 1.7, 30, 300, 135, 0
1, 1492, 0, 1.65, 146, NaN, NaN, 0
1, 1493, 1, 1.6, 2, 300, 90, 1
1, 1494, 1, 1.7, 22, 250, 135, 1
1, 1495, 1, 1.6, 9, 400, 90, 0
1, 1496, 1, 1.65, 14, 150, 135, 0
1, 1497, 1, 1.6, 7, 50, 315, 0
1, 1498, 1, 1.6, 9, 200, 45, 1
1, 1499, 1, 1.65, 11, 100, 180, 1
1, 1500, 1, 1.7, 27, 400, 90, 1
1, 1501, 1, 1.6, 3, 250, 270, 0
1, 1502, 1, 1.7, 23, 50, 90, 1
1, 1503, 1, 1.7, 30, 300, 45, 1
1, 1504, 1, 1.65, 16, 250, 270, 0
1, 1505, 0, 1.6, 97, NaN, NaN, 0
1, 1506, 0, 1.7, 242, NaN, NaN, 0
1, 1507, 1, 1.7, 21, 100, 45, 1
1, 1508, 1, 1.65, 12, 200, 225, 0
1, 1509, 1, 1.65, 19, 350, 135, 1
1, 1510, 1, 1.7, 23, 200, 135, 1
1, 1511, 1, 1.65, 18, 200, 270, 1
1, 1512, 1, 1.65, 20, 400, 315, 0
1, 1513, 1, 1.65, 14, 400, 45, 0
1, 1514, 1, 1.65, 14, 150, 315, 1
1, 1515, 1, 1.6, 8, 50, 315, 1
1, 1516, 1, 1.7, 26, 50, 225, 1
1, 1517, 1, 1.65, 16, 350, 225, 0
1, 1518, 1, 1.6, 1, 150, 315, 0
1, 1519, 1, 1.7, 23, 50, 45, 1
1, 1520, 1, 1.65, 15, 100, 0, 1
1, 1521, 1, 1.6, 6, 150, 45, 0
1, 1522, 0, 1.7, 306, NaN, NaN, 0
1, 1523, 1, 1.7, 25, 200, 90, 1
1, 1524, 1, 1.6, 2, 250, 315, 0
1, 1525, 1, 1.7, 24, 50, 180, 1
1, 1526, 1, 1.7, 26, 50, 0, 1
1, 1527, 1, 1.65, 20, 300, 180, 0
1, 1528, 1, 1.65, 16, 50, 45, 1
1, 1529, 1, 1.6, 9, 300, 135, 0
1, 1530, 1, 1.65, 12, 400, 270, 1
1, 1531, 1, 1.6, 8, 100, 90, 0
1, 1532, 1, 1.7, 25, 300, 225, 1
1, 1533, 1, 1.7, 24, 400, 45, 0
1, 1534, 1, 1.7, 26, 100, 0, 1
1, 1535, 1, 1.7, 21, 200, 270, 1
1, 1536, 1, 1.65, 16, 200, 135, 1
1, 1537, 1, 1.6, 4, 200, 315, 1
1, 1538, 1, 1.65, 20, 300, 270, 1
1, 1539, 0, 1.6, 67, NaN, NaN, 0
1, 1540, 1, 1.65, 11, 50, 315, 1
1, 1541, 0, 1.65, 209, NaN, NaN, 0
1, 1542, 1, 1.65, 13, 150, 135, 1
1, 1543, 1, 1.65, 20, 250, 0, 0
1, 1544, 0, 1.7, 228, NaN, NaN, 0
1, 1545, 1, 1.65, 19, 150, 225, 1
1, 1546, 1, 1.7, 30, 200, 135, 1
1, 1547, 1, 1.65, 12, 350, 270, 0
1, 1548, 1, 1.6, 1, 400, 315, 0
1, 1549, 1, 1.65, 19, 50, 270, 1
1, 1550, 0, 1.7, 231, NaN, NaN, 0
1, 1551, 1, 1.65, 11, 250, 225, 0
1, 1552, 1, 1.7, 29, 350, 90, 1
1, 1553, 1, 1.7, 30, 100, 135, 0
1, 1554, 1, 1.65, 14, 50, 45, 1
1, 1555, 1, 1.7, 22, 150, 225, 1
1, 1556, 1, 1.65, 18, 50, 90, 1
1, 1557, 1, 1.7, 27, 100, 135, 1
1, 1558, 1, 1.65, 17, 400, 90, 0
1, 1559, 1, 1.6, 1, 100, 45, 1
1, 1560, 1, 1.7, 26, 50, 45, 1
1, 1561, 1, 1.7, 23, 150, 315, 1
1, 1562, 0, 1.65, 188, NaN, NaN, 0
1, 1563, 1, 1.6, 2, 100, 225, 1
1, 1564, 1, 1.6, 4, 50, 135, 1
1, 1565, 1, 1.65, 16, 100, 315, 1
1, 1566, 1, 1.65, 16, 150, 45, 1
1, 1567, 1, 1.65, 14, 100, 90, 1
1, 1568, 1, 1.6, 8, 250, 315, 1
1, 1569, 1, 1.65, 18, 400, 90, 1
1, 1570, 1, 1.7, 28, 250, 315, 1
1, 1571, 1, 1.6, 5, 400, 270, 0
1, 1572, 1, 1.7, 28, 250, 180, 1
1, 1573, 0, 1.6, 87, NaN, NaN, 0
1, 1574, 1, 1.7, 21, 400, 315, 0
1, 1575, 1, 1.65, 18, 250, 270, 0
1, 1576, 0, 1.7, 283, NaN, NaN, 0
1, 1577, 1, 1.65, 17, 150, 45, 1
1, 1578, 1, 1.7, 30, 100, 225, 1
1, 1579, 0, 1.6, 111, NaN, NaN, 0
1, 1580, 0, 1.7, 285, NaN, NaN, 0
1, 1581, 1, 1.6, 4, 200, 45, 0
1, 1582, 1, 1.7, 27, 300, 0, 1
1, 1583, 1, 1.6, 6, 300, 225, 0
1, 1584, 1, 1.7, 27, 100, 45, 1
1, 1585, 1, 1.7, 28, 350, 180, 1
1, 1586, 0, 1.7, 287, NaN, NaN, 0
1, 1587, 1, 1.6, 5, 50, 0, 0
1, 1588, 1, 1.65, 20, 100, 315, 1
1, 1589, 1, 1.65, 11, 300, 90, 0
1, 1590, 1, 1.65, 11, 200, 0, 1
1, 1591, 1, 1.7, 27, 350, 135, 1
1, 1592, 1, 1.6, 1, 250, 270, 0
1, 1593, 1, 1.6, 8, 150, 135, 1
1, 1594, 1, 1.65, 12, 300, 45, 0
1, 1595, 1, 1.7, 23, 400, 135, 0
1, 1596, 0, 1.65, 157, NaN, NaN, 0
1, 1597, 1, 1.7, 21, 200, 315, 0
1, 1598, 0, 1.6, 116, NaN, NaN, 0
1, 1599, 1, 1.6, 6, 300, 315, 0
1, 1600, 1, 1.65, 12, 100, 270, 1
1, 1601, 0, 1.6, 104, NaN, NaN, 0
1, 1602, 1, 1.7, 29, 100, 315, 1
1, 1603, 1, 1.7, 22, 50, 90, 1
1, 1604, 0, 1.6, 74, NaN, NaN, 0
1, 1605, 1, 1.6, 4, 50, 270, 1
1, 1606, 1, 1.7, 30, 100, 315, 1
1, 1607, 0, 1.7, 277, NaN, NaN, 0
1, 1608, 1, 1.7, 24, 200, 270, 1
1, 1609, 1, 1.7, 21, 150, 180, 1
1, 1610, 1, 1.65, 15, 400, 135, 0
1, 1611, 1, 1.65, 18, 350, 180, 1
1, 1612, 1, 1.6, 6, 50, 0, 1
1, 1613, 1, 1.65, 15, 350, 270, 0
1, 1614, 1, 1.6, 9, 350, 135, 0
1, 1615, 1, 1.6, 6, 200, 225, 0
1, 1616, 1, 1.7, 27, 50, 225, 1
1, 1617, 1, 1.6, 2, 300, 135, 0
1, 1618, 1, 1.7, 28, 250, 225, 1
1, 1619, 1, 1.65, 20, 50, 135, 1
1, 1620, 1, 1.7, 29, 250, 135, 1
1, 1621, 1, 1.65, 11, 350, 0, 1
1, 1622, 1, 1.7, 22, 150, 135, 1
1, 1623, 1, 1.65, 16, 50, 315, 1
1, 1624, 1, 1.7, 23, 350, 0, 1
1, 1625, 1, 1.65, 15, 50, 180, 1
1, 1626, 1, 1.65, 11, 250, 90, 1
1, 1627, 1, 1.7, 21, 50, 225, 1
1, 1628, 1, 1.65, 17, 150, 0, 1
1, 1629, 1, 1.65, 11, 200, 315, 1
1, 1630, 1, 1.6, 6, 150, 180, 0
1, 1631, 1, 1.7, 24, 100, 180, 1
1, 1632, 1, 1.65, 16, 200, 270, 1
1, 1633, 1, 1.6, 5, 100, 0, 0
1, 1634, 1, 1.65, 20, 250, 90, 0
1, 1635, 0, 1.6, 65, NaN, NaN, 0
1, 1636, 1, 1.6, 7, 400, 0, 0
1, 1637, 0, 1.65, 151, NaN, NaN, 0
1, 1638, 1, 1.6, 6, 50, 45, 1
1, 1639, 1, 1.6, 2, 50, 45, 1
1, 1640, 1, 1.7, 29, 300, 90, 0
1, 1641, 1, 1.65, 16, 50, 270, 1
1, 1642, 1, 1.7, 24, 400, 0, 0
1, 1643, 1, 1.65, 17, 50, 180, 1
1, 1644, 1, 1.6, 3, 200, 315, 0
1, 1645, 1, 1.6, 5, 200, 180, 1
1, 1646, 1, 1.6, 5, 200, 315, 0
1, 1647, 1, 1.65, 16, 150, 0, 1
1, 1648, 1, 1.65, 17, 200, 135, 1
1, 1649, 1, 1.65, 19, 100, 90, 1
1, 1650, 1, 1.7, 27, 150, 180, 1
1, 1651, 1, 1.65, 16, 400, 135, 0
1, 1652, 1, 1.7, 30, 150, 90, 1
1, 1653, 1, 1.7, 29, 350, 315, 0
1, 1654, 1, 1.6, 1, 350, 135, 0
1, 1655, 0, 1.6, 112, NaN, NaN, 0
1, 1656, 1, 1.65, 15, 250, 45, 1
1, 1657, 1, 1.7, 29, 300, 315, 0
1, 1658, 0, 1.65, 148, NaN, NaN, 0
1, 1659, 1, 1.6, 4, 50, 315, 1
1, 1660, 1, 1.6, 2, 400, 0, 0
1, 1661, 1, 1.7, 23, 300, 90, 1
1, 1662, 1, 1.7, 27, 200, 90, 1
1, 1663, 0, 1.65, 171, NaN, NaN, 0
1, 1664, 1, 1.7, 29, 50, 270, 1
1, 1665, 1, 1.6, 4, 250, 315, 0
1, 1666, 1, 1.65, 18, 350, 135, 1
1, 1667, 1, 1.6, 4, 150, 135, 0
1, 1668, 1, 1.65, 18, 100, 270, 1
1, 1669, 1, 1.6, 2, 350, 270, 0
1, 1670, 1, 1.6, 7, 150, 225, 0
1, 1671, 1, 1.7, 23, 100, 0, 1
1, 1672, 1, 1.6, 3, 400, 180, 0
1, 1673, 1, 1.7, 29, 200, 270, 1
1, 1674, 1, 1.6, 5, 300, 0, 0
1, 1675, 0, 1.6, 51, NaN, NaN, 0
1, 1676, 1, 1.65, 20, 200, 135, 0
1, 1677, 1, 1.7, 30, 250, 270, 1
1, 1678, 1, 1.65, 20, 100, 90, 1
1, 1679, 1, 1.6, 5, 300, 135, 0
1, 1680, 1, 1.65, 15, 300, 45, 1
1, 1681, 1, 1.7, 25, 100, 135, 1
1, 1682, 1, 1.7, 27, 100, 90, 1
1, 1683, 0, 1.65, 184, NaN, NaN, 0
1, 1684, 1, 1.7, 28, 350, 135, 1
1, 1685, 1, 1.65, 19, 400, 180, 0
1, 1686, 1, 1.6, 7, 50, 225, 1
1, 1687, 1, 1.6, 8, 200, 180, 0
1, 1688, 1, 1.6, 2, 200, 90, 0
1, 1689, 1, 1.7, 29, 300, 270, 1
1, 1690, 1, 1.65, 15, 50, 45, 1
1, 1691, 1, 1.65, 12, 150, 90, 1
1, 1692, 1, 1.6, 4, 400, 180, 0
1, 1693, 1, 1.65, 12, 300, 135, 1
1, 1694, 1, 1.7, 25, 300, 0, 1
1, 1695, 1, 1.6, 2, 400, 315, 0
1, 1696, 1, 1.65, 14, 250, 225, 0
1, 1697, 1, 1.6, 3, 100, 90, 0
1, 1698, 1, 1.6, 8, 100, 135, 0
1, 1699, 1, 1.6, 9, 300, 225, 0
1, 1700, 0, 1.65, 196, NaN, NaN, 0
1, 1701, 1, 1.6, 6, 250, 315, 0
1, 1702, 1, 1.6, 8, 50, 135, 1
1, 1703, 1, 1.7, 28, 150, 270, 1
1, 1704, 1, 1.6, 10, 200, 0, 0
1, 1705, 1, 1.65, 11, 50, 90, 1
1, 1706, 1, 1.6, 9, 250, 0, 0
1, 1707, 1, 1.6, 1, 100, 180, 0
1, 1708, 1, 1.65, 11, 250, 180, 0
1, 1709, 1, 1.7, 21, 350, 0, 0
1, 1710, 1, 1.6, 3, 50, 270, 1
1, 1711, 1, 1.6, 5, 50, 45, 1
1, 1712, 1, 1.6, 2, 250, 135, 0
1, 1713, 1, 1.6, 9, 50, 0, 1
1, 1714, 1, 1.6, 8, 400, 180, 0
1, 1715, 0, 1.7, 308, NaN, NaN, 0
1, 1716, 0, 1.65, 201, NaN, NaN, 0
1, 1717, 0, 1.7, 279, NaN, NaN, 0
1, 1718, 1, 1.6, 2, 100, 315, 0
1, 1719, 1, 1.6, 4, 150, 270, 0
1, 1720, 1, 1.6, 8, 200, 0, 0
1, 1721, 1, 1.65, 12, 400, 135, 0
1, 1722, 1, 1.65, 13, 150, 180, 1
1, 1723, 1, 1.65, 18, 50, 315, 1
1, 1724, 1, 1.65, 13, 100, 315, 1
1, 1725, 1, 1.6, 3, 400, 135, 0
1, 1726, 1, 1.7, 26, 200, 90, 1
1, 1727, 1, 1.7, 26, 50, 270, 1
1, 1728, 1, 1.6, 1, 350, 315, 0
1, 1729, 0, 1.6, 40, NaN, NaN, 0
1, 1730, 0, 1.6, 66, NaN, NaN, 0
1, 1731, 1, 1.6, 9, 100, 270, 0
1, 1732, 1, 1.65, 16, 100, 270, 1
1, 1733, 1, 1.65, 13, 250, 45, 0
1, 1734, 1, 1.65, 20, 300, 225, 0
1, 1735, 1, 1.65, 20, 150, 180, 0
1, 1736, 0, 1.6, 45, NaN, NaN, 0
1, 1737, 1, 1.7, 29, 250, 225, 1
1, 1738, 1, 1.65, 11, 250, 270, 1
1, 1739, 1, 1.65, 17, 150, 180, 1
1, 1740, 1, 1.6, 2, 150, 45, 0
1, 1741, 1, 1.6, 6, 50, 180, 1
1, 1742, 1, 1.7, 23, 350, 180, 1
1, 1743, 0, 1.6, 48, NaN, NaN, 0
1, 1744, 1, 1.6, 2, 50, 315, 0
1, 1745, 0, 1.65, 173, NaN, NaN, 0
1, 1746, 1, 1.65, 14, 50, 315, 1
1, 1747, 1, 1.65, 11, 400, 180, 0
1, 1748, 1, 1.7, 22, 50, 0, 1
1, 1749, 1, 1.7, 29, 300, 0, 1
1, 1750, 1, 1.6, 4, 300, 180, 1
1, 1751, 1, 1.65, 15, 250, 225, 1
1, 1752, 1, 1.7, 22, 100, 225, 1
1, 1753, 1, 1.65, 14, 250, 180, 1
1, 1754, 1, 1.65, 18, 100, 135, 1
1, 1755, 1, 1.6, 10, 300, 180, 0
1, 1756, 0, 1.7, 256, NaN, NaN, 0
1, 1757, 1, 1.65, 11, 300, 135, 1
1, 1758, 1, 1.6, 1, 400, 270, 0
1, 1759, 1, 1.7, 25, 150, 135, 1
1, 1760, 1, 1.65, 17, 150, 225, 1
1, 1761, 1, 1.7, 29, 50, 180, 1
1, 1762, 0, 1.7, 291, NaN, NaN, 0
1, 1763, 1, 1.7, 22, 150, 45, 1
1, 1764, 1, 1.7, 29, 400, 225, 0
1, 1765, 1, 1.6, 10, 250, 90, 0
1, 1766, 1, 1.65, 18, 100, 90, 1
1, 1767, 0, 1.7, 248, NaN, NaN, 0
1, 1768, 1, 1.65, 17, 150, 135, 0
1, 1769, 1, 1.7, 30, 250, 0, 1
1, 1770, 1, 1.6, 10, 350, 270, 0
1, 1771, 1, 1.65, 17, 250, 0, 0
1, 1772, 1, 1.7, 26, 350, 45, 1
1, 1773, 1, 1.7, 25, 100, 180, 1
1, 1774, 1, 1.65, 15, 150, 180, 1
1, 1775, 1, 1.65, 11, 150, 315, 0
1, 1776, 1, 1.65, 17, 350, 90, 1
1, 1777, 1, 1.65, 16, 100, 0, 1
1, 1778, 1, 1.7, 27, 150, 45, 1
1, 1779, 1, 1.6, 6, 150, 315, 0
1, 1780, 1, 1.65, 11, 400, 0, 0
1, 1781, 0, 1.7, 271, NaN, NaN, 0
1, 1782, 0, 1.65, 169, NaN, NaN, 0
1, 1783, 1, 1.7, 25, 400, 315, 1
1, 1784, 1, 1.6, 4, 200, 90, 0
1, 1785, 1, 1.7, 25, 100, 90, 1
1, 1786, 1, 1.6, 3, 300, 0, 0
1, 1787, 1, 1.7, 30, 400, 270, 0
1, 1788, 1, 1.65, 17, 200, 45, 1
1, 1789, 1, 1.6, 8, 50, 225, 1
1, 1790, 1, 1.65, 14, 100, 270, 0
1, 1791, 0, 1.6, 114, NaN, NaN, 0
1, 1792, 1, 1.65, 19, 100, 180, 1
1, 1793, 1, 1.65, 14, 50, 0, 1
1, 1794, 1, 1.65, 17, 400, 135, 0
1, 1795, 1, 1.65, 16, 250, 90, 0
1, 1796, 1, 1.6, 10, 150, 45, 0
1, 1797, 1, 1.6, 4, 350, 135, 0
1, 1798, 1, 1.7, 25, 250, 180, 1
1, 1799, 1, 1.65, 19, 200, 225, 0
