participantNumber, trialNum, TargetPresent, beta, seed, r, phi, respose
2, 1, 0, 1.65, 134, NaN, NaN, 0
2, 2, 1, 1.6, 3, 300, 315, 1
2, 3, 1, 1.65, 18, 400, 90, 0
2, 4, 1, 1.6, 6, 200, 135, 0
2, 5, 1, 1.7, 25, 250, 315, 1
2, 6, 1, 1.6, 4, 350, 225, 0
2, 7, 1, 1.6, 3, 350, 180, 1
2, 8, 1, 1.7, 26, 200, 45, 0
2, 9, 1, 1.6, 8, 250, 180, 1
2, 10, 1, 1.6, 8, 200, 0, 0
2, 11, 0, 1.65, 160, NaN, NaN, 0
2, 12, 0, 1.6, 60, NaN, NaN, 0
2, 13, 0, 1.6, 54, NaN, NaN, 0
2, 14, 1, 1.6, 8, 400, 90, 0
2, 15, 1, 1.6, 6, 50, 0, 1
2, 16, 1, 1.65, 12, 150, 90, 0
2, 17, 1, 1.7, 21, 100, 315, 1
2, 18, 0, 1.7, 262, NaN, NaN, 0
2, 19, 1, 1.6, 9, 250, 270, 0
2, 20, 1, 1.6, 3, 400, 315, 0
2, 21, 1, 1.65, 16, 400, 225, 0
2, 22, 1, 1.6, 9, 150, 225, 0
2, 23, 1, 1.7, 27, 150, 45, 1
2, 24, 1, 1.6, 9, 200, 90, 0
2, 25, 1, 1.6, 7, 200, 135, 0
2, 26, 0, 1.7, 285, NaN, NaN, 0
2, 27, 1, 1.7, 19, 50, 135, -1
2, 28, 1, 1.65, 14, 50, 135, 1
2, 29, 1, 1.65, 15, 200, 315, 0
2, 30, 0, 1.7, 238, NaN, NaN, 0
2, 31, 1, 1.65, 14, 400, 225, 0
2, 32, 1, 1.65, 18, 150, 135, 0
2, 33, 1, 1.65, 14, 50, 180, 1
2, 34, 1, 1.6, 8, 100, 45, 0
2, 35, 1, 1.6, 3, 200, 315, 0
2, 36, 1, 1.7, 19, 100, 135, 1
2, 37, 1, 1.65, 10, 150, 225, 1
2, 38, 1, 1.65, 16, 400, 135, 1
2, 39, 1, 1.65, 12, 100, 90, 1
2, 40, 0, 1.7, 270, NaN, NaN, 0
2, 41, 1, 1.6, 1, 50, 270, 0
2, 42, 1, 1.6, 4, 200, 225, 0
2, 43, 1, 1.7, 20, 400, 315, 0
2, 44, 1, 1.7, 20, 200, 135, 1
2, 45, 1, 1.7, 26, 350, 225, 0
2, 46, 1, 1.6, 1, 350, 315, 0
2, 47, 1, 1.65, 10, 200, 315, 0
2, 48, 1, 1.7, 22, 300, 45, 0
2, 49, 1, 1.65, 13, 400, 45, 0
2, 50, 1, 1.6, 8, 250, 0, 0
2, 51, 0, 1.6, 94, NaN, NaN, 1
2, 52, 1, 1.7, 23, 300, 90, 1
2, 53, 1, 1.65, 18, 400, 225, 0
2, 54, 0, 1.7, 231, NaN, NaN, 0
2, 55, 1, 1.7, 24, 250, 45, 0
2, 56, 1, 1.6, 1, 100, 315, 0
2, 57, 1, 1.65, 16, 350, 180, 0
2, 58, 1, 1.65, 10, 50, 225, 1
2, 59, 1, 1.65, 14, 200, 90, 1
2, 60, 1, 1.7, 24, 350, 90, 1
2, 61, 1, 1.7, 24, 200, 225, 1
2, 62, 1, 1.6, 5, 350, 180, 0
2, 63, 1, 1.7, 26, 400, 45, 0
2, 64, 1, 1.7, 21, 50, 225, 1
2, 65, 1, 1.6, 1, 300, 225, 0
2, 66, 1, 1.65, 12, 300, 225, 0
2, 67, 1, 1.6, 4, 300, 270, 0
2, 68, 1, 1.7, 25, 300, 45, 1
2, 69, 1, 1.7, 24, 350, 180, 0
2, 70, 1, 1.7, 21, 200, 315, 1
2, 71, 1, 1.7, 19, 150, 45, 1
2, 72, 1, 1.65, 16, 150, 270, 0
2, 73, 1, 1.6, 8, 350, 180, 0
2, 74, 1, 1.6, 9, 250, 225, 0
2, 75, 1, 1.7, 22, 100, 90, 1
2, 76, 1, 1.65, 10, 100, 135, 1
2, 77, 1, 1.65, 14, 350, 315, 0
2, 78, 1, 1.6, 7, 250, 0, 1
2, 79, 1, 1.6, 3, 400, 225, 0
2, 80, 1, 1.65, 18, 350, 45, 0
2, 81, 1, 1.65, 18, 300, 270, 0
2, 82, 1, 1.7, 25, 150, 45, 1
2, 83, 1, 1.6, 7, 400, 135, 0
2, 84, 1, 1.7, 21, 200, 135, 0
2, 85, 1, 1.6, 1, 250, 90, 0
2, 86, 1, 1.65, 11, 300, 135, 0
2, 87, 1, 1.6, 7, 100, 315, 0
2, 88, 1, 1.7, 25, 50, 225, 1
2, 89, 1, 1.6, 4, 150, 45, 0
2, 90, 1, 1.7, 21, 250, 90, 1
2, 91, 1, 1.65, 11, 50, 135, 1
2, 92, 1, 1.7, 27, 150, 315, 1
2, 93, 1, 1.65, 12, 200, 90, 1
2, 94, 1, 1.6, 1, 350, 90, 1
2, 95, 0, 1.6, 33, NaN, NaN, 0
2, 96, 1, 1.65, 13, 250, 45, 1
2, 97, 1, 1.7, 26, 50, 315, 1
2, 98, 1, 1.65, 12, 350, 180, 0
2, 99, 1, 1.6, 8, 150, 90, 0
2, 100, 1, 1.6, 5, 250, 45, 0
2, 101, 1, 1.65, 18, 200, 135, 0
2, 102, 1, 1.7, 24, 200, 0, 1
2, 103, 1, 1.6, 1, 200, 225, 0
2, 104, 1, 1.6, 4, 50, 180, 0
2, 105, 1, 1.7, 23, 400, 270, 0
2, 106, 1, 1.6, 7, 150, 45, 0
2, 107, 1, 1.6, 4, 250, 90, 0
2, 108, 1, 1.6, 5, 150, 45, 1
2, 109, 1, 1.6, 8, 100, 180, 0
2, 110, 1, 1.6, 1, 300, 315, 0
2, 111, 1, 1.6, 4, 150, 315, 0
2, 112, 1, 1.6, 1, 200, 135, 0
2, 113, 1, 1.7, 27, 350, 0, 0
2, 114, 0, 1.6, 112, NaN, NaN, 0
2, 115, 1, 1.6, 6, 150, 270, 0
2, 116, 1, 1.65, 12, 100, 180, 1
2, 117, 0, 1.7, 226, NaN, NaN, 0
2, 118, 1, 1.65, 15, 50, 135, 1
2, 119, 1, 1.7, 23, 100, 270, 1
2, 120, 1, 1.65, 11, 300, 270, 1
2, 121, 1, 1.6, 8, 100, 270, 0
2, 122, 1, 1.7, 19, 250, 90, 1
2, 123, 0, 1.7, 204, NaN, NaN, 0
2, 124, 1, 1.65, 16, 300, 225, 0
2, 125, 1, 1.65, 12, 400, 315, 0
2, 126, 0, 1.7, 229, NaN, NaN, 0
2, 127, 1, 1.7, 25, 100, 45, 0
2, 128, 1, 1.6, 9, 150, 0, 0
2, 129, 1, 1.65, 18, 200, 0, 0
2, 130, 1, 1.7, 21, 150, 135, 0
2, 131, 1, 1.6, 8, 50, 270, 0
2, 132, 1, 1.65, 17, 100, 270, 1
2, 133, 0, 1.65, 131, NaN, NaN, 0
2, 134, 0, 1.65, 173, NaN, NaN, 0
2, 135, 1, 1.7, 23, 150, 45, 1
2, 136, 1, 1.65, 16, 50, 225, 1
2, 137, 1, 1.65, 11, 200, 180, 0
2, 138, 1, 1.65, 15, 100, 270, 1
2, 139, 1, 1.65, 12, 100, 270, 1
2, 140, 1, 1.6, 9, 300, 270, 1
2, 141, 1, 1.6, 8, 350, 225, 0
2, 142, 0, 1.6, 28, NaN, NaN, 0
2, 143, 1, 1.7, 23, 150, 180, 1
2, 144, 1, 1.7, 24, 50, 0, 1
2, 145, 0, 1.7, 218, NaN, NaN, 0
2, 146, 1, 1.6, 5, 200, 180, 0
2, 147, 1, 1.6, 5, 200, 0, 0
2, 148, 0, 1.65, 187, NaN, NaN, 0
2, 149, 1, 1.65, 15, 100, 225, 1
2, 150, 0, 1.7, 283, NaN, NaN, 0
2, 151, 0, 1.65, 141, NaN, NaN, 0
2, 152, 0, 1.7, 216, NaN, NaN, 0
2, 153, 1, 1.65, 18, 400, 270, 0
2, 154, 1, 1.6, 6, 200, 45, 0
2, 155, 1, 1.65, 14, 400, 45, 0
2, 156, 1, 1.6, 9, 300, 180, 0
2, 157, 1, 1.65, 12, 50, 90, 1
2, 158, 1, 1.6, 3, 100, 90, 0
2, 159, 1, 1.65, 11, 150, 45, 1
2, 160, 0, 1.6, 80, NaN, NaN, 0
2, 161, 1, 1.65, 11, 250, 180, 0
2, 162, 1, 1.65, 14, 150, 135, 0
2, 163, 1, 1.7, 21, 150, 270, 0
2, 164, 1, 1.65, 15, 350, 180, 0
2, 165, 1, 1.65, 10, 350, 45, 0
2, 166, 1, 1.7, 19, 350, 90, 1
2, 167, 1, 1.7, 27, 400, 180, 1
2, 168, 0, 1.65, 133, NaN, NaN, 0
2, 169, 1, 1.7, 23, 150, 0, 1
2, 170, 1, 1.7, 25, 250, 180, 0
2, 171, 1, 1.6, 8, 350, 315, 0
2, 172, 0, 1.7, 215, NaN, NaN, 1
2, 173, 1, 1.6, 2, 100, 45, 1
2, 174, 1, 1.65, 12, 350, 225, 0
2, 175, 0, 1.6, 113, NaN, NaN, 0
2, 176, 1, 1.6, 7, 150, 135, 0
2, 177, 0, 1.6, 48, NaN, NaN, 0
2, 178, 1, 1.7, 20, 150, 225, 1
2, 179, 1, 1.6, 9, 150, 270, 0
2, 180, 1, 1.6, 8, 250, 90, 0
2, 181, 1, 1.6, 6, 300, 135, 0
2, 182, 1, 1.65, 17, 350, 90, 0
2, 183, 1, 1.65, 14, 300, 270, 1
2, 184, 1, 1.6, 9, 300, 225, 0
2, 185, 1, 1.65, 12, 200, 270, 0
2, 186, 1, 1.65, 15, 250, 90, 1
2, 187, 1, 1.65, 12, 350, 270, 0
2, 188, 0, 1.65, 190, NaN, NaN, 0
2, 189, 1, 1.6, 3, 250, 135, 0
2, 190, 1, 1.65, 13, 200, 270, 1
2, 191, 1, 1.6, 2, 50, 180, 1
2, 192, 1, 1.7, 26, 50, 180, 1
2, 193, 0, 1.7, 240, NaN, NaN, 0
2, 194, 1, 1.6, 9, 150, 45, 0
2, 195, 1, 1.65, 10, 350, 270, 0
2, 196, 1, 1.6, 9, 300, 45, 0
2, 197, 1, 1.6, 8, 300, 0, 0
2, 198, 1, 1.6, 1, 50, 0, 0
2, 199, 1, 1.6, 5, 250, 135, 0
2, 200, 1, 1.7, 26, 250, 0, 1
2, 201, 1, 1.6, 1, 300, 180, 0
2, 202, 1, 1.7, 20, 300, 135, 0
2, 203, 1, 1.65, 11, 150, 135, 1
2, 204, 1, 1.6, 4, 300, 225, 0
2, 205, 0, 1.65, 129, NaN, NaN, 0
2, 206, 1, 1.6, 6, 50, 315, 1
2, 207, 1, 1.7, 25, 250, 225, 1
2, 208, 1, 1.6, 5, 100, 180, 0
2, 209, 1, 1.65, 11, 200, 225, 1
2, 210, 1, 1.6, 7, 100, 0, -1
2, 211, 1, 1.65, 15, 50, 180, 1
2, 212, 1, 1.6, 3, 250, 180, 0
2, 213, 0, 1.6, 59, NaN, NaN, 0
2, 214, 1, 1.6, 6, 400, 315, 0
2, 215, 1, 1.7, 27, 50, 90, 1
2, 216, 1, 1.7, 26, 300, 225, 0
2, 217, 1, 1.7, 19, 250, 135, 1
2, 218, 1, 1.7, 22, 350, 315, 0
2, 219, 1, 1.6, 4, 250, 180, 0
2, 220, 1, 1.65, 10, 250, 270, 0
2, 221, 1, 1.7, 24, 200, 315, 1
2, 222, 1, 1.6, 5, 400, 135, 0
2, 223, 0, 1.6, 30, NaN, NaN, 0
2, 224, 1, 1.6, 8, 300, 45, 0
2, 225, 0, 1.7, 234, NaN, NaN, 0
2, 226, 1, 1.6, 5, 150, 0, 1
2, 227, 1, 1.65, 13, 200, 90, 0
2, 228, 1, 1.6, 6, 400, 0, 0
2, 229, 1, 1.65, 17, 300, 0, 0
2, 230, 0, 1.65, 194, NaN, NaN, 0
2, 231, 0, 1.7, 236, NaN, NaN, 1
2, 232, 1, 1.7, 22, 150, 90, 1
2, 233, 1, 1.6, 4, 100, 225, 0
2, 234, 1, 1.65, 12, 150, 315, 0
2, 235, 1, 1.7, 23, 300, 270, 1
2, 236, 0, 1.7, 276, NaN, NaN, 0
2, 237, 1, 1.7, 22, 300, 225, 1
2, 238, 1, 1.65, 16, 50, 180, 1
2, 239, 1, 1.6, 2, 350, 225, 1
2, 240, 1, 1.6, 2, 100, 225, 0
2, 241, 1, 1.6, 1, 150, 0, 0
2, 242, 1, 1.6, 8, 50, 90, 1
2, 243, 1, 1.7, 27, 150, 180, 0
2, 244, 1, 1.7, 19, 300, 135, 1
2, 245, 1, 1.6, 7, 50, 180, 0
2, 246, 1, 1.7, 25, 150, 225, 1
2, 247, 1, 1.65, 12, 350, 0, 0
2, 248, 1, 1.7, 20, 150, 90, 1
2, 249, 1, 1.65, 18, 350, 0, 0
2, 250, 1, 1.7, 24, 250, 225, 1
2, 251, 0, 1.7, 200, NaN, NaN, 1
2, 252, 1, 1.65, 10, 50, 45, 1
2, 253, 1, 1.65, 13, 150, 180, 0
2, 254, 1, 1.7, 22, 200, 135, 0
2, 255, 1, 1.6, 1, 250, 45, 0
2, 256, 1, 1.65, 13, 150, 225, 0
2, 257, 1, 1.7, 19, 400, 225, 1
2, 258, 0, 1.7, 250, NaN, NaN, 0
2, 259, 0, 1.6, 62, NaN, NaN, 0
2, 260, 1, 1.65, 17, 350, 315, 0
2, 261, 1, 1.65, 14, 400, 180, 0
2, 262, 1, 1.7, 27, 250, 180, 0
2, 263, 1, 1.65, 13, 350, 90, 0
2, 264, 1, 1.6, 9, 400, 225, 1
2, 265, 1, 1.6, 5, 300, 225, 0
2, 266, 1, 1.7, 25, 300, 135, 0
2, 267, 1, 1.7, 26, 300, 270, 1
2, 268, 1, 1.7, 25, 100, 270, 1
2, 269, 1, 1.6, 1, 100, 45, 0
2, 270, 1, 1.6, 4, 100, 135, 0
2, 271, 1, 1.65, 11, 150, 180, 1
2, 272, 1, 1.7, 22, 200, 90, 1
2, 273, 1, 1.7, 21, 300, 315, 0
2, 274, 1, 1.65, 15, 300, 45, -1
2, 275, 1, 1.7, 19, 250, 45, 1
2, 276, 1, 1.7, 21, 100, 180, 1
2, 277, 1, 1.7, 22, 250, 180, 0
2, 278, 0, 1.6, 29, NaN, NaN, 0
2, 279, 1, 1.65, 11, 200, 45, -1
2, 280, 1, 1.65, 17, 350, 225, 1
2, 281, 1, 1.6, 7, 50, 270, 0
2, 282, 1, 1.7, 26, 100, 0, 1
2, 283, 1, 1.65, 16, 200, 270, 1
2, 284, 1, 1.6, 8, 400, 135, 0
2, 285, 1, 1.7, 20, 250, 0, 1
2, 286, 1, 1.6, 2, 150, 315, 1
2, 287, 1, 1.7, 21, 350, 0, 1
2, 288, 0, 1.7, 205, NaN, NaN, 1
2, 289, 1, 1.65, 13, 300, 135, 0
2, 290, 1, 1.6, 6, 100, 270, 1
2, 291, 1, 1.6, 8, 300, 180, 0
2, 292, 0, 1.6, 88, NaN, NaN, 0
2, 293, 1, 1.7, 27, 350, 135, 0
2, 294, 1, 1.6, 7, 350, 45, 0
2, 295, 1, 1.7, 27, 400, 225, 0
2, 296, 1, 1.6, 5, 100, 90, 1
2, 297, 1, 1.7, 19, 350, 180, 0
2, 298, 1, 1.7, 21, 350, 315, 0
2, 299, 1, 1.6, 9, 150, 90, 0
2, 300, 1, 1.65, 10, 150, 0, 0
2, 301, 0, 1.6, 78, NaN, NaN, 0
2, 302, 1, 1.65, 13, 100, 135, 0
2, 303, 1, 1.7, 21, 400, 90, 0
2, 304, 1, 1.6, 5, 350, 225, 0
2, 305, 1, 1.6, 1, 150, 45, 0
2, 306, 1, 1.65, 16, 300, 180, 0
2, 307, 1, 1.7, 26, 200, 180, 1
2, 308, 1, 1.6, 8, 400, 225, 0
2, 309, 1, 1.7, 21, 350, 45, 1
2, 310, 1, 1.7, 24, 350, 315, 1
2, 311, 1, 1.65, 18, 250, 90, 1
2, 312, 1, 1.65, 10, 150, 135, 0
2, 313, 1, 1.6, 3, 400, 270, 0
2, 314, 0, 1.7, 225, NaN, NaN, 0
2, 315, 0, 1.6, 67, NaN, NaN, 0
2, 316, 1, 1.7, 19, 400, 315, 0
2, 317, 1, 1.7, 24, 250, 135, 0
2, 318, 0, 1.65, 167, NaN, NaN, 0
2, 319, 0, 1.7, 232, NaN, NaN, 0
2, 320, 1, 1.6, 5, 400, 45, 0
2, 321, 0, 1.6, 85, NaN, NaN, 0
2, 322, 1, 1.65, 13, 50, 135, 1
2, 323, 1, 1.65, 11, 150, 90, 1
2, 324, 1, 1.6, 1, 200, 0, 0
2, 325, 1, 1.6, 3, 100, 180, 0
2, 326, 0, 1.7, 268, NaN, NaN, 0
2, 327, 1, 1.7, 21, 400, 270, 1
2, 328, 1, 1.7, 25, 400, 180, 1
2, 329, 0, 1.6, 71, NaN, NaN, 0
2, 330, 1, 1.7, 21, 200, 270, 0
2, 331, 1, 1.6, 6, 150, 225, 0
2, 332, 1, 1.7, 22, 400, 0, 1
2, 333, 1, 1.6, 1, 200, 315, 0
2, 334, 1, 1.65, 12, 200, 0, 1
2, 335, 1, 1.6, 4, 250, 45, 0
2, 336, 1, 1.7, 22, 400, 270, 1
2, 337, 1, 1.7, 27, 200, 135, 1
2, 338, 1, 1.6, 9, 50, 270, 1
2, 339, 0, 1.7, 211, NaN, NaN, 0
2, 340, 0, 1.6, 53, NaN, NaN, 0
2, 341, 1, 1.7, 21, 400, 135, 0
2, 342, 0, 1.7, 275, NaN, NaN, 0
2, 343, 1, 1.7, 23, 300, 45, 1
2, 344, 1, 1.6, 2, 250, 0, 0
2, 345, 1, 1.65, 10, 350, 225, 0
2, 346, 1, 1.7, 27, 50, 135, 1
2, 347, 1, 1.6, 6, 50, 90, 1
2, 348, 1, 1.7, 25, 150, 315, 1
2, 349, 1, 1.7, 26, 350, 135, 0
2, 350, 1, 1.6, 2, 150, 0, 1
2, 351, 1, 1.6, 7, 400, 180, 0
2, 352, 1, 1.6, 8, 150, 180, 0
2, 353, 1, 1.7, 27, 250, 270, 0
2, 354, 1, 1.7, 27, 200, 45, 1
2, 355, 1, 1.65, 16, 350, 90, 0
2, 356, 0, 1.65, 174, NaN, NaN, 0
2, 357, 0, 1.65, 163, NaN, NaN, 0
2, 358, 1, 1.7, 25, 200, 270, 1
2, 359, 1, 1.6, 9, 150, 135, 0
2, 360, 1, 1.7, 21, 150, 315, 1
2, 361, 1, 1.6, 5, 300, 90, 0
2, 362, 1, 1.6, 5, 100, 45, 0
2, 363, 1, 1.65, 11, 350, 315, 0
2, 364, 1, 1.65, 12, 350, 45, 1
2, 365, 1, 1.65, 15, 400, 225, 0
2, 366, 0, 1.7, 227, NaN, NaN, 0
2, 367, 1, 1.7, 20, 400, 45, 0
2, 368, 1, 1.7, 23, 400, 0, 1
2, 369, 1, 1.7, 25, 50, 0, 1
2, 370, 1, 1.65, 13, 250, 90, 1
2, 371, 1, 1.65, 12, 150, 180, 0
2, 372, 1, 1.6, 3, 350, 135, 0
2, 373, 1, 1.65, 16, 100, 315, 1
2, 374, 1, 1.6, 8, 50, 45, 1
2, 375, 1, 1.65, 10, 300, 180, 0
2, 376, 0, 1.7, 217, NaN, NaN, -1
2, 377, 1, 1.65, 10, 300, 135, 0
2, 378, 0, 1.6, 79, NaN, NaN, 0
2, 379, 1, 1.6, 8, 200, 225, 0
2, 380, 1, 1.6, 8, 250, 135, 0
2, 381, 1, 1.65, 12, 50, 135, 1
2, 382, 1, 1.7, 19, 200, 90, 1
2, 383, 1, 1.65, 10, 200, 225, 0
2, 384, 1, 1.7, 20, 250, 315, 1
2, 385, 1, 1.6, 3, 300, 180, 0
2, 386, 1, 1.65, 14, 150, 180, 0
2, 387, 1, 1.65, 18, 100, 180, 1
2, 388, 1, 1.6, 2, 300, 45, 0
2, 389, 1, 1.65, 12, 400, 135, 0
2, 390, 1, 1.6, 6, 250, 0, 0
2, 391, 1, 1.65, 11, 100, 0, 0
2, 392, 1, 1.6, 9, 50, 315, 0
2, 393, 1, 1.6, 5, 250, 180, 0
2, 394, 1, 1.6, 2, 300, 270, 0
2, 395, 1, 1.65, 16, 100, 270, 1
2, 396, 1, 1.7, 23, 300, 225, 1
2, 397, 1, 1.65, 17, 250, 45, 1
2, 398, 1, 1.7, 26, 250, 315, 1
2, 399, 1, 1.6, 7, 250, 225, 0
2, 400, 1, 1.7, 27, 100, 90, 1
2, 401, 1, 1.6, 6, 50, 180, 1
2, 402, 1, 1.65, 15, 200, 225, 1
2, 403, 1, 1.65, 15, 50, 315, 0
2, 404, 1, 1.6, 7, 250, 90, 1
2, 405, 1, 1.6, 7, 400, 315, 0
2, 406, 1, 1.6, 2, 300, 90, 1
2, 407, 1, 1.6, 8, 400, 45, 0
2, 408, 1, 1.65, 12, 400, 0, 0
2, 409, 1, 1.7, 19, 100, 90, 1
2, 410, 0, 1.65, 180, NaN, NaN, 0
2, 411, 1, 1.7, 22, 100, 315, 1
2, 412, 0, 1.7, 252, NaN, NaN, 0
2, 413, 1, 1.7, 20, 300, 90, 0
2, 414, 1, 1.6, 1, 100, 225, 0
2, 415, 1, 1.6, 6, 400, 270, 0
2, 416, 1, 1.7, 24, 400, 90, 1
2, 417, 1, 1.6, 6, 200, 270, 0
2, 418, 1, 1.6, 7, 400, 45, 0
2, 419, 1, 1.65, 10, 150, 45, 0
2, 420, 1, 1.7, 26, 250, 225, 0
2, 421, 1, 1.7, 22, 350, 180, 0
2, 422, 1, 1.65, 18, 350, 225, 0
2, 423, 1, 1.65, 13, 150, 270, 0
2, 424, 1, 1.7, 20, 300, 225, 0
2, 425, 1, 1.6, 4, 250, 270, 0
2, 426, 1, 1.65, 10, 250, 225, 0
2, 427, 1, 1.6, 1, 250, 225, 0
2, 428, 1, 1.7, 21, 250, 315, 1
2, 429, 1, 1.7, 23, 250, 180, 1
2, 430, 1, 1.65, 17, 150, 315, 1
2, 431, 1, 1.7, 24, 350, 45, 1
2, 432, 1, 1.65, 10, 400, 0, 1
2, 433, 1, 1.6, 6, 200, 90, 0
2, 434, 1, 1.7, 23, 350, 225, 0
2, 435, 1, 1.65, 18, 250, 45, 1
2, 436, 1, 1.6, 6, 150, 90, 0
2, 437, 1, 1.6, 1, 100, 0, 0
2, 438, 1, 1.65, 17, 200, 180, 0
2, 439, 1, 1.65, 11, 100, 135, 1
2, 440, 1, 1.6, 9, 100, 225, 1
2, 441, 1, 1.7, 26, 350, 180, 0
2, 442, 0, 1.6, 82, NaN, NaN, 0
2, 443, 1, 1.7, 23, 100, 315, 1
2, 444, 0, 1.7, 228, NaN, NaN, 0
2, 445, 1, 1.6, 1, 400, 270, 0
2, 446, 1, 1.65, 14, 300, 45, 0
2, 447, 0, 1.6, 108, NaN, NaN, 0
2, 448, 1, 1.6, 4, 200, 180, 0
2, 449, 1, 1.6, 2, 150, 270, 1
2, 450, 1, 1.65, 12, 150, 270, 0
2, 451, 1, 1.7, 19, 150, 135, 1
2, 452, 1, 1.65, 13, 50, 225, 1
2, 453, 1, 1.7, 21, 150, 0, 0
2, 454, 1, 1.6, 8, 250, 225, 0
2, 455, 1, 1.7, 23, 150, 90, 1
2, 456, 1, 1.65, 13, 250, 225, 0
2, 457, 1, 1.7, 20, 200, 270, 1
2, 458, 1, 1.65, 17, 350, 180, 0
2, 459, 1, 1.65, 18, 50, 45, 1
2, 460, 1, 1.6, 8, 200, 180, 0
2, 461, 1, 1.65, 18, 300, 45, 0
2, 462, 1, 1.65, 12, 250, 0, 1
2, 463, 1, 1.7, 26, 350, 315, 0
2, 464, 1, 1.65, 18, 400, 180, 0
2, 465, 1, 1.65, 13, 350, 225, 0
2, 466, 0, 1.65, 184, NaN, NaN, 0
2, 467, 1, 1.65, 18, 250, 270, 1
2, 468, 1, 1.7, 21, 250, 135, 1
2, 469, 1, 1.65, 11, 400, 225, 0
2, 470, 1, 1.65, 15, 350, 90, 0
2, 471, 1, 1.7, 20, 100, 45, 1
2, 472, 0, 1.65, 143, NaN, NaN, 0
2, 473, 1, 1.6, 4, 250, 315, 0
2, 474, 1, 1.65, 18, 300, 225, 0
2, 475, 1, 1.6, 9, 50, 225, 1
2, 476, 1, 1.7, 19, 300, 0, 0
2, 477, 1, 1.7, 26, 300, 315, 0
2, 478, 1, 1.65, 18, 50, 270, 1
2, 479, 1, 1.6, 9, 300, 90, 0
2, 480, 1, 1.7, 20, 300, 315, 0
2, 481, 1, 1.7, 26, 200, 315, 0
2, 482, 1, 1.7, 25, 300, 225, 1
2, 483, 1, 1.7, 20, 100, 225, 1
2, 484, 1, 1.6, 5, 400, 315, 0
2, 485, 1, 1.65, 15, 150, 135, 1
2, 486, 1, 1.6, 9, 250, 45, 0
2, 487, 1, 1.7, 26, 350, 45, 1
2, 488, 1, 1.7, 26, 150, 270, 1
2, 489, 1, 1.6, 5, 100, 315, 0
2, 490, 1, 1.6, 5, 50, 0, 1
2, 491, 1, 1.65, 12, 300, 135, 1
2, 492, 1, 1.7, 23, 50, 90, 1
2, 493, 1, 1.6, 1, 400, 315, 0
2, 494, 1, 1.6, 6, 300, 90, 1
2, 495, 1, 1.7, 22, 400, 45, 1
2, 496, 0, 1.7, 281, NaN, NaN, 0
2, 497, 1, 1.7, 19, 200, 180, 1
2, 498, 1, 1.6, 4, 350, 135, 0
2, 499, 1, 1.6, 3, 200, 180, 0
2, 500, 0, 1.7, 220, NaN, NaN, 0
2, 501, 1, 1.7, 27, 200, 0, 1
2, 502, 1, 1.7, 21, 250, 270, 0
2, 503, 1, 1.7, 25, 250, 45, 1
2, 504, 0, 1.7, 267, NaN, NaN, 0
2, 505, 1, 1.65, 13, 150, 0, -1
2, 506, 0, 1.7, 202, NaN, NaN, 0
2, 507, 0, 1.65, 150, NaN, NaN, 0
2, 508, 1, 1.7, 21, 250, 225, 0
2, 509, 1, 1.7, 25, 50, 45, 1
2, 510, 1, 1.65, 10, 250, 135, 0
2, 511, 1, 1.65, 18, 100, 135, 1
2, 512, 1, 1.6, 7, 250, 270, 0
2, 513, 1, 1.6, 9, 200, 135, 1
2, 514, 1, 1.7, 19, 50, 180, 1
2, 515, 0, 1.65, 179, NaN, NaN, 0
2, 516, 0, 1.6, 57, NaN, NaN, 0
2, 517, 1, 1.65, 12, 300, 0, 0
2, 518, 0, 1.6, 77, NaN, NaN, 0
2, 519, 1, 1.65, 13, 200, 135, 0
2, 520, 1, 1.65, 15, 50, 45, 1
2, 521, 1, 1.65, 15, 250, 315, 0
2, 522, 1, 1.65, 10, 300, 0, 1
2, 523, 1, 1.7, 27, 300, 180, 0
2, 524, 1, 1.65, 16, 100, 0, 1
2, 525, 0, 1.6, 64, NaN, NaN, 0
2, 526, 1, 1.65, 18, 250, 135, 0
2, 527, 1, 1.7, 26, 200, 225, 1
2, 528, 0, 1.6, 39, NaN, NaN, 0
2, 529, 1, 1.7, 23, 200, 315, 0
2, 530, 1, 1.6, 5, 250, 270, 0
2, 531, 1, 1.7, 19, 300, 90, 1
2, 532, 1, 1.7, 20, 50, 135, 1
2, 533, 1, 1.65, 14, 350, 0, 0
2, 534, 1, 1.6, 3, 300, 135, 0
2, 535, 1, 1.7, 27, 300, 0, 1
2, 536, 1, 1.65, 13, 50, 180, 1
2, 537, 1, 1.7, 22, 50, 315, 1
2, 538, 1, 1.7, 27, 250, 315, 1
2, 539, 1, 1.6, 4, 200, 315, 1
2, 540, 1, 1.6, 3, 150, 135, 0
2, 541, 0, 1.7, 282, NaN, NaN, 1
2, 542, 1, 1.65, 12, 150, 225, 1
2, 543, 1, 1.7, 27, 300, 225, 0
2, 544, 1, 1.65, 14, 350, 90, 0
2, 545, 1, 1.6, 3, 50, 90, 1
2, 546, 1, 1.7, 25, 400, 270, 0
2, 547, 1, 1.65, 12, 350, 315, 1
2, 548, 1, 1.65, 10, 200, 90, 1
2, 549, 1, 1.7, 19, 250, 225, 0
2, 550, 1, 1.6, 5, 400, 225, 0
2, 551, 1, 1.7, 27, 400, 270, 0
2, 552, 1, 1.6, 8, 200, 90, 0
2, 553, 1, 1.65, 14, 400, 270, 1
2, 554, 0, 1.65, 186, NaN, NaN, 0
2, 555, 1, 1.65, 17, 250, 0, 0
2, 556, 1, 1.7, 22, 350, 90, 0
2, 557, 1, 1.65, 12, 100, 45, 1
2, 558, 1, 1.65, 16, 400, 0, 0
2, 559, 1, 1.7, 23, 150, 270, 1
2, 560, 1, 1.6, 4, 100, 180, 0
2, 561, 1, 1.7, 20, 50, 90, 1
2, 562, 1, 1.6, 9, 350, 0, 0
2, 563, 1, 1.65, 12, 400, 270, 0
2, 564, 1, 1.65, 16, 350, 225, 0
2, 565, 1, 1.7, 20, 100, 315, 1
2, 566, 1, 1.7, 27, 300, 90, 1
2, 567, 1, 1.6, 5, 400, 180, 0
2, 568, 1, 1.7, 21, 200, 45, 1
2, 569, 0, 1.7, 222, NaN, NaN, 0
2, 570, 0, 1.65, 126, NaN, NaN, 0
2, 571, 1, 1.65, 14, 250, 180, 0
2, 572, 1, 1.7, 26, 150, 315, 1
2, 573, 1, 1.65, 13, 150, 90, 0
2, 574, 1, 1.7, 26, 100, 135, 1
2, 575, 1, 1.7, 22, 100, 270, 1
2, 576, 1, 1.7, 23, 250, 270, 0
2, 577, 0, 1.7, 272, NaN, NaN, 1
2, 578, 1, 1.65, 18, 250, 225, 0
2, 579, 0, 1.6, 31, NaN, NaN, 0
2, 580, 1, 1.6, 4, 300, 45, 0
2, 581, 1, 1.6, 5, 300, 180, 0
2, 582, 1, 1.6, 4, 350, 180, 0
2, 583, 1, 1.7, 27, 100, 270, 1
2, 584, 1, 1.65, 18, 100, 270, 1
2, 585, 0, 1.65, 139, NaN, NaN, 0
2, 586, 1, 1.65, 10, 350, 0, 0
2, 587, 1, 1.65, 18, 350, 135, 0
2, 588, 1, 1.65, 17, 100, 90, 1
2, 589, 0, 1.65, 154, NaN, NaN, 0
2, 590, 1, 1.6, 7, 150, 180, 1
2, 591, 1, 1.65, 10, 100, 90, 1
2, 592, 1, 1.7, 23, 100, 135, 1
2, 593, 1, 1.7, 21, 400, 45, 1
2, 594, 1, 1.7, 26, 200, 0, 1
2, 595, 1, 1.6, 1, 300, 270, 0
2, 596, 1, 1.65, 17, 150, 0, 1
2, 597, 1, 1.65, 18, 350, 180, 0
2, 598, 1, 1.6, 8, 250, 315, 1
2, 599, 1, 1.7, 20, 250, 135, 0
2, 600, 0, 1.65, 161, NaN, NaN, 0
2, 601, 1, 1.6, 4, 400, 45, 0
2, 602, 1, 1.7, 21, 150, 45, 1
2, 603, 1, 1.65, 16, 400, 270, 0
2, 604, 1, 1.65, 10, 250, 0, 1
2, 605, 1, 1.7, 20, 100, 180, 1
2, 606, 1, 1.65, 16, 100, 135, 1
2, 607, 1, 1.7, 19, 100, 315, 1
2, 608, 0, 1.65, 144, NaN, NaN, 0
2, 609, 0, 1.6, 44, NaN, NaN, 0
2, 610, 1, 1.6, 3, 50, 135, 1
2, 611, 1, 1.7, 21, 300, 270, 1
2, 612, 1, 1.7, 22, 300, 315, 1
2, 613, 1, 1.7, 26, 100, 90, 1
2, 614, 0, 1.65, 162, NaN, NaN, 0
2, 615, 1, 1.6, 3, 150, 315, 0
2, 616, 1, 1.6, 3, 400, 0, 0
2, 617, 1, 1.7, 25, 350, 90, -1
2, 618, 0, 1.7, 230, NaN, NaN, 0
2, 619, 1, 1.6, 7, 300, 315, 0
2, 620, 1, 1.6, 4, 100, 45, 0
2, 621, 1, 1.6, 1, 350, 135, 0
2, 622, 1, 1.65, 13, 250, 270, 0
2, 623, 1, 1.7, 22, 350, 135, 0
2, 624, 1, 1.65, 17, 50, 45, 1
2, 625, 1, 1.65, 13, 300, 90, 0
2, 626, 1, 1.7, 21, 300, 0, 0
2, 627, 1, 1.7, 26, 250, 45, 0
2, 628, 1, 1.6, 3, 150, 0, 0
2, 629, 0, 1.6, 34, NaN, NaN, 0
2, 630, 0, 1.7, 210, NaN, NaN, 0
2, 631, 1, 1.65, 16, 250, 315, 0
2, 632, 1, 1.7, 21, 100, 135, 0
2, 633, 1, 1.7, 25, 300, 90, 1
2, 634, 1, 1.6, 7, 350, 315, 0
2, 635, 1, 1.6, 8, 150, 225, 0
2, 636, 1, 1.65, 13, 300, 180, 0
2, 637, 1, 1.7, 24, 350, 0, 1
2, 638, 1, 1.7, 25, 200, 315, 1
2, 639, 1, 1.6, 3, 50, 315, 0
2, 640, 1, 1.6, 7, 300, 90, 0
2, 641, 1, 1.6, 2, 150, 180, 0
2, 642, 1, 1.6, 7, 100, 225, 1
2, 643, 1, 1.65, 11, 50, 0, 1
2, 644, 1, 1.7, 25, 300, 270, 0
2, 645, 1, 1.7, 27, 150, 0, 1
2, 646, 1, 1.7, 26, 50, 270, 1
2, 647, 1, 1.7, 24, 250, 270, 0
2, 648, 1, 1.65, 14, 200, 270, 1
2, 649, 1, 1.65, 15, 100, 135, 1
2, 650, 1, 1.7, 21, 200, 225, 0
2, 651, 1, 1.65, 14, 200, 180, 0
2, 652, 1, 1.65, 18, 150, 180, 0
2, 653, 1, 1.65, 12, 400, 180, 0
2, 654, 1, 1.6, 8, 350, 45, 0
2, 655, 0, 1.6, 38, NaN, NaN, 0
2, 656, 1, 1.6, 2, 250, 225, 0
2, 657, 1, 1.7, 24, 300, 0, 1
2, 658, 1, 1.6, 7, 150, 0, 0
2, 659, 1, 1.7, 19, 50, 90, 1
2, 660, 1, 1.65, 15, 400, 90, 1
2, 661, 0, 1.65, 138, NaN, NaN, 0
2, 662, 1, 1.7, 26, 400, 0, 0
2, 663, 1, 1.65, 16, 50, 315, 1
2, 664, 1, 1.65, 16, 150, 135, 1
2, 665, 1, 1.7, 25, 100, 225, 1
2, 666, 0, 1.65, 146, NaN, NaN, 0
2, 667, 1, 1.65, 16, 400, 90, 1
2, 668, 1, 1.65, 15, 250, 135, 0
2, 669, 1, 1.7, 19, 100, 180, 1
2, 670, 0, 1.7, 264, NaN, NaN, 0
2, 671, 1, 1.65, 15, 400, 315, 0
2, 672, 1, 1.6, 6, 350, 180, 0
2, 673, 1, 1.7, 24, 100, 270, 1
2, 674, 1, 1.65, 11, 300, 180, 1
2, 675, 0, 1.7, 245, NaN, NaN, 0
2, 676, 1, 1.6, 2, 150, 90, 0
2, 677, 1, 1.7, 21, 400, 315, 0
2, 678, 1, 1.7, 19, 350, 225, 0
2, 679, 1, 1.7, 24, 150, 90, 1
2, 680, 1, 1.6, 3, 100, 135, 0
2, 681, 1, 1.6, 2, 400, 90, 0
2, 682, 1, 1.6, 2, 200, 180, 0
2, 683, 1, 1.7, 23, 50, 0, 1
2, 684, 0, 1.7, 265, NaN, NaN, 0
2, 685, 1, 1.65, 14, 350, 45, 0
2, 686, 1, 1.65, 16, 100, 180, 1
2, 687, 1, 1.7, 20, 400, 135, 0
2, 688, 1, 1.7, 21, 200, 0, 1
2, 689, 0, 1.65, 128, NaN, NaN, 1
2, 690, 1, 1.7, 20, 150, 315, 1
2, 691, 1, 1.6, 7, 250, 45, 0
2, 692, 1, 1.7, 24, 400, 225, 0
2, 693, 1, 1.6, 5, 200, 270, 1
2, 694, 1, 1.6, 3, 150, 45, 0
2, 695, 1, 1.6, 2, 350, 0, 0
2, 696, 1, 1.7, 22, 150, 135, 1
2, 697, 1, 1.65, 15, 250, 0, 0
2, 698, 1, 1.7, 26, 100, 270, 1
2, 699, 1, 1.65, 17, 150, 270, 1
2, 700, 1, 1.6, 8, 100, 90, 1
2, 701, 1, 1.65, 12, 200, 135, 1
2, 702, 1, 1.6, 1, 250, 315, 1
2, 703, 1, 1.65, 10, 100, 225, 0
2, 704, 1, 1.6, 2, 200, 135, 0
2, 705, 1, 1.6, 4, 300, 0, 0
2, 706, 1, 1.6, 3, 200, 45, 0
2, 707, 1, 1.6, 8, 300, 90, 0
2, 708, 1, 1.65, 13, 200, 315, 0
2, 709, 1, 1.6, 2, 50, 270, 1
2, 710, 1, 1.65, 15, 350, 45, 0
2, 711, 1, 1.65, 12, 250, 90, 0
2, 712, 1, 1.65, 10, 250, 315, 0
2, 713, 1, 1.65, 13, 400, 0, 0
2, 714, 0, 1.65, 191, NaN, NaN, 0
2, 715, 1, 1.65, 13, 50, 270, 1
2, 716, 1, 1.7, 24, 50, 180, 1
2, 717, 1, 1.6, 7, 400, 90, 0
2, 718, 1, 1.6, 6, 150, 0, 0
2, 719, 1, 1.7, 24, 50, 135, 1
2, 720, 1, 1.65, 18, 50, 90, 1
2, 721, 0, 1.7, 223, NaN, NaN, 0
2, 722, 1, 1.65, 12, 200, 315, 1
2, 723, 1, 1.7, 26, 100, 45, 1
2, 724, 0, 1.65, 170, NaN, NaN, 0
2, 725, 1, 1.6, 8, 200, 315, 0
2, 726, 1, 1.6, 9, 200, 180, 1
2, 727, 1, 1.6, 3, 400, 90, 0
2, 728, 1, 1.7, 19, 50, 315, 1
2, 729, 1, 1.7, 25, 100, 135, 1
2, 730, 1, 1.7, 21, 50, 90, 1
2, 731, 1, 1.7, 23, 150, 135, 0
2, 732, 1, 1.6, 6, 150, 180, 0
2, 733, 1, 1.65, 15, 350, 135, 0
2, 734, 1, 1.65, 13, 300, 270, 0
2, 735, 1, 1.6, 6, 250, 315, 0
2, 736, 1, 1.6, 8, 350, 270, 0
2, 737, 1, 1.65, 15, 50, 0, 1
2, 738, 1, 1.65, 13, 350, 180, 0
2, 739, 1, 1.6, 6, 200, 315, 0
2, 740, 1, 1.65, 13, 350, 315, 0
2, 741, 1, 1.6, 4, 150, 225, 1
2, 742, 1, 1.7, 20, 150, 180, 0
2, 743, 1, 1.7, 27, 300, 135, 1
2, 744, 1, 1.6, 6, 400, 90, 0
2, 745, 1, 1.7, 22, 350, 45, 1
2, 746, 0, 1.6, 46, NaN, NaN, 0
2, 747, 1, 1.6, 2, 350, 90, 0
2, 748, 1, 1.6, 3, 350, 315, 0
2, 749, 1, 1.65, 15, 400, 0, 0
2, 750, 1, 1.65, 10, 400, 135, 1
2, 751, 1, 1.7, 20, 350, 90, 1
2, 752, 1, 1.6, 6, 350, 270, 0
2, 753, 1, 1.6, 4, 50, 315, 0
2, 754, 0, 1.7, 214, NaN, NaN, 0
2, 755, 1, 1.65, 16, 300, 315, 1
2, 756, 1, 1.65, 16, 250, 45, 0
2, 757, 1, 1.6, 9, 200, 225, 0
2, 758, 1, 1.7, 22, 200, 225, 1
2, 759, 1, 1.65, 15, 400, 180, 0
2, 760, 1, 1.6, 5, 150, 315, 0
2, 761, 0, 1.7, 239, NaN, NaN, 1
2, 762, 1, 1.7, 21, 200, 180, 0
2, 763, 1, 1.7, 27, 100, 45, -1
2, 764, 1, 1.65, 17, 100, 0, 0
2, 765, 1, 1.65, 13, 100, 270, 1
2, 766, 1, 1.6, 2, 250, 315, 0
2, 767, 1, 1.65, 14, 300, 180, 0
2, 768, 1, 1.65, 11, 100, 90, 1
2, 769, 1, 1.7, 24, 300, 225, 1
2, 770, 1, 1.65, 18, 200, 90, 1
2, 771, 1, 1.7, 27, 250, 135, 0
2, 772, 1, 1.65, 15, 300, 225, 0
2, 773, 1, 1.65, 17, 200, 225, 0
2, 774, 0, 1.65, 132, NaN, NaN, 0
2, 775, 1, 1.6, 1, 50, 90, 1
2, 776, 1, 1.6, 3, 250, 315, 0
2, 777, 0, 1.65, 153, NaN, NaN, 0
2, 778, 1, 1.7, 19, 200, 225, 0
2, 779, 1, 1.7, 20, 250, 270, 0
2, 780, 1, 1.65, 17, 200, 135, 0
2, 781, 1, 1.65, 14, 300, 315, 0
2, 782, 1, 1.6, 6, 300, 315, 0
2, 783, 1, 1.7, 27, 400, 0, 0
2, 784, 0, 1.7, 279, NaN, NaN, 0
2, 785, 0, 1.7, 259, NaN, NaN, 0
2, 786, 1, 1.7, 26, 200, 90, 1
2, 787, 1, 1.6, 1, 400, 135, 0
2, 788, 1, 1.65, 18, 150, 0, 0
2, 789, 0, 1.65, 197, NaN, NaN, 0
2, 790, 1, 1.65, 18, 200, 180, 0
2, 791, 1, 1.7, 23, 50, 270, 1
2, 792, 1, 1.7, 19, 100, 270, 1
2, 793, 1, 1.7, 23, 350, 45, 0
2, 794, 1, 1.7, 24, 250, 180, 0
2, 795, 1, 1.65, 15, 150, 0, 0
2, 796, 1, 1.65, 18, 200, 270, 0
2, 797, 1, 1.65, 10, 350, 90, 1
2, 798, 0, 1.7, 207, NaN, NaN, 1
2, 799, 1, 1.6, 2, 250, 135, 0
2, 800, 1, 1.7, 22, 400, 225, 0
2, 801, 0, 1.65, 166, NaN, NaN, 0
2, 802, 1, 1.6, 4, 50, 45, 1
2, 803, 1, 1.7, 21, 100, 90, 1
2, 804, 1, 1.6, 7, 100, 90, 1
2, 805, 1, 1.65, 11, 250, 0, 0
2, 806, 1, 1.6, 5, 150, 180, 0
2, 807, 1, 1.6, 4, 50, 90, 1
2, 808, 1, 1.65, 17, 250, 90, 0
2, 809, 1, 1.6, 7, 400, 225, 0
2, 810, 1, 1.7, 26, 50, 225, 1
2, 811, 1, 1.7, 25, 400, 90, 0
2, 812, 1, 1.65, 15, 250, 225, 0
2, 813, 0, 1.7, 237, NaN, NaN, 0
2, 814, 1, 1.65, 14, 150, 45, 0
2, 815, 1, 1.6, 2, 400, 135, 0
2, 816, 1, 1.7, 22, 100, 225, 1
2, 817, 1, 1.7, 27, 400, 90, 1
2, 818, 1, 1.7, 23, 250, 225, 1
2, 819, 1, 1.6, 3, 150, 180, 0
2, 820, 1, 1.6, 6, 400, 45, 0
2, 821, 1, 1.65, 12, 150, 135, 1
2, 822, 1, 1.65, 10, 250, 180, 1
2, 823, 1, 1.6, 6, 50, 135, 1
2, 824, 1, 1.7, 25, 250, 0, 0
2, 825, 1, 1.7, 24, 50, 225, 1
2, 826, 1, 1.6, 8, 300, 315, 0
2, 827, 1, 1.6, 5, 300, 45, 0
2, 828, 1, 1.6, 1, 150, 135, 0
2, 829, 1, 1.65, 15, 350, 315, 1
2, 830, 1, 1.65, 11, 250, 315, 0
2, 831, 1, 1.6, 9, 300, 315, 0
2, 832, 1, 1.65, 14, 300, 135, 0
2, 833, 1, 1.65, 16, 300, 90, 1
2, 834, 0, 1.6, 47, NaN, NaN, 0
2, 835, 1, 1.7, 20, 50, 315, 1
2, 836, 1, 1.7, 21, 250, 180, 0
2, 837, 1, 1.65, 10, 200, 0, 0
2, 838, 1, 1.6, 5, 50, 90, 1
2, 839, 1, 1.6, 1, 350, 0, 0
2, 840, 1, 1.7, 27, 100, 180, 1
2, 841, 0, 1.6, 101, NaN, NaN, 0
2, 842, 1, 1.7, 19, 250, 0, 1
2, 843, 1, 1.65, 15, 150, 180, 0
2, 844, 0, 1.7, 251, NaN, NaN, 0
2, 845, 1, 1.7, 26, 400, 270, 0
2, 846, 0, 1.6, 50, NaN, NaN, 0
2, 847, 1, 1.6, 6, 150, 135, 0
2, 848, 1, 1.6, 4, 150, 135, 0
2, 849, 1, 1.6, 1, 350, 180, 0
2, 850, 0, 1.7, 278, NaN, NaN, 0
2, 851, 1, 1.65, 18, 50, 0, 1
2, 852, 1, 1.65, 12, 400, 45, 0
2, 853, 1, 1.6, 2, 400, 225, 0
2, 854, 1, 1.7, 19, 400, 45, 1
2, 855, 1, 1.6, 7, 300, 135, 1
2, 856, 1, 1.7, 26, 50, 90, 1
2, 857, 1, 1.7, 25, 300, 0, 0
2, 858, 1, 1.65, 14, 200, 315, 0
2, 859, 1, 1.7, 24, 400, 180, 1
2, 860, 1, 1.65, 17, 50, 135, 1
2, 861, 1, 1.7, 27, 150, 225, 1
2, 862, 0, 1.6, 66, NaN, NaN, 0
2, 863, 1, 1.7, 24, 50, 90, 1
2, 864, 1, 1.6, 3, 250, 0, 0
2, 865, 1, 1.7, 24, 100, 315, 1
2, 866, 1, 1.65, 10, 100, 180, 1
2, 867, 1, 1.7, 23, 200, 270, 1
2, 868, 1, 1.65, 14, 150, 270, 1
2, 869, 1, 1.6, 6, 100, 45, 1
2, 870, 1, 1.7, 23, 150, 315, 1
2, 871, 1, 1.6, 8, 50, 180, 0
2, 872, 1, 1.65, 13, 150, 135, 1
2, 873, 1, 1.6, 5, 350, 0, 1
2, 874, 1, 1.6, 6, 300, 180, 0
2, 875, 1, 1.6, 1, 200, 90, 1
2, 876, 1, 1.7, 25, 350, 0, 0
2, 877, 1, 1.7, 21, 50, 180, 1
2, 878, 1, 1.65, 17, 350, 270, 1
2, 879, 1, 1.7, 27, 100, 0, 1
2, 880, 1, 1.6, 4, 400, 180, 0
2, 881, 1, 1.6, 5, 250, 0, 0
2, 882, 1, 1.7, 27, 50, 315, 1
2, 883, 0, 1.65, 192, NaN, NaN, 0
2, 884, 1, 1.7, 22, 400, 135, 0
2, 885, 1, 1.65, 12, 350, 90, 0
2, 886, 1, 1.6, 3, 250, 45, 0
2, 887, 1, 1.6, 8, 350, 0, 0
2, 888, 1, 1.65, 15, 350, 0, 0
2, 889, 1, 1.7, 23, 350, 270, 0
2, 890, 1, 1.7, 19, 250, 270, 1
2, 891, 1, 1.6, 6, 350, 90, 0
2, 892, 1, 1.65, 10, 50, 135, 1
2, 893, 1, 1.6, 2, 300, 0, 0
2, 894, 1, 1.7, 25, 100, 0, 1
2, 895, 1, 1.7, 25, 50, 315, 1
2, 896, 1, 1.6, 4, 200, 270, 0
2, 897, 1, 1.7, 25, 350, 270, 0
2, 898, 1, 1.7, 21, 100, 270, 1
2, 899, 1, 1.6, 2, 250, 270, 0
2, 900, 1, 1.7, 21, 400, 0, 0
2, 901, 1, 1.65, 14, 150, 225, 0
2, 902, 1, 1.65, 18, 350, 315, 0
2, 903, 1, 1.7, 20, 200, 180, 0
2, 904, 1, 1.6, 5, 250, 90, 0
2, 905, 1, 1.6, 1, 150, 180, 0
2, 906, 1, 1.7, 19, 200, 315, 1
2, 907, 0, 1.65, 178, NaN, NaN, 0
2, 908, 0, 1.6, 81, NaN, NaN, 0
2, 909, 1, 1.6, 4, 300, 180, 0
2, 910, 1, 1.7, 20, 350, 315, 1
2, 911, 1, 1.65, 12, 150, 0, 1
2, 912, 1, 1.65, 17, 100, 180, 1
2, 913, 1, 1.7, 22, 200, 0, 0
2, 914, 0, 1.7, 248, NaN, NaN, 0
2, 915, 1, 1.7, 24, 150, 180, -1
2, 916, 1, 1.7, 21, 150, 90, 0
2, 917, 1, 1.6, 3, 50, 225, 1
2, 918, 1, 1.6, 7, 100, 45, 0
2, 919, 1, 1.6, 3, 350, 225, 0
2, 920, 1, 1.7, 27, 200, 90, 1
2, 921, 1, 1.7, 20, 100, 0, 0
2, 922, 0, 1.7, 213, NaN, NaN, 0
2, 923, 1, 1.6, 9, 100, 315, 0
2, 924, 1, 1.7, 24, 350, 225, 1
2, 925, 1, 1.65, 11, 100, 315, 1
2, 926, 1, 1.6, 6, 200, 0, 1
2, 927, 1, 1.65, 11, 350, 45, 1
2, 928, 0, 1.7, 284, NaN, NaN, 0
2, 929, 1, 1.6, 5, 400, 90, 0
2, 930, 1, 1.65, 11, 50, 45, 1
2, 931, 0, 1.65, 158, NaN, NaN, 0
2, 932, 1, 1.7, 21, 100, 45, 1
2, 933, 1, 1.6, 7, 150, 315, 0
2, 934, 1, 1.7, 26, 300, 45, 1
2, 935, 1, 1.6, 3, 350, 270, 0
2, 936, 1, 1.7, 21, 350, 135, 0
2, 937, 0, 1.6, 89, NaN, NaN, 0
2, 938, 1, 1.65, 12, 250, 225, 0
2, 939, 1, 1.7, 22, 300, 0, 0
2, 940, 0, 1.6, 70, NaN, NaN, 0
2, 941, 1, 1.65, 11, 50, 225, 1
2, 942, 1, 1.65, 14, 350, 270, 0
2, 943, 1, 1.65, 12, 50, 180, 1
2, 944, 1, 1.6, 7, 200, 270, 0
2, 945, 1, 1.6, 3, 150, 90, 0
2, 946, 1, 1.6, 8, 200, 270, 0
2, 947, 1, 1.65, 17, 300, 135, 1
2, 948, 1, 1.65, 16, 350, 270, 0
2, 949, 1, 1.6, 9, 300, 135, 0
2, 950, 1, 1.7, 24, 300, 135, 0
2, 951, 1, 1.6, 1, 400, 225, 0
2, 952, 1, 1.65, 18, 150, 45, 0
2, 953, 1, 1.6, 7, 400, 0, 0
2, 954, 1, 1.6, 8, 150, 45, 0
2, 955, 1, 1.7, 19, 150, 270, 1
2, 956, 1, 1.7, 24, 400, 135, 0
2, 957, 1, 1.6, 7, 400, 270, 0
2, 958, 1, 1.7, 24, 50, 270, 1
2, 959, 1, 1.6, 7, 250, 180, 0
2, 960, 1, 1.7, 23, 100, 180, 1
2, 961, 1, 1.65, 10, 350, 180, 0
2, 962, 1, 1.65, 14, 400, 315, 0
2, 963, 1, 1.7, 27, 350, 180, 1
2, 964, 1, 1.6, 7, 200, 45, 0
2, 965, 1, 1.7, 27, 350, 90, 1
2, 966, 1, 1.6, 4, 50, 0, 0
2, 967, 0, 1.6, 110, NaN, NaN, 0
2, 968, 1, 1.65, 12, 400, 225, 1
2, 969, 1, 1.7, 25, 50, 270, 1
2, 970, 1, 1.6, 8, 400, 270, 0
2, 971, 1, 1.6, 7, 300, 225, 0
2, 972, 1, 1.7, 27, 100, 225, 1
2, 973, 1, 1.6, 9, 100, 270, 0
2, 974, 1, 1.6, 3, 100, 0, 0
2, 975, 1, 1.65, 13, 100, 225, 1
2, 976, 1, 1.6, 6, 50, 270, 0
2, 977, 1, 1.65, 14, 200, 0, 0
2, 978, 1, 1.7, 20, 250, 45, 0
2, 979, 1, 1.65, 13, 300, 45, 0
2, 980, 1, 1.7, 21, 300, 225, 0
2, 981, 1, 1.6, 2, 200, 45, 0
2, 982, 1, 1.65, 17, 350, 135, 0
2, 983, 0, 1.6, 97, NaN, NaN, 0
2, 984, 1, 1.65, 14, 100, 270, 0
2, 985, 1, 1.65, 12, 100, 315, 1
2, 986, 1, 1.6, 6, 250, 270, 0
2, 987, 1, 1.65, 12, 300, 90, 0
2, 988, 1, 1.7, 20, 150, 45, 1
2, 989, 1, 1.65, 17, 400, 90, 0
2, 990, 1, 1.65, 15, 350, 270, 0
2, 991, 1, 1.6, 2, 100, 90, 1
2, 992, 1, 1.65, 16, 150, 45, 0
2, 993, 1, 1.65, 11, 100, 45, 1
2, 994, 1, 1.6, 1, 300, 0, 0
2, 995, 1, 1.7, 22, 200, 180, 0
2, 996, 0, 1.65, 119, NaN, NaN, 0
2, 997, 0, 1.65, 140, NaN, NaN, 0
2, 998, 1, 1.6, 5, 400, 270, 0
2, 999, 1, 1.65, 14, 50, 0, 0
2, 1000, 1, 1.6, 7, 50, 225, 0
2, 1001, 1, 1.6, 3, 350, 90, 0
2, 1002, 1, 1.7, 26, 150, 0, 0
2, 1003, 1, 1.65, 14, 150, 0, 0
2, 1004, 1, 1.6, 4, 300, 135, 0
2, 1005, 1, 1.65, 17, 300, 180, 0
2, 1006, 1, 1.65, 16, 150, 90, 0
2, 1007, 0, 1.7, 266, NaN, NaN, 0
2, 1008, 1, 1.7, 23, 50, 180, 1
2, 1009, 1, 1.7, 19, 400, 135, 0
2, 1010, 1, 1.7, 19, 300, 315, 0
2, 1011, 1, 1.7, 22, 150, 45, 1
2, 1012, 1, 1.6, 7, 250, 135, 1
2, 1013, 1, 1.7, 25, 200, 225, 1
2, 1014, 1, 1.7, 23, 200, 225, 1
2, 1015, 1, 1.7, 27, 50, 270, 1
2, 1016, 1, 1.6, 8, 200, 135, 0
2, 1017, 1, 1.7, 24, 200, 90, 1
2, 1018, 1, 1.7, 22, 300, 180, 0
2, 1019, 1, 1.65, 14, 100, 135, 1
2, 1020, 1, 1.6, 2, 350, 45, 0
2, 1021, 1, 1.7, 23, 250, 45, 0
2, 1022, 1, 1.6, 2, 100, 315, 0
2, 1023, 1, 1.65, 16, 200, 135, 1
2, 1024, 1, 1.7, 25, 100, 180, 1
2, 1025, 1, 1.7, 24, 200, 270, 0
2, 1026, 1, 1.6, 7, 300, 0, 0
2, 1027, 1, 1.6, 2, 400, 0, 0
2, 1028, 1, 1.6, 7, 300, 270, 0
2, 1029, 1, 1.65, 18, 400, 315, 0
2, 1030, 1, 1.65, 16, 250, 225, 0
2, 1031, 1, 1.6, 5, 100, 135, 0
2, 1032, 1, 1.7, 22, 100, 135, 1
2, 1033, 0, 1.6, 107, NaN, NaN, 0
2, 1034, 1, 1.6, 9, 250, 90, 0
2, 1035, 1, 1.6, 9, 150, 180, 0
2, 1036, 1, 1.65, 17, 100, 45, 1
2, 1037, 1, 1.6, 8, 300, 135, 0
2, 1038, 1, 1.6, 2, 100, 0, 0
2, 1039, 0, 1.6, 93, NaN, NaN, 0
2, 1040, 1, 1.65, 13, 350, 0, 0
2, 1041, 1, 1.7, 27, 200, 315, 1
2, 1042, 1, 1.65, 13, 150, 315, 1
2, 1043, 1, 1.6, 4, 150, 90, 0
2, 1044, 1, 1.65, 16, 200, 225, 0
2, 1045, 1, 1.6, 2, 150, 225, 0
2, 1046, 1, 1.6, 3, 50, 45, 1
2, 1047, 1, 1.6, 8, 50, 135, 1
2, 1048, 1, 1.7, 24, 300, 270, 1
2, 1049, 1, 1.7, 21, 50, 45, 1
2, 1050, 1, 1.7, 21, 100, 225, 1
2, 1051, 0, 1.6, 92, NaN, NaN, 0
2, 1052, 1, 1.7, 25, 200, 180, 1
2, 1053, 1, 1.7, 25, 200, 135, 0
2, 1054, 1, 1.65, 11, 50, 90, 1
2, 1055, 0, 1.65, 177, NaN, NaN, 0
2, 1056, 1, 1.6, 7, 250, 315, 0
2, 1057, 1, 1.7, 26, 300, 180, 1
2, 1058, 1, 1.6, 2, 250, 45, 0
2, 1059, 1, 1.7, 25, 50, 180, 1
2, 1060, 1, 1.65, 11, 400, 180, 0
2, 1061, 1, 1.65, 10, 100, 0, 1
2, 1062, 1, 1.65, 11, 300, 225, 0
2, 1063, 1, 1.7, 20, 100, 270, 1
2, 1064, 1, 1.7, 19, 350, 270, 1
2, 1065, 1, 1.7, 26, 200, 135, -1
2, 1066, 1, 1.7, 20, 300, 45, 0
2, 1067, 1, 1.6, 1, 250, 270, 0
2, 1068, 1, 1.65, 16, 150, 225, 0
2, 1069, 1, 1.7, 19, 150, 0, 0
2, 1070, 1, 1.65, 12, 200, 180, 0
2, 1071, 1, 1.65, 11, 250, 135, 0
2, 1072, 1, 1.7, 23, 250, 135, 0
2, 1073, 1, 1.7, 25, 350, 180, 1
2, 1074, 1, 1.6, 4, 50, 135, 1
2, 1075, 1, 1.6, 9, 150, 315, 0
2, 1076, 1, 1.7, 26, 400, 135, 1
2, 1077, 1, 1.6, 6, 250, 180, 0
2, 1078, 0, 1.7, 257, NaN, NaN, 0
2, 1079, 1, 1.7, 25, 150, 90, 0
2, 1080, 1, 1.65, 16, 50, 135, 1
2, 1081, 1, 1.6, 8, 350, 90, 0
2, 1082, 1, 1.7, 23, 300, 0, 0
2, 1083, 1, 1.6, 5, 300, 135, 0
2, 1084, 1, 1.65, 18, 150, 315, 0
2, 1085, 1, 1.65, 13, 50, 315, 0
2, 1086, 1, 1.7, 23, 200, 90, 1
2, 1087, 1, 1.7, 20, 300, 270, 0
2, 1088, 1, 1.7, 21, 250, 0, 1
2, 1089, 1, 1.7, 19, 200, 135, 0
2, 1090, 1, 1.65, 17, 150, 180, 0
2, 1091, 1, 1.7, 24, 400, 270, 0
2, 1092, 1, 1.65, 15, 200, 45, 0
2, 1093, 1, 1.7, 27, 200, 270, 1
2, 1094, 0, 1.65, 182, NaN, NaN, 0
2, 1095, 1, 1.65, 16, 250, 135, 1
2, 1096, 0, 1.7, 233, NaN, NaN, 0
2, 1097, 1, 1.6, 4, 100, 90, 0
2, 1098, 1, 1.6, 1, 50, 45, 0
2, 1099, 1, 1.7, 22, 400, 315, 0
2, 1100, 1, 1.6, 7, 350, 225, 0
2, 1101, 1, 1.7, 27, 250, 0, 1
2, 1102, 1, 1.6, 9, 200, 0, 0
2, 1103, 1, 1.6, 1, 250, 0, 0
2, 1104, 1, 1.7, 19, 300, 45, 1
2, 1105, 1, 1.7, 26, 300, 90, 1
2, 1106, 1, 1.6, 7, 150, 270, 0
2, 1107, 0, 1.6, 76, NaN, NaN, 0
2, 1108, 1, 1.7, 26, 150, 180, 0
2, 1109, 1, 1.65, 12, 100, 0, 1
2, 1110, 1, 1.65, 14, 50, 270, 1
2, 1111, 0, 1.6, 65, NaN, NaN, 0
2, 1112, 1, 1.6, 3, 150, 270, 0
2, 1113, 1, 1.6, 9, 100, 0, 0
2, 1114, 1, 1.6, 3, 100, 225, 0
2, 1115, 1, 1.6, 9, 300, 0, 0
2, 1116, 1, 1.7, 26, 100, 315, 1
2, 1117, 1, 1.6, 9, 50, 135, 1
2, 1118, 0, 1.7, 212, NaN, NaN, 0
2, 1119, 1, 1.7, 22, 150, 0, 1
2, 1120, 0, 1.6, 104, NaN, NaN, 0
2, 1121, 1, 1.65, 18, 400, 45, 0
2, 1122, 1, 1.7, 20, 400, 180, 1
2, 1123, 1, 1.6, 3, 350, 45, 1
2, 1124, 1, 1.7, 22, 250, 45, 1
2, 1125, 1, 1.65, 12, 250, 315, 0
2, 1126, 1, 1.6, 2, 300, 315, 0
2, 1127, 1, 1.7, 23, 350, 0, 1
2, 1128, 1, 1.7, 24, 300, 180, 0
2, 1129, 1, 1.6, 7, 50, 90, 1
2, 1130, 1, 1.6, 6, 400, 180, 0
2, 1131, 1, 1.6, 9, 100, 45, 1
2, 1132, 1, 1.65, 14, 100, 315, 1
2, 1133, 0, 1.65, 188, NaN, NaN, 0
2, 1134, 1, 1.6, 1, 50, 135, 1
2, 1135, 1, 1.65, 17, 100, 135, 1
2, 1136, 1, 1.65, 15, 200, 0, 0
2, 1137, 0, 1.65, 168, NaN, NaN, 0
2, 1138, 1, 1.7, 21, 350, 270, 1
2, 1139, 1, 1.65, 10, 150, 90, 1
2, 1140, 1, 1.7, 19, 350, 45, 1
2, 1141, 0, 1.6, 95, NaN, NaN, 0
2, 1142, 1, 1.65, 18, 100, 90, 0
2, 1143, 1, 1.65, 15, 50, 270, 1
2, 1144, 1, 1.6, 4, 200, 135, 0
2, 1145, 1, 1.7, 22, 50, 0, 1
2, 1146, 1, 1.7, 27, 300, 270, 1
2, 1147, 1, 1.6, 2, 300, 225, 0
2, 1148, 1, 1.7, 20, 50, 180, 1
2, 1149, 1, 1.65, 12, 250, 180, 1
2, 1150, 1, 1.6, 9, 100, 180, 0
2, 1151, 1, 1.7, 24, 150, 270, 1
2, 1152, 0, 1.65, 156, NaN, NaN, 0
2, 1153, 1, 1.6, 5, 400, 0, 0
2, 1154, 0, 1.65, 155, NaN, NaN, 0
2, 1155, 0, 1.65, 189, NaN, NaN, 0
2, 1156, 1, 1.6, 4, 350, 45, 0
2, 1157, 1, 1.65, 17, 100, 315, 1
2, 1158, 1, 1.6, 6, 350, 45, 0
2, 1159, 1, 1.7, 25, 400, 225, 0
2, 1160, 1, 1.65, 10, 100, 270, 1
2, 1161, 1, 1.65, 15, 50, 225, 1
2, 1162, 1, 1.7, 20, 50, 270, 1
2, 1163, 1, 1.65, 11, 350, 90, 0
2, 1164, 1, 1.6, 5, 50, 270, 1
2, 1165, 1, 1.7, 21, 50, 0, 1
2, 1166, 1, 1.6, 7, 200, 180, 0
2, 1167, 1, 1.6, 2, 350, 135, 0
2, 1168, 1, 1.6, 3, 350, 0, 0
2, 1169, 0, 1.65, 157, NaN, NaN, 0
2, 1170, 1, 1.7, 21, 350, 225, 0
2, 1171, 1, 1.65, 15, 150, 270, 1
2, 1172, 1, 1.65, 14, 350, 225, 0
2, 1173, 0, 1.65, 152, NaN, NaN, 0
2, 1174, 1, 1.6, 3, 300, 45, 0
2, 1175, 1, 1.6, 2, 200, 90, 0
2, 1176, 1, 1.7, 25, 350, 135, 1
2, 1177, 1, 1.65, 14, 250, 225, 1
2, 1178, 1, 1.65, 10, 150, 315, 1
2, 1179, 1, 1.7, 23, 250, 315, 1
2, 1180, 1, 1.7, 25, 350, 45, 0
2, 1181, 1, 1.6, 4, 400, 270, 0
2, 1182, 1, 1.65, 16, 50, 45, 1
2, 1183, 1, 1.7, 20, 400, 90, 1
2, 1184, 1, 1.6, 1, 350, 45, 1
2, 1185, 1, 1.65, 11, 200, 270, 1
2, 1186, 1, 1.6, 5, 100, 270, 1
2, 1187, 1, 1.6, 3, 400, 45, 0
2, 1188, 1, 1.6, 2, 150, 135, 0
2, 1189, 0, 1.6, 68, NaN, NaN, 0
2, 1190, 1, 1.7, 21, 400, 180, 1
2, 1191, 1, 1.6, 4, 150, 0, 1
2, 1192, 0, 1.65, 120, NaN, NaN, 0
2, 1193, 1, 1.6, 7, 200, 90, 0
2, 1194, 1, 1.7, 21, 200, 90, 1
2, 1195, 1, 1.65, 16, 150, 315, 0
2, 1196, 1, 1.65, 13, 250, 135, 1
2, 1197, 0, 1.7, 221, NaN, NaN, 0
2, 1198, 0, 1.6, 100, NaN, NaN, 0
2, 1199, 0, 1.65, 164, NaN, NaN, 0
2, 1200, 1, 1.65, 13, 100, 180, 1
2, 1201, 1, 1.7, 27, 150, 90, 1
2, 1202, 1, 1.7, 25, 100, 315, 1
2, 1203, 1, 1.7, 22, 300, 90, 1
2, 1204, 0, 1.65, 124, NaN, NaN, 0
2, 1205, 1, 1.7, 19, 400, 270, 0
2, 1206, 1, 1.65, 13, 400, 135, 0
2, 1207, 1, 1.7, 27, 400, 315, 1
2, 1208, 1, 1.6, 5, 250, 315, 0
2, 1209, 0, 1.65, 121, NaN, NaN, 0
2, 1210, 1, 1.6, 9, 250, 180, 1
2, 1211, 1, 1.7, 24, 400, 45, 0
2, 1212, 1, 1.7, 21, 300, 45, 0
2, 1213, 1, 1.6, 7, 100, 270, 0
2, 1214, 1, 1.65, 16, 300, 0, 1
2, 1215, 1, 1.65, 12, 50, 225, 1
2, 1216, 0, 1.65, 183, NaN, NaN, 0
2, 1217, 1, 1.65, 15, 250, 180, 0
2, 1218, 1, 1.7, 22, 200, 315, 1
2, 1219, 1, 1.6, 2, 200, 225, 0
2, 1220, 1, 1.6, 1, 150, 270, 0
2, 1221, 1, 1.65, 18, 200, 45, 1
2, 1222, 1, 1.6, 3, 400, 180, 0
2, 1223, 0, 1.6, 69, NaN, NaN, 0
2, 1224, 1, 1.65, 12, 300, 315, 0
2, 1225, 1, 1.7, 23, 250, 90, 1
2, 1226, 1, 1.7, 25, 400, 135, 0
2, 1227, 1, 1.7, 22, 250, 225, 0
2, 1228, 1, 1.7, 24, 200, 180, 0
2, 1229, 1, 1.7, 24, 350, 270, 0
2, 1230, 1, 1.6, 3, 100, 315, 0
2, 1231, 1, 1.65, 17, 50, 270, 1
2, 1232, 1, 1.6, 5, 200, 225, 1
2, 1233, 1, 1.7, 25, 50, 90, 1
2, 1234, 1, 1.6, 4, 150, 180, 1
2, 1235, 1, 1.65, 10, 300, 225, 0
2, 1236, 0, 1.6, 56, NaN, NaN, 0
2, 1237, 1, 1.65, 10, 200, 45, 0
2, 1238, 1, 1.7, 24, 50, 45, 1
2, 1239, 1, 1.7, 22, 250, 135, 0
2, 1240, 1, 1.6, 5, 350, 315, 0
2, 1241, 1, 1.65, 18, 100, 225, 1
2, 1242, 1, 1.65, 15, 300, 90, 0
2, 1243, 1, 1.7, 27, 300, 315, 1
2, 1244, 1, 1.6, 9, 200, 270, 0
2, 1245, 1, 1.65, 18, 50, 225, 0
2, 1246, 1, 1.6, 4, 100, 0, 0
2, 1247, 1, 1.7, 25, 250, 135, 0
2, 1248, 0, 1.7, 209, NaN, NaN, 0
2, 1249, 1, 1.65, 16, 400, 315, 0
2, 1250, 1, 1.65, 16, 50, 0, 1
2, 1251, 1, 1.6, 8, 100, 225, 0
2, 1252, 0, 1.6, 90, NaN, NaN, 0
2, 1253, 1, 1.6, 3, 250, 225, 0
2, 1254, 1, 1.7, 19, 250, 180, 1
2, 1255, 1, 1.65, 17, 200, 90, 0
2, 1256, 1, 1.7, 20, 350, 180, 0
2, 1257, 0, 1.7, 254, NaN, NaN, 0
2, 1258, 1, 1.6, 1, 200, 270, 0
2, 1259, 0, 1.7, 208, NaN, NaN, 0
2, 1260, 1, 1.6, 2, 250, 90, 0
2, 1261, 1, 1.6, 6, 50, 225, 1
2, 1262, 1, 1.65, 14, 250, 0, 0
2, 1263, 1, 1.6, 1, 200, 45, 0
2, 1264, 1, 1.65, 11, 350, 270, 1
2, 1265, 1, 1.6, 2, 300, 135, 0
2, 1266, 1, 1.65, 10, 250, 45, 0
2, 1267, 1, 1.6, 7, 300, 180, 0
2, 1268, 1, 1.65, 13, 400, 270, 0
2, 1269, 1, 1.6, 2, 400, 270, 0
2, 1270, 1, 1.7, 22, 350, 0, 0
2, 1271, 1, 1.6, 4, 200, 90, 0
2, 1272, 1, 1.65, 16, 250, 180, 0
2, 1273, 1, 1.7, 24, 100, 225, 1
2, 1274, 1, 1.6, 5, 350, 45, 0
2, 1275, 1, 1.65, 15, 200, 270, 1
2, 1276, 0, 1.6, 75, NaN, NaN, 0
2, 1277, 1, 1.7, 26, 250, 180, 1
2, 1278, 1, 1.6, 2, 400, 45, 0
2, 1279, 1, 1.65, 17, 250, 270, 1
2, 1280, 1, 1.6, 4, 50, 225, 1
2, 1281, 1, 1.7, 24, 300, 90, 1
2, 1282, 1, 1.7, 19, 100, 225, 1
2, 1283, 1, 1.65, 14, 200, 225, 0
2, 1284, 1, 1.6, 1, 100, 180, 0
2, 1285, 1, 1.65, 18, 300, 315, 0
2, 1286, 1, 1.6, 3, 200, 135, 0
2, 1287, 1, 1.65, 15, 200, 180, 0
2, 1288, 0, 1.6, 55, NaN, NaN, 0
2, 1289, 1, 1.7, 19, 50, 0, 1
2, 1290, 0, 1.7, 244, NaN, NaN, 0
2, 1291, 1, 1.7, 23, 400, 180, 0
2, 1292, 1, 1.6, 9, 50, 90, 1
2, 1293, 1, 1.65, 15, 150, 225, 1
2, 1294, 1, 1.7, 24, 100, 0, 1
2, 1295, 1, 1.7, 25, 350, 315, 1
2, 1296, 1, 1.7, 23, 350, 315, 1
2, 1297, 1, 1.65, 14, 250, 90, 1
2, 1298, 1, 1.7, 26, 200, 270, 1
2, 1299, 1, 1.7, 20, 300, 180, 1
2, 1300, 0, 1.6, 61, NaN, NaN, 0
2, 1301, 0, 1.7, 249, NaN, NaN, 0
2, 1302, 1, 1.7, 23, 300, 315, 1
2, 1303, 1, 1.6, 6, 200, 225, 0
2, 1304, 1, 1.6, 4, 350, 90, 0
2, 1305, 1, 1.65, 12, 150, 45, 0
2, 1306, 0, 1.6, 42, NaN, NaN, 0
2, 1307, 1, 1.6, 2, 350, 315, 0
2, 1308, 1, 1.65, 17, 200, 270, 1
2, 1309, 0, 1.65, 176, NaN, NaN, 0
2, 1310, 1, 1.7, 19, 50, 45, 1
2, 1311, 1, 1.65, 13, 200, 180, 1
2, 1312, 1, 1.6, 9, 200, 315, 1
2, 1313, 1, 1.6, 6, 100, 315, 1
2, 1314, 1, 1.7, 19, 150, 315, 1
2, 1315, 1, 1.7, 22, 250, 315, 1
2, 1316, 0, 1.6, 91, NaN, NaN, 0
2, 1317, 1, 1.6, 6, 350, 0, 0
2, 1318, 1, 1.65, 10, 400, 270, 1
2, 1319, 1, 1.65, 11, 250, 270, 1
2, 1320, 1, 1.6, 2, 100, 270, 0
2, 1321, 1, 1.7, 20, 350, 0, 1
2, 1322, 1, 1.6, 5, 150, 225, 0
2, 1323, 1, 1.65, 17, 150, 90, 1
2, 1324, 1, 1.6, 6, 300, 0, 0
2, 1325, 1, 1.6, 8, 150, 135, 0
2, 1326, 1, 1.6, 9, 250, 315, 0
2, 1327, 1, 1.7, 23, 50, 45, 1
2, 1328, 1, 1.65, 11, 50, 315, 1
2, 1329, 1, 1.7, 26, 400, 225, 0
2, 1330, 1, 1.65, 16, 200, 0, 1
2, 1331, 1, 1.65, 10, 100, 315, 1
2, 1332, 1, 1.65, 15, 200, 90, 1
2, 1333, 1, 1.6, 7, 150, 225, 1
2, 1334, 1, 1.7, 22, 200, 45, 1
2, 1335, 1, 1.65, 13, 50, 0, 0
2, 1336, 1, 1.65, 11, 250, 45, 1
2, 1337, 1, 1.65, 15, 400, 135, 0
2, 1338, 1, 1.65, 10, 200, 135, 1
2, 1339, 0, 1.65, 171, NaN, NaN, 0
2, 1340, 1, 1.7, 22, 350, 225, 1
2, 1341, 1, 1.7, 22, 200, 270, 0
2, 1342, 1, 1.65, 15, 100, 180, 1
2, 1343, 1, 1.7, 24, 100, 135, 1
2, 1344, 1, 1.6, 2, 200, 315, 0
2, 1345, 0, 1.65, 130, NaN, NaN, 0
2, 1346, 1, 1.65, 10, 250, 90, 1
2, 1347, 1, 1.7, 27, 50, 45, 1
2, 1348, 1, 1.7, 23, 300, 180, 0
2, 1349, 1, 1.6, 1, 100, 135, 0
2, 1350, 1, 1.65, 18, 150, 90, 0
2, 1351, 1, 1.65, 16, 100, 90, 1
2, 1352, 1, 1.65, 13, 100, 45, 1
2, 1353, 1, 1.65, 11, 150, 225, 1
2, 1354, 0, 1.65, 136, NaN, NaN, 0
2, 1355, 1, 1.7, 21, 50, 135, 1
2, 1356, 0, 1.7, 235, NaN, NaN, 0
2, 1357, 1, 1.65, 16, 200, 90, 1
2, 1358, 1, 1.65, 18, 250, 0, 1
2, 1359, 1, 1.65, 13, 100, 90, 1
2, 1360, 1, 1.6, 4, 350, 0, 1
2, 1361, 1, 1.65, 17, 100, 225, 1
2, 1362, 1, 1.7, 27, 250, 45, 1
2, 1363, 0, 1.7, 247, NaN, NaN, 0
2, 1364, 1, 1.6, 1, 350, 225, 0
2, 1365, 1, 1.6, 4, 300, 315, 0
2, 1366, 1, 1.7, 26, 400, 180, 0
2, 1367, 1, 1.6, 3, 200, 225, 0
2, 1368, 1, 1.65, 14, 100, 0, 0
2, 1369, 1, 1.7, 24, 250, 90, 1
2, 1370, 1, 1.7, 19, 150, 225, 1
2, 1371, 1, 1.7, 24, 100, 180, 1
2, 1372, 1, 1.65, 14, 250, 315, 0
2, 1373, 1, 1.6, 8, 400, 0, 0
2, 1374, 1, 1.65, 16, 350, 315, 0
2, 1375, 1, 1.6, 9, 400, 90, 0
2, 1376, 1, 1.7, 24, 250, 0, 1
2, 1377, 0, 1.6, 99, NaN, NaN, 0
2, 1378, 1, 1.65, 18, 250, 315, 1
2, 1379, 1, 1.7, 27, 250, 90, 1
2, 1380, 1, 1.65, 11, 350, 225, 1
2, 1381, 1, 1.7, 26, 100, 225, 1
2, 1382, 1, 1.6, 2, 50, 135, 1
2, 1383, 1, 1.7, 24, 150, 45, 1
2, 1384, 1, 1.7, 21, 50, 315, 1
2, 1385, 1, 1.65, 11, 250, 225, 0
2, 1386, 1, 1.6, 8, 100, 315, 0
2, 1387, 1, 1.65, 17, 400, 270, 1
2, 1388, 1, 1.65, 17, 50, 225, 1
2, 1389, 1, 1.7, 27, 50, 180, 1
2, 1390, 1, 1.7, 22, 100, 180, 1
2, 1391, 1, 1.65, 14, 250, 135, 0
2, 1392, 1, 1.7, 21, 250, 45, 1
2, 1393, 0, 1.7, 242, NaN, NaN, 0
2, 1394, 1, 1.7, 27, 350, 315, 1
2, 1395, 1, 1.7, 19, 400, 180, 0
2, 1396, 1, 1.7, 19, 150, 90, 1
2, 1397, 1, 1.65, 13, 100, 0, 0
2, 1398, 1, 1.7, 20, 100, 90, 1
2, 1399, 1, 1.65, 17, 300, 270, 1
2, 1400, 1, 1.6, 9, 400, 45, 0
2, 1401, 1, 1.6, 9, 400, 315, 0
2, 1402, 1, 1.7, 24, 150, 315, 0
2, 1403, 1, 1.6, 8, 400, 315, 0
2, 1404, 1, 1.6, 8, 250, 270, 0
2, 1405, 1, 1.7, 20, 200, 225, 1
2, 1406, 1, 1.6, 7, 350, 0, 0
2, 1407, 1, 1.6, 6, 150, 45, 0
2, 1408, 1, 1.6, 6, 100, 225, 1
2, 1409, 1, 1.7, 23, 350, 180, 0
2, 1410, 1, 1.6, 7, 350, 270, 1
2, 1411, 1, 1.7, 26, 100, 180, 1
2, 1412, 1, 1.7, 21, 350, 90, 1
2, 1413, 1, 1.7, 24, 300, 315, 0
2, 1414, 1, 1.65, 18, 400, 0, 0
2, 1415, 1, 1.6, 3, 150, 225, 0
2, 1416, 1, 1.6, 3, 300, 90, 0
2, 1417, 1, 1.65, 11, 200, 315, 0
2, 1418, 1, 1.7, 23, 150, 225, 1
2, 1419, 1, 1.6, 6, 400, 135, 0
2, 1420, 1, 1.7, 19, 250, 315, 0
2, 1421, 1, 1.6, 3, 200, 90, 1
2, 1422, 1, 1.65, 17, 50, 0, 1
2, 1423, 1, 1.65, 18, 100, 315, 1
2, 1424, 1, 1.7, 22, 300, 270, 1
2, 1425, 1, 1.6, 9, 250, 0, 0
2, 1426, 1, 1.65, 15, 300, 180, 0
2, 1427, 1, 1.7, 23, 50, 135, 1
2, 1428, 1, 1.7, 19, 200, 270, 1
2, 1429, 1, 1.65, 14, 400, 90, 1
2, 1430, 0, 1.65, 196, NaN, NaN, 0
2, 1431, 1, 1.65, 14, 350, 180, 1
2, 1432, 1, 1.65, 16, 350, 0, 0
2, 1433, 1, 1.6, 2, 50, 315, 0
2, 1434, 1, 1.6, 8, 100, 0, 1
2, 1435, 1, 1.7, 23, 200, 45, 1
2, 1436, 1, 1.7, 23, 400, 315, 0
2, 1437, 1, 1.7, 24, 150, 0, 1
2, 1438, 1, 1.7, 20, 200, 0, 0
2, 1439, 1, 1.65, 10, 200, 180, 1
2, 1440, 0, 1.7, 263, NaN, NaN, 0
2, 1441, 1, 1.7, 22, 150, 225, 1
2, 1442, 0, 1.65, 193, NaN, NaN, 0
2, 1443, 1, 1.65, 16, 100, 225, 1
2, 1444, 1, 1.6, 7, 200, 315, 0
2, 1445, 1, 1.7, 27, 350, 45, 1
2, 1446, 1, 1.65, 17, 350, 45, 0
2, 1447, 1, 1.65, 17, 300, 90, 1
2, 1448, 1, 1.6, 9, 50, 45, 1
2, 1449, 1, 1.7, 20, 250, 90, 1
2, 1450, 1, 1.65, 14, 50, 315, 1
2, 1451, 1, 1.7, 20, 200, 315, 1
2, 1452, 1, 1.65, 11, 200, 0, 0
2, 1453, 1, 1.6, 7, 50, 0, 0
2, 1454, 1, 1.6, 9, 50, 180, 1
2, 1455, 1, 1.6, 3, 200, 270, 0
2, 1456, 0, 1.65, 199, NaN, NaN, 1
2, 1457, 0, 1.6, 45, NaN, NaN, 0
2, 1458, 0, 1.65, 118, NaN, NaN, 0
2, 1459, 0, 1.65, 165, NaN, NaN, 1
2, 1460, 0, 1.7, 241, NaN, NaN, 0
2, 1461, 1, 1.7, 27, 150, 135, 1
2, 1462, 1, 1.65, 10, 350, 315, 0
2, 1463, 1, 1.65, 13, 400, 315, 0
2, 1464, 1, 1.7, 25, 50, 135, 1
2, 1465, 1, 1.6, 1, 200, 180, 0
2, 1466, 1, 1.7, 22, 50, 180, 1
2, 1467, 1, 1.65, 11, 400, 135, 0
2, 1468, 1, 1.65, 12, 50, 0, 1
2, 1469, 1, 1.6, 7, 200, 225, 0
2, 1470, 0, 1.65, 116, NaN, NaN, 0
2, 1471, 1, 1.7, 19, 350, 135, 0
2, 1472, 0, 1.7, 274, NaN, NaN, 0
2, 1473, 1, 1.65, 11, 100, 225, 1
2, 1474, 1, 1.6, 7, 50, 135, 0
2, 1475, 1, 1.65, 18, 300, 90, 1
2, 1476, 1, 1.65, 11, 350, 0, 0
2, 1477, 1, 1.7, 26, 150, 45, 1
2, 1478, 1, 1.7, 25, 350, 225, 1
2, 1479, 1, 1.6, 1, 150, 90, 0
2, 1480, 1, 1.6, 3, 100, 45, 0
2, 1481, 1, 1.65, 17, 50, 315, 1
2, 1482, 0, 1.6, 103, NaN, NaN, 1
2, 1483, 1, 1.6, 2, 300, 180, 0
2, 1484, 1, 1.7, 26, 400, 90, 1
2, 1485, 0, 1.65, 117, NaN, NaN, 0
2, 1486, 1, 1.7, 20, 50, 45, 1
2, 1487, 1, 1.6, 6, 300, 45, 1
2, 1488, 1, 1.6, 6, 250, 135, 0
2, 1489, 1, 1.7, 27, 50, 0, 1
2, 1490, 1, 1.7, 20, 100, 135, 1
2, 1491, 1, 1.6, 1, 250, 135, 0
2, 1492, 1, 1.6, 9, 350, 270, 1
2, 1493, 1, 1.65, 12, 200, 45, 0
2, 1494, 1, 1.65, 15, 300, 315, 0
2, 1495, 1, 1.6, 6, 350, 225, 1
2, 1496, 0, 1.6, 52, NaN, NaN, 0
2, 1497, 1, 1.6, 8, 400, 180, 0
2, 1498, 0, 1.6, 74, NaN, NaN, 0
2, 1499, 1, 1.6, 7, 200, 0, 0
2, 1500, 1, 1.6, 2, 350, 180, 0
2, 1501, 1, 1.65, 16, 200, 45, 1
2, 1502, 1, 1.6, 4, 400, 315, 0
2, 1503, 1, 1.65, 11, 400, 270, 0
2, 1504, 1, 1.65, 11, 200, 90, 1
2, 1505, 1, 1.6, 6, 100, 0, 0
2, 1506, 1, 1.6, 2, 50, 45, 1
2, 1507, 1, 1.6, 8, 300, 270, 0
2, 1508, 1, 1.65, 13, 400, 180, 0
2, 1509, 1, 1.65, 10, 50, 270, 1
2, 1510, 1, 1.6, 3, 300, 225, 0
2, 1511, 1, 1.6, 1, 400, 45, 0
2, 1512, 1, 1.6, 5, 50, 225, 1
2, 1513, 1, 1.6, 9, 400, 270, 0
2, 1514, 0, 1.6, 35, NaN, NaN, 0
2, 1515, 1, 1.65, 11, 50, 180, 1
2, 1516, 1, 1.6, 4, 200, 0, 0
2, 1517, 1, 1.7, 22, 50, 135, 1
2, 1518, 1, 1.7, 22, 350, 270, 0
2, 1519, 1, 1.7, 23, 100, 0, 1
2, 1520, 1, 1.7, 25, 200, 0, 1
2, 1521, 1, 1.7, 26, 50, 45, -1
2, 1522, 1, 1.6, 1, 150, 225, 0
2, 1523, 0, 1.65, 198, NaN, NaN, 0
2, 1524, 1, 1.6, 6, 350, 315, 0
2, 1525, 1, 1.7, 27, 400, 45, 1
2, 1526, 1, 1.7, 22, 100, 0, 1
2, 1527, 1, 1.7, 19, 150, 180, 1
2, 1528, 0, 1.65, 127, NaN, NaN, 0
2, 1529, 1, 1.65, 12, 300, 180, 0
2, 1530, 1, 1.6, 6, 400, 225, 1
2, 1531, 0, 1.6, 105, NaN, NaN, 1
2, 1532, 0, 1.65, 195, NaN, NaN, 0
2, 1533, 0, 1.6, 84, NaN, NaN, 0
2, 1534, 1, 1.6, 1, 300, 90, 1
2, 1535, 0, 1.65, 181, NaN, NaN, 0
2, 1536, 1, 1.65, 14, 100, 225, 1
2, 1537, 1, 1.6, 1, 300, 45, 0
2, 1538, 1, 1.7, 27, 350, 225, 0
2, 1539, 1, 1.65, 14, 100, 180, 1
2, 1540, 1, 1.65, 11, 350, 180, 1
2, 1541, 1, 1.7, 24, 400, 315, 1
2, 1542, 1, 1.65, 10, 100, 45, 1
2, 1543, 1, 1.6, 6, 250, 225, 0
2, 1544, 1, 1.6, 2, 150, 45, 1
2, 1545, 1, 1.7, 26, 50, 0, 1
2, 1546, 1, 1.65, 16, 100, 45, 0
2, 1547, 1, 1.7, 23, 250, 0, 0
2, 1548, 0, 1.65, 142, NaN, NaN, 0
2, 1549, 1, 1.65, 13, 350, 270, 1
2, 1550, 1, 1.7, 22, 300, 135, 1
2, 1551, 1, 1.65, 13, 250, 180, 0
2, 1552, 1, 1.7, 19, 300, 180, 1
2, 1553, 1, 1.65, 15, 300, 135, 1
2, 1554, 1, 1.7, 20, 150, 270, 0
2, 1555, 1, 1.65, 15, 300, 0, 0
2, 1556, 1, 1.6, 2, 400, 315, 0
2, 1557, 0, 1.65, 122, NaN, NaN, 0
2, 1558, 1, 1.6, 5, 200, 135, 0
2, 1559, 1, 1.7, 25, 200, 90, 1
2, 1560, 1, 1.7, 27, 150, 270, 1
2, 1561, 0, 1.6, 73, NaN, NaN, 0
2, 1562, 1, 1.65, 17, 300, 315, 1
2, 1563, 1, 1.65, 18, 300, 135, 1
2, 1564, 1, 1.6, 8, 150, 270, 0
2, 1565, 0, 1.65, 135, NaN, NaN, 0
2, 1566, 1, 1.6, 9, 350, 90, 0
2, 1567, 1, 1.65, 10, 50, 0, 0
2, 1568, 1, 1.7, 21, 300, 180, 1
2, 1569, 1, 1.65, 17, 250, 135, 0
2, 1570, 1, 1.65, 17, 300, 45, 0
2, 1571, 1, 1.65, 18, 350, 90, 1
2, 1572, 1, 1.6, 3, 50, 0, 1
2, 1573, 1, 1.65, 12, 50, 270, 1
2, 1574, 1, 1.7, 24, 250, 315, 1
2, 1575, 1, 1.7, 25, 150, 0, 1
2, 1576, 1, 1.7, 23, 100, 45, 1
2, 1577, 1, 1.65, 15, 400, 45, 0
2, 1578, 1, 1.6, 6, 250, 45, 1
2, 1579, 1, 1.6, 5, 200, 315, 1
2, 1580, 1, 1.6, 5, 50, 180, 1
2, 1581, 1, 1.7, 23, 350, 135, 0
2, 1582, 0, 1.6, 102, NaN, NaN, 0
2, 1583, 1, 1.7, 20, 350, 45, 0
2, 1584, 0, 1.7, 277, NaN, NaN, 0
2, 1585, 1, 1.6, 8, 50, 315, 1
2, 1586, 1, 1.7, 26, 250, 135, 0
2, 1587, 1, 1.65, 12, 250, 135, 0
2, 1588, 1, 1.7, 20, 350, 225, 0
2, 1589, 1, 1.6, 5, 250, 225, 0
2, 1590, 0, 1.65, 175, NaN, NaN, 0
2, 1591, 1, 1.65, 18, 350, 270, 1
2, 1592, 1, 1.65, 15, 250, 270, 1
2, 1593, 1, 1.7, 23, 400, 90, 1
2, 1594, 1, 1.6, 8, 300, 225, 0
2, 1595, 1, 1.7, 22, 50, 45, 1
2, 1596, 1, 1.6, 9, 350, 225, 0
2, 1597, 1, 1.6, 4, 400, 135, 0
2, 1598, 1, 1.6, 4, 400, 0, 0
2, 1599, 1, 1.65, 17, 250, 315, 1
2, 1600, 1, 1.65, 15, 150, 315, 0
2, 1601, 1, 1.7, 22, 50, 225, 1
2, 1602, 1, 1.65, 17, 200, 45, 1
2, 1603, 1, 1.7, 27, 350, 270, 1
2, 1604, 1, 1.65, 16, 250, 90, 0
2, 1605, 1, 1.65, 18, 50, 315, 1
2, 1606, 1, 1.6, 6, 300, 270, 0
2, 1607, 1, 1.7, 25, 150, 180, 0
2, 1608, 1, 1.65, 11, 250, 90, 0
2, 1609, 1, 1.65, 10, 400, 315, 0
2, 1610, 1, 1.65, 15, 100, 90, 1
2, 1611, 1, 1.6, 1, 300, 135, 1
2, 1612, 1, 1.7, 23, 100, 225, 1
2, 1613, 1, 1.7, 25, 300, 180, 0
2, 1614, 1, 1.7, 22, 250, 0, 0
2, 1615, 1, 1.65, 11, 300, 90, 1
2, 1616, 1, 1.7, 26, 150, 90, 0
2, 1617, 0, 1.6, 58, NaN, NaN, 0
2, 1618, 1, 1.6, 3, 250, 90, 0
2, 1619, 1, 1.65, 17, 50, 90, 1
2, 1620, 1, 1.6, 9, 200, 45, 1
2, 1621, 1, 1.65, 18, 150, 225, 1
2, 1622, 1, 1.7, 20, 250, 180, 0
2, 1623, 1, 1.6, 4, 200, 45, 0
2, 1624, 1, 1.7, 19, 100, 45, 1
2, 1625, 1, 1.6, 4, 150, 270, 0
2, 1626, 1, 1.7, 24, 150, 135, 1
2, 1627, 1, 1.7, 24, 100, 45, 1
2, 1628, 1, 1.6, 1, 400, 180, 0
2, 1629, 0, 1.7, 261, NaN, NaN, 0
2, 1630, 1, 1.7, 26, 50, 135, 1
2, 1631, 1, 1.65, 12, 400, 90, 0
2, 1632, 1, 1.65, 12, 350, 135, 0
2, 1633, 0, 1.65, 185, NaN, NaN, 0
2, 1634, 0, 1.65, 145, NaN, NaN, 1
2, 1635, 1, 1.65, 18, 200, 225, 1
2, 1636, 1, 1.6, 6, 350, 135, 0
2, 1637, 1, 1.65, 11, 100, 270, 1
2, 1638, 1, 1.6, 5, 300, 270, 0
2, 1639, 1, 1.7, 24, 200, 45, 1
2, 1640, 1, 1.7, 20, 50, 0, 1
2, 1641, 0, 1.65, 172, NaN, NaN, 0
2, 1642, 1, 1.65, 11, 400, 90, 1
2, 1643, 1, 1.65, 16, 300, 45, 1
2, 1644, 1, 1.6, 4, 350, 270, 0
2, 1645, 1, 1.65, 13, 200, 225, 1
2, 1646, 1, 1.65, 10, 300, 90, 1
2, 1647, 1, 1.7, 22, 50, 270, 1
2, 1648, 1, 1.7, 26, 300, 0, 0
2, 1649, 0, 1.7, 255, NaN, NaN, 0
2, 1650, 0, 1.65, 137, NaN, NaN, 0
2, 1651, 1, 1.65, 16, 150, 180, 1
2, 1652, 1, 1.65, 15, 150, 90, 1
2, 1653, 0, 1.6, 83, NaN, NaN, 0
2, 1654, 1, 1.6, 4, 100, 270, 0
2, 1655, 1, 1.65, 10, 50, 315, 1
2, 1656, 1, 1.65, 11, 50, 270, 1
2, 1657, 1, 1.65, 16, 50, 270, 1
2, 1658, 0, 1.7, 201, NaN, NaN, 0
2, 1659, 1, 1.65, 13, 200, 0, 1
2, 1660, 1, 1.7, 25, 300, 315, 1
2, 1661, 1, 1.65, 16, 150, 0, 0
2, 1662, 0, 1.6, 87, NaN, NaN, 1
2, 1663, 1, 1.7, 20, 250, 225, 0
2, 1664, 1, 1.7, 25, 400, 315, 0
2, 1665, 1, 1.7, 19, 400, 90, 1
2, 1666, 1, 1.65, 18, 100, 45, 1
2, 1667, 1, 1.7, 23, 50, 315, 1
2, 1668, 0, 1.65, 159, NaN, NaN, 0
2, 1669, 1, 1.65, 10, 300, 315, 0
2, 1670, 1, 1.6, 6, 250, 90, 0
2, 1671, 1, 1.7, 20, 150, 0, 1
2, 1672, 1, 1.65, 13, 300, 0, 0
2, 1673, 1, 1.65, 13, 200, 45, 0
2, 1674, 1, 1.7, 19, 200, 0, 1
2, 1675, 1, 1.6, 2, 250, 180, 0
2, 1676, 0, 1.65, 147, NaN, NaN, 0
2, 1677, 1, 1.65, 13, 150, 45, 1
2, 1678, 1, 1.7, 27, 50, 225, 1
2, 1679, 1, 1.65, 11, 150, 0, 1
2, 1680, 1, 1.65, 11, 150, 270, 1
2, 1681, 1, 1.65, 16, 400, 45, 0
2, 1682, 1, 1.7, 23, 200, 0, 1
2, 1683, 1, 1.65, 12, 300, 45, 0
2, 1684, 1, 1.7, 27, 100, 135, 1
2, 1685, 1, 1.6, 9, 250, 135, 0
2, 1686, 1, 1.6, 4, 350, 315, 0
2, 1687, 1, 1.7, 19, 300, 270, 0
2, 1688, 1, 1.7, 20, 350, 270, 1
2, 1689, 1, 1.7, 22, 50, 90, 1
2, 1690, 1, 1.6, 3, 250, 270, 0
2, 1691, 0, 1.7, 280, NaN, NaN, 0
2, 1692, 1, 1.7, 24, 300, 45, 1
2, 1693, 1, 1.65, 10, 350, 135, 0
2, 1694, 1, 1.6, 7, 350, 90, 0
2, 1695, 1, 1.65, 15, 400, 270, 0
2, 1696, 1, 1.6, 4, 250, 135, 0
2, 1697, 1, 1.6, 8, 200, 45, 0
2, 1698, 0, 1.7, 224, NaN, NaN, 0
2, 1699, 1, 1.7, 19, 350, 315, 0
2, 1700, 1, 1.65, 14, 150, 315, 1
2, 1701, 0, 1.6, 96, NaN, NaN, 1
2, 1702, 1, 1.6, 6, 150, 315, 0
2, 1703, 1, 1.7, 27, 100, 315, 0
2, 1704, 0, 1.7, 206, NaN, NaN, 0
2, 1705, 1, 1.65, 14, 350, 135, 0
2, 1706, 1, 1.6, 7, 150, 90, 1
2, 1707, 1, 1.7, 25, 250, 90, 1
2, 1708, 0, 1.6, 86, NaN, NaN, 0
2, 1709, 1, 1.6, 5, 200, 90, 1
2, 1710, 1, 1.65, 10, 400, 180, 0
2, 1711, 1, 1.65, 11, 300, 0, 1
2, 1712, 1, 1.7, 23, 300, 135, 0
2, 1713, 1, 1.7, 25, 400, 45, 1
2, 1714, 1, 1.65, 18, 400, 135, 0
2, 1715, 1, 1.65, 13, 350, 135, 0
2, 1716, 1, 1.7, 19, 200, 45, 1
2, 1717, 1, 1.7, 22, 150, 270, 1
2, 1718, 1, 1.6, 5, 50, 135, 1
2, 1719, 1, 1.65, 15, 100, 0, 1
2, 1720, 1, 1.6, 1, 150, 315, 0
2, 1721, 1, 1.6, 8, 100, 135, 0
2, 1722, 1, 1.65, 13, 50, 45, 1
2, 1723, 0, 1.65, 169, NaN, NaN, 0
2, 1724, 1, 1.7, 22, 400, 90, 1
2, 1725, 1, 1.7, 23, 400, 135, 0
2, 1726, 1, 1.7, 26, 400, 315, 0
2, 1727, 1, 1.65, 12, 50, 45, 1
2, 1728, 1, 1.7, 21, 400, 225, 0
2, 1729, 1, 1.7, 22, 150, 180, 1
2, 1730, 1, 1.65, 12, 250, 45, 0
2, 1731, 1, 1.6, 9, 400, 180, 0
2, 1732, 1, 1.7, 22, 250, 90, 1
2, 1733, 0, 1.65, 123, NaN, NaN, 0
2, 1734, 0, 1.7, 256, NaN, NaN, 0
2, 1735, 1, 1.7, 26, 350, 0, 0
2, 1736, 1, 1.65, 16, 200, 315, 1
2, 1737, 1, 1.7, 19, 50, 225, 1
2, 1738, 1, 1.6, 9, 350, 180, 0
2, 1739, 0, 1.7, 219, NaN, NaN, 1
2, 1740, 1, 1.65, 14, 250, 45, 1
2, 1741, 1, 1.7, 20, 200, 45, 1
2, 1742, 1, 1.65, 18, 300, 0, 0
2, 1743, 1, 1.7, 26, 350, 270, 0
2, 1744, 1, 1.6, 9, 50, 0, 1
2, 1745, 1, 1.65, 10, 200, 270, 0
2, 1746, 1, 1.65, 10, 300, 45, 0
2, 1747, 1, 1.65, 12, 250, 270, 0
2, 1748, 0, 1.6, 40, NaN, NaN, 0
2, 1749, 1, 1.6, 5, 100, 0, 0
2, 1750, 1, 1.6, 2, 200, 270, 0
2, 1751, 1, 1.6, 5, 100, 225, 0
2, 1752, 1, 1.7, 25, 100, 90, 1
2, 1753, 1, 1.65, 13, 350, 45, 0
2, 1754, 1, 1.65, 13, 400, 90, 0
2, 1755, 1, 1.65, 16, 350, 45, 1
2, 1756, 1, 1.65, 17, 400, 0, 1
2, 1757, 1, 1.65, 17, 250, 180, 0
2, 1758, 1, 1.65, 14, 200, 45, 1
2, 1759, 0, 1.6, 51, NaN, NaN, 0
2, 1760, 1, 1.65, 15, 200, 135, 1
2, 1761, 1, 1.65, 15, 300, 270, 1
2, 1762, 1, 1.65, 13, 300, 225, 0
2, 1763, 1, 1.65, 14, 100, 90, 1
2, 1764, 0, 1.7, 253, NaN, NaN, 1
2, 1765, 1, 1.6, 9, 400, 0, 1
2, 1766, 0, 1.7, 273, NaN, NaN, 0
2, 1767, 1, 1.7, 25, 200, 45, 1
2, 1768, 1, 1.6, 3, 300, 270, 1
2, 1769, 1, 1.7, 20, 50, 225, 1
2, 1770, 1, 1.6, 9, 100, 90, 1
2, 1771, 1, 1.6, 3, 100, 270, 0
2, 1772, 1, 1.65, 17, 400, 315, 0
2, 1773, 1, 1.6, 8, 350, 135, 0
2, 1774, 1, 1.7, 26, 300, 135, 1
2, 1775, 1, 1.65, 16, 300, 270, 1
2, 1776, 1, 1.65, 14, 150, 90, 1
2, 1777, 1, 1.65, 12, 300, 270, 1
2, 1778, 1, 1.65, 12, 100, 225, 1
2, 1779, 1, 1.7, 23, 100, 90, 1
2, 1780, 1, 1.65, 17, 150, 225, 1
2, 1781, 1, 1.6, 4, 250, 225, 0
2, 1782, 1, 1.65, 15, 50, 90, 1
2, 1783, 1, 1.7, 27, 400, 135, 0
2, 1784, 1, 1.65, 17, 150, 135, 1
2, 1785, 1, 1.6, 8, 50, 0, 0
2, 1786, 1, 1.65, 16, 300, 135, 0
2, 1787, 1, 1.7, 21, 150, 180, 1
2, 1788, 0, 1.7, 243, NaN, NaN, 1
2, 1789, 1, 1.6, 2, 350, 270, 0
2, 1790, 1, 1.6, 2, 50, 90, 1
2, 1791, 1, 1.6, 5, 300, 0, 0
2, 1792, 1, 1.6, 5, 150, 90, 0
2, 1793, 1, 1.7, 24, 200, 135, 0
2, 1794, 1, 1.6, 1, 400, 90, 0
2, 1795, 1, 1.6, 7, 100, 135, 0
2, 1796, 1, 1.65, 17, 400, 225, 0
2, 1797, 1, 1.65, 11, 400, 315, 1
2, 1798, 1, 1.7, 23, 400, 45, 1
2, 1799, 1, 1.65, 14, 50, 90, 1
2, 1800, 0, 1.6, 36, NaN, NaN, 0
2, 1801, 0, 1.7, 246, NaN, NaN, 0
2, 1802, 1, 1.65, 14, 300, 225, 0
2, 1803, 1, 1.7, 20, 300, 0, 0
2, 1804, 1, 1.65, 15, 150, 45, 1
2, 1805, 1, 1.6, 5, 300, 315, 0
2, 1806, 1, 1.7, 27, 250, 225, 0
2, 1807, 1, 1.65, 14, 250, 270, 0
2, 1808, 1, 1.65, 13, 400, 225, 0
2, 1809, 1, 1.65, 16, 250, 270, 0
2, 1810, 1, 1.6, 6, 200, 180, 0
2, 1811, 1, 1.65, 14, 100, 45, 0
2, 1812, 0, 1.65, 151, NaN, NaN, 1
2, 1813, 1, 1.7, 19, 100, 0, 1
2, 1814, 1, 1.6, 1, 350, 270, 0
2, 1815, 1, 1.7, 22, 150, 315, 1
2, 1816, 1, 1.7, 24, 400, 0, 1
2, 1817, 1, 1.7, 20, 400, 270, 0
2, 1818, 1, 1.7, 24, 350, 135, 1
2, 1819, 1, 1.7, 25, 400, 0, 0
2, 1820, 1, 1.6, 4, 400, 225, 0
2, 1821, 1, 1.65, 18, 250, 180, 1
2, 1822, 1, 1.7, 20, 400, 0, 1
2, 1823, 1, 1.65, 17, 300, 225, 0
2, 1824, 1, 1.6, 3, 400, 135, 1
2, 1825, 1, 1.6, 5, 350, 270, 1
2, 1826, 0, 1.6, 72, NaN, NaN, 1
2, 1827, 1, 1.65, 14, 50, 225, 1
2, 1828, 1, 1.6, 4, 100, 315, 1
2, 1829, 1, 1.7, 19, 400, 0, 1
2, 1830, 1, 1.7, 21, 150, 225, 1
2, 1831, 1, 1.6, 4, 400, 90, 0
2, 1832, 1, 1.65, 15, 250, 45, 1
2, 1833, 1, 1.6, 2, 50, 0, 0
2, 1834, 0, 1.65, 149, NaN, NaN, 0
2, 1835, 1, 1.6, 2, 400, 180, 0
2, 1836, 1, 1.65, 10, 50, 90, 1
2, 1837, 1, 1.6, 2, 50, 225, 1
2, 1838, 0, 1.65, 148, NaN, NaN, 0
2, 1839, 1, 1.6, 9, 400, 135, 0
2, 1840, 1, 1.7, 26, 150, 225, 1
2, 1841, 1, 1.65, 14, 200, 135, 1
2, 1842, 1, 1.6, 6, 100, 180, 1
2, 1843, 1, 1.65, 12, 200, 225, 0
2, 1844, 1, 1.6, 4, 300, 90, 1
2, 1845, 1, 1.6, 7, 50, 315, 0
2, 1846, 0, 1.6, 37, NaN, NaN, 1
2, 1847, 1, 1.65, 10, 400, 45, 1
2, 1848, 0, 1.6, 32, NaN, NaN, 0
2, 1849, 1, 1.6, 1, 50, 315, 1
2, 1850, 1, 1.6, 7, 350, 180, 0
2, 1851, 1, 1.6, 6, 300, 225, 0
2, 1852, 1, 1.65, 12, 50, 315, 1
2, 1853, 1, 1.6, 9, 100, 135, 0
2, 1854, 1, 1.65, 10, 400, 90, 0
2, 1855, 1, 1.7, 24, 50, 315, 1
2, 1856, 1, 1.6, 9, 350, 45, 0
2, 1857, 0, 1.7, 260, NaN, NaN, 0
2, 1858, 0, 1.7, 271, NaN, NaN, 0
2, 1859, 1, 1.6, 6, 50, 45, 1
2, 1860, 1, 1.65, 14, 400, 0, 1
2, 1861, 1, 1.6, 9, 350, 135, 0
2, 1862, 1, 1.7, 20, 200, 90, 1
2, 1863, 1, 1.65, 17, 150, 45, 1
2, 1864, 1, 1.6, 1, 50, 225, 0
2, 1865, 1, 1.6, 1, 100, 270, 0
2, 1866, 1, 1.65, 17, 250, 225, 0
2, 1867, 1, 1.6, 2, 100, 135, 0
2, 1868, 1, 1.7, 19, 350, 0, 1
2, 1869, 1, 1.6, 9, 350, 315, 0
2, 1870, 1, 1.65, 17, 350, 0, 1
2, 1871, 1, 1.7, 25, 150, 135, 1
2, 1872, 1, 1.6, 5, 350, 90, 0
2, 1873, 1, 1.6, 8, 50, 225, 1
2, 1874, 1, 1.7, 20, 400, 225, 0
2, 1875, 1, 1.65, 11, 400, 45, 1
2, 1876, 1, 1.7, 24, 100, 90, 1
2, 1877, 1, 1.6, 7, 50, 45, 0
2, 1878, 1, 1.65, 15, 100, 315, 0
2, 1879, 1, 1.65, 11, 350, 135, 1
2, 1880, 1, 1.65, 13, 50, 90, 1
2, 1881, 0, 1.65, 114, NaN, NaN, 0
2, 1882, 1, 1.7, 21, 50, 270, 1
2, 1883, 0, 1.6, 49, NaN, NaN, 0
2, 1884, 1, 1.6, 8, 150, 315, 0
2, 1885, 1, 1.65, 16, 50, 90, 1
2, 1886, 1, 1.65, 18, 50, 135, 1
2, 1887, 1, 1.6, 1, 250, 180, 0
2, 1888, 1, 1.65, 10, 150, 270, 0
2, 1889, 0, 1.6, 111, NaN, NaN, 0
2, 1890, 1, 1.65, 16, 350, 135, 1
2, 1891, 1, 1.65, 18, 150, 270, 0
2, 1892, 1, 1.6, 1, 100, 90, 0
2, 1893, 1, 1.6, 3, 200, 0, 0
2, 1894, 1, 1.65, 18, 100, 0, 1
2, 1895, 1, 1.65, 13, 100, 315, 1
2, 1896, 1, 1.6, 3, 50, 180, 1
2, 1897, 1, 1.7, 21, 300, 135, 1
2, 1898, 1, 1.6, 5, 50, 45, 1
2, 1899, 1, 1.6, 6, 100, 90, 1
2, 1900, 1, 1.65, 11, 400, 0, 1
2, 1901, 1, 1.7, 27, 200, 180, 1
2, 1902, 0, 1.6, 106, NaN, NaN, 0
2, 1903, 1, 1.65, 13, 250, 315, 0
2, 1904, 1, 1.7, 19, 50, 270, 1
2, 1905, 0, 1.6, 43, NaN, NaN, 0
2, 1906, 1, 1.7, 23, 50, 225, 1
2, 1907, 1, 1.65, 10, 50, 180, 1
2, 1908, 1, 1.65, 17, 400, 135, 0
2, 1909, 0, 1.7, 269, NaN, NaN, 1
2, 1910, 1, 1.7, 23, 200, 180, 1
2, 1911, 1, 1.65, 18, 300, 180, 0
2, 1912, 1, 1.65, 10, 150, 180, 1
2, 1913, 1, 1.65, 11, 150, 315, 1
2, 1914, 1, 1.7, 26, 250, 90, 1
2, 1915, 1, 1.65, 17, 200, 0, 1
2, 1916, 1, 1.6, 7, 100, 180, 0
2, 1917, 1, 1.65, 11, 300, 315, 0
2, 1918, 1, 1.65, 14, 300, 0, 0
2, 1919, 1, 1.6, 5, 350, 135, 1
2, 1920, 1, 1.65, 16, 200, 180, 0
2, 1921, 1, 1.7, 23, 200, 135, 1
2, 1922, 0, 1.6, 41, NaN, NaN, 0
2, 1923, 0, 1.7, 203, NaN, NaN, 1
2, 1924, 0, 1.65, 115, NaN, NaN, 0
2, 1925, 1, 1.65, 11, 100, 180, 1
2, 1926, 1, 1.7, 25, 250, 270, 1
2, 1927, 1, 1.7, 21, 300, 90, 1
2, 1928, 1, 1.65, 16, 400, 180, 0
2, 1929, 1, 1.6, 4, 250, 0, 0
2, 1930, 1, 1.65, 10, 300, 270, 1
2, 1931, 0, 1.6, 98, NaN, NaN, 0
2, 1932, 1, 1.6, 7, 300, 45, 0
2, 1933, 1, 1.6, 4, 50, 270, 1
2, 1934, 1, 1.7, 23, 350, 90, 1
2, 1935, 1, 1.6, 3, 50, 270, 1
2, 1936, 1, 1.65, 17, 50, 180, 1
2, 1937, 1, 1.65, 14, 300, 90, 1
2, 1938, 1, 1.6, 6, 100, 135, 0
2, 1939, 1, 1.6, 7, 350, 135, 0
2, 1940, 1, 1.7, 24, 150, 225, 1
2, 1941, 1, 1.65, 11, 200, 135, 1
2, 1942, 1, 1.7, 27, 300, 45, 1
2, 1943, 1, 1.65, 15, 100, 45, 0
2, 1944, 1, 1.7, 20, 350, 135, 0
2, 1945, 1, 1.65, 14, 400, 135, 0
2, 1946, 1, 1.65, 18, 50, 180, 1
2, 1947, 0, 1.6, 63, NaN, NaN, 0
2, 1948, 1, 1.6, 1, 400, 0, 1
2, 1949, 1, 1.7, 19, 300, 225, 1
2, 1950, 1, 1.7, 25, 150, 270, 1
2, 1951, 1, 1.7, 26, 250, 270, 1
2, 1952, 1, 1.6, 5, 150, 270, 1
2, 1953, 1, 1.6, 2, 100, 180, 0
2, 1954, 1, 1.65, 13, 300, 315, 1
2, 1955, 1, 1.7, 26, 350, 90, 1
2, 1956, 1, 1.7, 26, 150, 135, 1
2, 1957, 1, 1.65, 15, 350, 225, 0
2, 1958, 1, 1.65, 17, 400, 45, 1
2, 1959, 1, 1.6, 2, 200, 0, 0
2, 1960, 0, 1.7, 258, NaN, NaN, 0
2, 1961, 1, 1.6, 5, 200, 45, 0
2, 1962, 1, 1.65, 16, 250, 0, 1
2, 1963, 1, 1.6, 3, 300, 0, 1
2, 1964, 0, 1.65, 125, NaN, NaN, 0
2, 1965, 1, 1.6, 5, 150, 135, 0
2, 1966, 1, 1.7, 22, 100, 45, 1
2, 1967, 1, 1.65, 11, 300, 45, 1
2, 1968, 1, 1.6, 1, 50, 180, 0
2, 1969, 1, 1.65, 18, 200, 315, 1
2, 1970, 1, 1.65, 10, 400, 225, 0
2, 1971, 1, 1.7, 22, 250, 270, 0
2, 1972, 0, 1.6, 109, NaN, NaN, 0
2, 1973, 1, 1.65, 13, 250, 0, 0
2, 1974, 1, 1.7, 21, 350, 180, 1
2, 1975, 1, 1.7, 23, 400, 225, 1
2, 1976, 1, 1.6, 8, 250, 45, 0
2, 1977, 1, 1.7, 22, 400, 180, 0
2, 1978, 1, 1.65, 17, 400, 180, 0
2, 1979, 1, 1.7, 21, 100, 0, 1
2, 1980, 1, 1.6, 8, 150, 0, 0
2, 1981, 1, 1.65, 12, 100, 135, 1
2, 1982, 1, 1.65, 17, 200, 315, 0
2, 1983, 1, 1.7, 27, 200, 225, 1
2, 1984, 1, 1.6, 5, 50, 315, 0
2, 1985, 1, 1.65, 14, 50, 45, 1
2, 1986, 1, 1.7, 20, 150, 135, 1
