participantNumber, trialNum, TargetPresent, beta, seed, x, y, RT
2, 1, 1, 1.7, 155, 859, 463, 0.758
2, 2, 1, 1.7, 133, 823, 86, 0.721
2, 3, 1, 1.6, 6, 181, 416, 1.899
2, 4, 0, 1.7, 56, NaN, NaN, -1.000
2, 5, 1, 1.65, 95, 710, 666, 0.746
2, 6, 0, 1.65, 34, NaN, NaN, -1.000
2, 7, 1, 1.65, 84, 470, 891, 5.718
2, 8, 1, 1.6, 15, 698, 389, 2.113
2, 9, 1, 1.7, 158, 254, 362, 0.638
2, 10, 1, 1.7, 148, 931, 611, 1.230
2, 11, 1, 1.65, 104, 241, 562, 1.540
2, 12, 1, 1.65, 62, 860, 644, 2.063
2, 13, 1, 1.6, 20, 311, 555, 5.891
2, 14, 1, 1.65, 77, 825, 931, 1.103
2, 15, 0, 1.6, 55, NaN, NaN, -1.000
2, 16, 1, 1.7, 125, 721, 497, 0.577
2, 17, 1, 1.7, 130, 269, 612, 2.029
2, 18, 1, 1.65, 80, 865, 179, 1.594
2, 19, 0, 1.6, 19, NaN, NaN, -1.000
2, 20, 0, 1.65, 31, NaN, NaN, -1.000
2, 21, 1, 1.7, 147, 419, 486, 0.637
2, 22, 1, 1.7, 41, 155, 715, 0.743
2, 23, 1, 1.65, 23, 867, 538, 1.201
2, 24, 1, 1.65, 30, 311, 555, 0.987
2, 25, 1, 1.7, 139, 366, 511, 0.459
2, 26, 1, 1.6, 14, 208, 689, 2.541
2, 27, 1, 1.65, 110, 381, 436, 0.923
2, 28, 0, 1.7, 180, NaN, NaN, -1.000
2, 29, 0, 1.65, 116, NaN, NaN, -1.000
2, 30, 1, 1.6, 35, 897, 756, 48.571
2, 31, 1, 1.6, 41, 594, 779, 0.876
2, 32, 0, 1.6, 20, NaN, NaN, 2.157
2, 33, 1, 1.65, 67, 377, 647, 2.484
2, 34, 1, 1.65, 85, 957, 271, 1.844
2, 35, 1, 1.7, 153, 436, 385, 0.624
2, 36, 1, 1.6, 26, 838, 677, 2.967
2, 37, 0, 1.7, 59, NaN, NaN, -1.000
2, 38, 1, 1.6, 10, 204, 619, 1.848
2, 39, 1, 1.65, 27, 727, 440, 0.926
2, 40, 1, 1.6, 4, 631, 811, 2.795
2, 41, 0, 1.6, 51, NaN, NaN, -1.000
2, 42, 1, 1.6, 42, 543, 656, 0.708
2, 43, 0, 1.7, 60, NaN, NaN, -1.000
2, 44, 1, 1.65, 25, 698, 389, 0.819
2, 45, 1, 1.6, 48, 745, 422, 1.827
2, 46, 1, 1.6, 30, 859, 582, 4.462
2, 47, 1, 1.65, 22, 456, 955, 1.753
2, 48, 1, 1.6, 47, 220, 659, 7.153
2, 49, 0, 1.65, 115, NaN, NaN, -1.000
2, 50, 1, 1.7, 170, 742, 289, 0.840
2, 51, 1, 1.6, 36, 916, 204, 0.754
2, 52, 1, 1.65, 71, 158, 692, 1.019
2, 53, 0, 1.65, 39, NaN, NaN, -1.000
2, 54, 1, 1.65, 61, 700, 218, 0.853
2, 55, 1, 1.7, 134, 617, 260, 0.533
2, 56, 0, 1.7, 171, NaN, NaN, -1.000
2, 57, 1, 1.7, 122, 734, 524, 0.695
2, 58, 0, 1.7, 54, NaN, NaN, -1.000
2, 59, 1, 1.65, 28, 312, 195, 3.784
2, 60, 0, 1.65, 112, NaN, NaN, -1.000
2, 61, 0, 1.65, 32, NaN, NaN, -1.000
2, 62, 0, 1.7, 174, NaN, NaN, -1.000
2, 63, 1, 1.7, 160, 420, 475, 0.676
2, 64, 1, 1.6, 28, 350, 547, 0.829
2, 65, 1, 1.7, 132, 443, 650, 0.630
2, 66, 1, 1.7, 140, 632, 117, 0.557
2, 67, 0, 1.7, 172, NaN, NaN, -1.000
2, 68, 1, 1.6, 9, 143, 208, 14.539
2, 69, 0, 1.65, 117, NaN, NaN, -1.000
2, 70, 1, 1.6, 40, 444, 232, 6.044
2, 71, 0, 1.7, 58, NaN, NaN, -1.000
2, 72, 0, 1.65, 118, NaN, NaN, -1.000
2, 73, 1, 1.7, 144, 280, 642, 0.627
2, 74, 1, 1.7, 135, 895, 526, 0.820
2, 75, 1, 1.7, 47, 351, 297, 0.507
2, 76, 1, 1.65, 81, 451, 349, 0.518
2, 77, 1, 1.65, 82, 322, 374, 0.603
2, 78, 1, 1.6, 11, 279, 204, 33.564
2, 79, 0, 1.7, 178, NaN, NaN, 2.038
2, 80, 1, 1.7, 131, 769, 758, 0.986
2, 81, 1, 1.65, 24, 208, 689, 0.878
2, 82, 1, 1.6, 49, 763, 275, 2.403
2, 83, 1, 1.6, 43, 215, 389, 1.161
2, 84, 1, 1.6, 16, 852, 515, 4.070
2, 85, 1, 1.6, 5, 944, 756, 4.297
2, 86, 1, 1.7, 46, 838, 677, 0.649
2, 87, 0, 1.6, 52, NaN, NaN, 23.902
2, 88, 1, 1.65, 102, 199, 927, 1.229
2, 89, 0, 1.6, 56, NaN, NaN, -1.000
2, 90, 1, 1.7, 166, 316, 422, 0.603
2, 91, 0, 1.6, 58, NaN, NaN, 0.856
2, 92, 1, 1.6, 8, 421, 916, 42.812
2, 93, 1, 1.6, 27, 351, 297, 3.913
2, 94, 1, 1.7, 126, 118, 681, 1.933
2, 95, 1, 1.7, 42, 388, 881, 2.258
2, 96, 0, 1.65, 119, NaN, NaN, -1.000
2, 97, 1, 1.7, 43, 875, 608, 1.024
2, 98, 0, 1.7, 57, NaN, NaN, -1.000
2, 99, 1, 1.6, 13, 867, 538, 3.583
2, 100, 1, 1.6, 21, 155, 715, 5.078
2, 101, 0, 1.6, 17, NaN, NaN, -1.000
2, 102, 1, 1.7, 157, 455, 636, 0.767
2, 103, 0, 1.6, 16, NaN, NaN, 29.973
2, 104, 1, 1.7, 168, 516, 740, 0.805
2, 105, 0, 1.65, 40, NaN, NaN, -1.000
2, 106, 1, 1.6, 44, 803, 698, 9.127
2, 107, 1, 1.7, 138, 879, 344, 0.983
2, 108, 1, 1.7, 50, 859, 582, 0.566
2, 109, 1, 1.7, 163, 180, 636, 1.799
2, 110, 1, 1.65, 99, 813, 943, 1.152
2, 111, 1, 1.7, 146, 92, 278, 1.010
2, 112, 1, 1.65, 64, 622, 646, 0.963
2, 113, 1, 1.6, 23, 875, 608, 0.987
2, 114, 0, 1.65, 37, NaN, NaN, -1.000
2, 115, 1, 1.65, 92, 160, 196, 2.566
2, 116, 1, 1.6, 34, 278, 259, 11.889
2, 117, 1, 1.65, 72, 716, 745, 1.141
2, 118, 1, 1.65, 108, 407, 424, 0.697
2, 119, 1, 1.65, 103, 583, 647, 1.826
2, 120, 1, 1.65, 90, 753, 704, 0.997
2, 121, 0, 1.65, 120, NaN, NaN, -1.000
2, 122, 1, 1.7, 137, 567, 299, 0.987
2, 123, 0, 1.6, 12, NaN, NaN, -1.000
2, 124, 1, 1.65, 88, 141, 839, 2.163
2, 125, 1, 1.65, 100, 865, 377, 6.934
2, 126, 0, 1.6, 57, NaN, NaN, -1.000
2, 127, 1, 1.7, 44, 509, 922, 0.808
2, 128, 1, 1.7, 167, 293, 404, 0.655
2, 129, 1, 1.7, 48, 350, 547, 0.690
2, 130, 1, 1.6, 24, 509, 922, 23.269
2, 131, 1, 1.65, 63, 137, 213, 1.081
2, 132, 1, 1.6, 31, 380, 720, 1.596
2, 133, 1, 1.6, 32, 712, 637, 0.986
2, 134, 1, 1.65, 106, 672, 402, 2.088
2, 135, 0, 1.65, 38, NaN, NaN, 0.759
2, 136, 1, 1.6, 7, 958, 939, 4.664
2, 137, 0, 1.7, 179, NaN, NaN, -1.000
2, 138, 1, 1.6, 2, 913, 781, 0.941
2, 139, 0, 1.7, 55, NaN, NaN, 0.600
2, 140, 0, 1.65, 111, NaN, NaN, -1.000
2, 141, 1, 1.7, 154, 171, 854, 1.606
2, 142, 1, 1.7, 151, 832, 625, 0.838
2, 143, 0, 1.65, 113, NaN, NaN, -1.000
2, 144, 1, 1.65, 97, 641, 751, 0.863
2, 145, 1, 1.7, 129, 369, 562, 1.066
2, 146, 0, 1.7, 173, NaN, NaN, -1.000
2, 147, 1, 1.65, 107, 643, 716, 0.638
2, 148, 1, 1.65, 86, 165, 894, 14.807
2, 149, 0, 1.6, 60, NaN, NaN, -1.000
2, 150, 1, 1.7, 121, 609, 580, 0.460
2, 151, 1, 1.7, 164, 252, 602, 0.520
2, 152, 1, 1.6, 25, 842, 661, 4.477
2, 153, 0, 1.6, 14, NaN, NaN, -1.000
2, 154, 1, 1.65, 83, 403, 606, 0.758
2, 155, 1, 1.7, 169, 314, 115, 1.380
2, 156, 0, 1.6, 59, NaN, NaN, -1.000
2, 157, 0, 1.6, 11, NaN, NaN, -1.000
2, 158, 1, 1.6, 12, 456, 955, 1.836
2, 159, 1, 1.6, 33, 536, 902, 0.938
2, 160, 1, 1.7, 49, 745, 317, 0.673
2, 161, 1, 1.6, 29, 745, 317, 0.832
2, 162, 1, 1.7, 143, 687, 206, 0.589
2, 163, 1, 1.7, 142, 811, 835, 1.190
2, 164, 1, 1.7, 161, 626, 73, 0.793
2, 165, 1, 1.65, 29, 199, 699, 2.197
2, 166, 1, 1.65, 91, 355, 171, 0.421
2, 167, 1, 1.65, 26, 852, 515, 0.916
2, 168, 1, 1.7, 152, 719, 95, 0.593
2, 169, 1, 1.7, 124, 191, 718, 0.651
2, 170, 1, 1.6, 39, 528, 342, 0.010
2, 171, 1, 1.65, 70, 453, 362, 0.865
2, 172, 1, 1.7, 159, 193, 503, 0.794
2, 173, 1, 1.6, 50, 451, 956, -1.000
2, 174, 0, 1.65, 114, NaN, NaN, 3.265
2, 175, 1, 1.65, 68, 735, 710, 0.531
2, 176, 1, 1.65, 98, 430, 772, 3.362
2, 177, 1, 1.7, 149, 337, 490, 0.578
2, 178, 1, 1.65, 65, 380, 589, 0.580
2, 179, 1, 1.65, 105, 954, 344, 1.294
2, 180, 0, 1.7, 177, NaN, NaN, -1.000
2, 181, 0, 1.65, 36, NaN, NaN, -1.000
2, 182, 1, 1.6, 18, 312, 195, 2.353
2, 183, 1, 1.65, 94, 503, 836, 2.207
2, 184, 1, 1.7, 156, 891, 788, 0.818
2, 185, 1, 1.7, 127, 375, 144, 0.877
2, 186, 1, 1.65, 96, 410, 204, 0.656
2, 187, 1, 1.7, 123, 796, 502, 0.641
2, 188, 1, 1.7, 141, 920, 773, 0.962
2, 189, 1, 1.65, 75, 280, 261, 1.408
2, 190, 0, 1.6, 15, NaN, NaN, -1.000
2, 191, 0, 1.65, 33, NaN, NaN, 1.549
2, 192, 0, 1.6, 54, NaN, NaN, 0.014
2, 193, 1, 1.65, 109, 671, 858, 1.733
2, 194, 1, 1.65, 76, 887, 238, 1.034
2, 195, 0, 1.7, 53, NaN, NaN, -1.000
2, 196, 1, 1.65, 69, 87, 466, 1.824
2, 197, 1, 1.7, 162, 322, 623, 0.769
2, 198, 0, 1.7, 175, NaN, NaN, -1.000
2, 199, 0, 1.6, 18, NaN, NaN, -1.000
2, 200, 0, 1.6, 53, NaN, NaN, 3.177
2, 201, 1, 1.7, 136, 751, 433, 0.915
2, 202, 1, 1.6, 3, 842, 456, 2.712
2, 203, 1, 1.65, 79, 657, 196, 1.194
2, 204, 1, 1.7, 145, 550, 61, 0.602
2, 205, 0, 1.7, 52, NaN, NaN, -1.000
2, 206, 1, 1.6, 17, 727, 440, 0.627
2, 207, 1, 1.65, 87, 244, 662, 0.693
2, 208, 1, 1.65, 66, 700, 96, 1.416
2, 209, 1, 1.65, 89, 441, 912, 5.138
2, 210, 1, 1.65, 93, 433, 877, 0.757
2, 211, 1, 1.65, 101, 636, 749, 0.528
2, 212, 0, 1.7, 51, NaN, NaN, -1.000
2, 213, 1, 1.65, 21, 279, 204, 0.517
2, 214, 1, 1.7, 45, 842, 661, 0.880
2, 215, 1, 1.6, 37, 306, 678, 1.980
2, 216, 0, 1.65, 35, NaN, NaN, -1.000
2, 217, 1, 1.6, 22, 388, 881, 33.161
2, 218, 1, 1.7, 128, 581, 843, 0.542
2, 219, 1, 1.6, 38, 292, 481, 25.492
2, 220, 1, 1.7, 150, 612, 166, 1.146
2, 221, 1, 1.65, 73, 124, 462, 2.238
2, 222, 1, 1.7, 165, 350, 412, 0.652
2, 223, 0, 1.6, 13, NaN, NaN, -1.000
2, 224, 1, 1.65, 74, 734, 915, 0.870
2, 225, 1, 1.6, 45, 814, 61, 2.903
2, 226, 0, 1.7, 176, NaN, NaN, -1.000
2, 227, 1, 1.6, 46, 426, 313, 0.915
2, 228, 1, 1.6, 19, 199, 699, 2.680
2, 229, 1, 1.65, 78, 238, 246, 1.203
2, 230, 1, 1.6, 1, 622, 498, 1.345
