participantNumber, trialNum, TargetPresent, beta, seed, r, phi, respose
3, 1, 0, 1.65, 134, NaN, NaN, 0
3, 2, 1, 1.6, 3, 300, 315, 0
3, 3, 1, 1.65, 18, 400, 90, 0
3, 4, 1, 1.6, 6, 200, 135, 0
3, 5, 1, 1.7, 25, 250, 315, 1
3, 6, 1, 1.6, 4, 350, 225, 0
3, 7, 1, 1.6, 3, 350, 180, 0
3, 8, 1, 1.7, 26, 200, 45, 0
3, 9, 1, 1.6, 8, 250, 180, 0
3, 10, 1, 1.6, 8, 200, 0, 0
3, 11, 0, 1.65, 160, NaN, NaN, 0
3, 12, 0, 1.6, 60, NaN, NaN, 0
3, 13, 0, 1.6, 54, NaN, NaN, 0
3, 14, 1, 1.6, 8, 400, 90, 0
3, 15, 1, 1.6, 6, 50, 0, 0
3, 16, 1, 1.65, 12, 150, 90, 1
3, 17, 1, 1.7, 21, 100, 315, 1
3, 18, 0, 1.7, 262, NaN, NaN, 0
3, 19, 1, 1.6, 9, 250, 270, 1
3, 20, 1, 1.6, 3, 400, 315, 0
3, 21, 1, 1.65, 16, 400, 225, 0
3, 22, 1, 1.6, 9, 150, 225, 0
3, 23, 1, 1.7, 27, 150, 45, 1
3, 24, 1, 1.6, 9, 200, 90, 0
3, 25, 1, 1.6, 7, 200, 135, 0
3, 26, 0, 1.7, 285, NaN, NaN, 0
3, 27, 1, 1.7, 19, 50, 135, 1
3, 28, 1, 1.65, 14, 50, 135, 1
3, 29, 1, 1.65, 15, 200, 315, 0
3, 30, 0, 1.7, 238, NaN, NaN, 0
3, 31, 1, 1.65, 14, 400, 225, 0
3, 32, 1, 1.65, 18, 150, 135, 1
3, 33, 1, 1.65, 14, 50, 180, 1
3, 34, 1, 1.6, 8, 100, 45, 0
3, 35, 1, 1.6, 3, 200, 315, 1
3, 36, 1, 1.7, 19, 100, 135, 1
3, 37, 1, 1.65, 10, 150, 225, 0
3, 38, 1, 1.65, 16, 400, 135, 0
3, 39, 1, 1.65, 12, 100, 90, 1
3, 40, 0, 1.7, 270, NaN, NaN, 0
3, 41, 1, 1.6, 1, 50, 270, 1
3, 42, 1, 1.6, 4, 200, 225, 0
3, 43, 1, 1.7, 20, 400, 315, 0
3, 44, 1, 1.7, 20, 200, 135, 1
3, 45, 1, 1.7, 26, 350, 225, 0
3, 46, 1, 1.6, 1, 350, 315, 0
3, 47, 1, 1.65, 10, 200, 315, 0
3, 48, 1, 1.7, 22, 300, 45, 1
3, 49, 1, 1.65, 13, 400, 45, 0
3, 50, 1, 1.6, 8, 250, 0, 0
3, 51, 0, 1.6, 94, NaN, NaN, 0
3, 52, 1, 1.7, 23, 300, 90, 1
3, 53, 1, 1.65, 18, 400, 225, 0
3, 54, 0, 1.7, 231, NaN, NaN, 0
3, 55, 1, 1.7, 24, 250, 45, 0
3, 56, 1, 1.6, 1, 100, 315, 0
3, 57, 1, 1.65, 16, 350, 180, 0
3, 58, 1, 1.65, 10, 50, 225, 0
3, 59, 1, 1.65, 14, 200, 90, 1
3, 60, 1, 1.7, 24, 350, 90, 1
3, 61, 1, 1.7, 24, 200, 225, 1
3, 62, 1, 1.6, 5, 350, 180, 0
3, 63, 1, 1.7, 26, 400, 45, 1
3, 64, 1, 1.7, 21, 50, 225, 1
3, 65, 1, 1.6, 1, 300, 225, 0
3, 66, 1, 1.65, 12, 300, 225, 0
3, 67, 1, 1.6, 4, 300, 270, 0
3, 68, 1, 1.7, 25, 300, 45, 1
3, 69, 1, 1.7, 24, 350, 180, 0
3, 70, 1, 1.7, 21, 200, 315, 0
3, 71, 1, 1.7, 19, 150, 45, 1
3, 72, 1, 1.65, 16, 150, 270, 1
3, 73, 1, 1.6, 8, 350, 180, 0
3, 74, 1, 1.6, 9, 250, 225, 0
3, 75, 1, 1.7, 22, 100, 90, 1
3, 76, 1, 1.65, 10, 100, 135, 1
3, 77, 1, 1.65, 14, 350, 315, 0
3, 78, 1, 1.6, 7, 250, 0, 0
3, 79, 1, 1.6, 3, 400, 225, 0
3, 80, 1, 1.65, 18, 350, 45, 0
3, 81, 1, 1.65, 18, 300, 270, 1
3, 82, 1, 1.7, 25, 150, 45, 1
3, 83, 1, 1.6, 7, 400, 135, 0
3, 84, 1, 1.7, 21, 200, 135, 1
3, 85, 1, 1.6, 1, 250, 90, 0
3, 86, 1, 1.65, 11, 300, 135, 0
3, 87, 1, 1.6, 7, 100, 315, 0
3, 88, 1, 1.7, 25, 50, 225, 1
3, 89, 1, 1.6, 4, 150, 45, 0
3, 90, 1, 1.7, 21, 250, 90, 1
3, 91, 1, 1.65, 11, 50, 135, 1
3, 92, 1, 1.7, 27, 150, 315, 1
3, 93, 1, 1.65, 12, 200, 90, 1
3, 94, 1, 1.6, 1, 350, 90, 1
3, 95, 0, 1.6, 33, NaN, NaN, 0
3, 96, 1, 1.65, 13, 250, 45, 0
3, 97, 1, 1.7, 26, 50, 315, 1
3, 98, 1, 1.65, 12, 350, 180, 0
3, 99, 1, 1.6, 8, 150, 90, 0
3, 100, 1, 1.6, 5, 250, 45, 0
3, 101, 1, 1.65, 18, 200, 135, 1
3, 102, 1, 1.7, 24, 200, 0, 1
3, 103, 1, 1.6, 1, 200, 225, 1
3, 104, 1, 1.6, 4, 50, 180, 0
3, 105, 1, 1.7, 23, 400, 270, 1
3, 106, 1, 1.6, 7, 150, 45, 0
3, 107, 1, 1.6, 4, 250, 90, 0
3, 108, 1, 1.6, 5, 150, 45, 1
3, 109, 1, 1.6, 8, 100, 180, 0
3, 110, 1, 1.6, 1, 300, 315, 0
3, 111, 1, 1.6, 4, 150, 315, 0
3, 112, 1, 1.6, 1, 200, 135, 0
3, 113, 1, 1.7, 27, 350, 0, 1
3, 114, 0, 1.6, 112, NaN, NaN, 0
3, 115, 1, 1.6, 6, 150, 270, 0
3, 116, 1, 1.65, 12, 100, 180, 1
3, 117, 0, 1.7, 226, NaN, NaN, 0
3, 118, 1, 1.65, 15, 50, 135, 1
3, 119, 1, 1.7, 23, 100, 270, 1
3, 120, 1, 1.65, 11, 300, 270, 1
3, 121, 1, 1.6, 8, 100, 270, 0
3, 122, 1, 1.7, 19, 250, 90, 1
3, 123, 0, 1.7, 204, NaN, NaN, 0
3, 124, 1, 1.65, 16, 300, 225, 0
3, 125, 1, 1.65, 12, 400, 315, 0
3, 126, 0, 1.7, 229, NaN, NaN, 0
3, 127, 1, 1.7, 25, 100, 45, 1
3, 128, 1, 1.6, 9, 150, 0, 1
3, 129, 1, 1.65, 18, 200, 0, 1
3, 130, 1, 1.7, 21, 150, 135, 1
3, 131, 1, 1.6, 8, 50, 270, 1
3, 132, 1, 1.65, 17, 100, 270, 1
3, 133, 0, 1.65, 131, NaN, NaN, 0
3, 134, 0, 1.65, 173, NaN, NaN, 0
3, 135, 1, 1.7, 23, 150, 45, 1
3, 136, 1, 1.65, 16, 50, 225, 1
3, 137, 1, 1.65, 11, 200, 180, 1
3, 138, 1, 1.65, 15, 100, 270, 0
3, 139, 1, 1.65, 12, 100, 270, 1
3, 140, 1, 1.6, 9, 300, 270, 0
3, 141, 1, 1.6, 8, 350, 225, 1
3, 142, 0, 1.6, 28, NaN, NaN, 1
3, 143, 1, 1.7, 23, 150, 180, 1
3, 144, 1, 1.7, 24, 50, 0, 1
3, 145, 0, 1.7, 218, NaN, NaN, 0
3, 146, 1, 1.6, 5, 200, 180, 0
3, 147, 1, 1.6, 5, 200, 0, 0
3, 148, 0, 1.65, 187, NaN, NaN, 0
3, 149, 1, 1.65, 15, 100, 225, 1
3, 150, 0, 1.7, 283, NaN, NaN, 0
3, 151, 0, 1.65, 141, NaN, NaN, 0
3, 152, 0, 1.7, 216, NaN, NaN, 0
3, 153, 1, 1.65, 18, 400, 270, 1
3, 154, 1, 1.6, 6, 200, 45, 0
3, 155, 1, 1.65, 14, 400, 45, 0
3, 156, 1, 1.6, 9, 300, 180, 0
3, 157, 1, 1.65, 12, 50, 90, 1
3, 158, 1, 1.6, 3, 100, 90, 1
3, 159, 1, 1.65, 11, 150, 45, 1
3, 160, 0, 1.6, 80, NaN, NaN, 0
3, 161, 1, 1.65, 11, 250, 180, 1
3, 162, 1, 1.65, 14, 150, 135, 0
3, 163, 1, 1.7, 21, 150, 270, 0
3, 164, 1, 1.65, 15, 350, 180, 0
3, 165, 1, 1.65, 10, 350, 45, 0
3, 166, 1, 1.7, 19, 350, 90, 0
3, 167, 1, 1.7, 27, 400, 180, 0
3, 168, 0, 1.65, 133, NaN, NaN, 0
3, 169, 1, 1.7, 23, 150, 0, 1
3, 170, 1, 1.7, 25, 250, 180, 0
3, 171, 1, 1.6, 8, 350, 315, 0
3, 172, 0, 1.7, 215, NaN, NaN, 0
3, 173, 1, 1.6, 2, 100, 45, 1
3, 174, 1, 1.65, 12, 350, 225, 0
3, 175, 0, 1.6, 113, NaN, NaN, 0
3, 176, 1, 1.6, 7, 150, 135, 0
3, 177, 0, 1.6, 48, NaN, NaN, 0
3, 178, 1, 1.7, 20, 150, 225, 0
3, 179, 1, 1.6, 9, 150, 270, 0
3, 180, 1, 1.6, 8, 250, 90, 1
3, 181, 1, 1.6, 6, 300, 135, 0
3, 182, 1, 1.65, 17, 350, 90, 1
3, 183, 1, 1.65, 14, 300, 270, 1
3, 184, 1, 1.6, 9, 300, 225, 1
3, 185, 1, 1.65, 12, 200, 270, 0
3, 186, 1, 1.65, 15, 250, 90, 0
3, 187, 1, 1.65, 12, 350, 270, 1
3, 188, 0, 1.65, 190, NaN, NaN, 0
3, 189, 1, 1.6, 3, 250, 135, 0
3, 190, 1, 1.65, 13, 200, 270, 1
3, 191, 1, 1.6, 2, 50, 180, 1
3, 192, 1, 1.7, 26, 50, 180, 1
3, 193, 0, 1.7, 240, NaN, NaN, 0
3, 194, 1, 1.6, 9, 150, 45, 0
3, 195, 1, 1.65, 10, 350, 270, 0
3, 196, 1, 1.6, 9, 300, 45, 0
3, 197, 1, 1.6, 8, 300, 0, 0
3, 198, 1, 1.6, 1, 50, 0, 0
3, 199, 1, 1.6, 5, 250, 135, 0
3, 200, 1, 1.7, 26, 250, 0, 1
3, 201, 1, 1.6, 1, 300, 180, 0
3, 202, 1, 1.7, 20, 300, 135, 1
3, 203, 1, 1.65, 11, 150, 135, 1
3, 204, 1, 1.6, 4, 300, 225, 1
3, 205, 0, 1.65, 129, NaN, NaN, 0
3, 206, 1, 1.6, 6, 50, 315, 1
3, 207, 1, 1.7, 25, 250, 225, 1
3, 208, 1, 1.6, 5, 100, 180, 1
3, 209, 1, 1.65, 11, 200, 225, 1
3, 210, 1, 1.6, 7, 100, 0, 0
3, 211, 1, 1.65, 15, 50, 180, 1
3, 212, 1, 1.6, 3, 250, 180, 0
3, 213, 0, 1.6, 59, NaN, NaN, 1
3, 214, 1, 1.6, 6, 400, 315, 0
3, 215, 1, 1.7, 27, 50, 90, 1
3, 216, 1, 1.7, 26, 300, 225, 0
3, 217, 1, 1.7, 19, 250, 135, 1
3, 218, 1, 1.7, 22, 350, 315, 1
3, 219, 1, 1.6, 4, 250, 180, 1
3, 220, 1, 1.65, 10, 250, 270, 1
3, 221, 1, 1.7, 24, 200, 315, 1
3, 222, 1, 1.6, 5, 400, 135, 0
3, 223, 0, 1.6, 30, NaN, NaN, 0
3, 224, 1, 1.6, 8, 300, 45, 1
3, 225, 0, 1.7, 234, NaN, NaN, 0
3, 226, 1, 1.6, 5, 150, 0, 1
3, 227, 1, 1.65, 13, 200, 90, 1
3, 228, 1, 1.6, 6, 400, 0, 0
3, 229, 1, 1.65, 17, 300, 0, 0
3, 230, 0, 1.65, 194, NaN, NaN, 0
3, 231, 0, 1.7, 236, NaN, NaN, 0
3, 232, 1, 1.7, 22, 150, 90, 1
3, 233, 1, 1.6, 4, 100, 225, 1
3, 234, 1, 1.65, 12, 150, 315, 0
3, 235, 1, 1.7, 23, 300, 270, 1
3, 236, 0, 1.7, 276, NaN, NaN, 0
3, 237, 1, 1.7, 22, 300, 225, 0
3, 238, 1, 1.65, 16, 50, 180, 1
3, 239, 1, 1.6, 2, 350, 225, 0
3, 240, 1, 1.6, 2, 100, 225, 0
3, 241, 1, 1.6, 1, 150, 0, 0
3, 242, 1, 1.6, 8, 50, 90, 1
3, 243, 1, 1.7, 27, 150, 180, 1
3, 244, 1, 1.7, 19, 300, 135, 1
3, 245, 1, 1.6, 7, 50, 180, 1
3, 246, 1, 1.7, 25, 150, 225, 1
3, 247, 1, 1.65, 12, 350, 0, 1
3, 248, 1, 1.7, 20, 150, 90, 1
3, 249, 1, 1.65, 18, 350, 0, 0
3, 250, 1, 1.7, 24, 250, 225, -1
3, 251, 0, 1.7, 200, NaN, NaN, 0
3, 252, 1, 1.65, 10, 50, 45, 1
3, 253, 1, 1.65, 13, 150, 180, 1
3, 254, 1, 1.7, 22, 200, 135, 1
3, 255, 1, 1.6, 1, 250, 45, 0
3, 256, 1, 1.65, 13, 150, 225, 0
3, 257, 1, 1.7, 19, 400, 225, 1
3, 258, 0, 1.7, 250, NaN, NaN, 0
3, 259, 0, 1.6, 62, NaN, NaN, 0
3, 260, 1, 1.65, 17, 350, 315, 1
3, 261, 1, 1.65, 14, 400, 180, 0
3, 262, 1, 1.7, 27, 250, 180, 1
3, 263, 1, 1.65, 13, 350, 90, 0
3, 264, 1, 1.6, 9, 400, 225, 0
3, 265, 1, 1.6, 5, 300, 225, 0
3, 266, 1, 1.7, 25, 300, 135, 0
3, 267, 1, 1.7, 26, 300, 270, 1
3, 268, 1, 1.7, 25, 100, 270, 0
3, 269, 1, 1.6, 1, 100, 45, 0
3, 270, 1, 1.6, 4, 100, 135, 0
3, 271, 1, 1.65, 11, 150, 180, 1
3, 272, 1, 1.7, 22, 200, 90, 1
3, 273, 1, 1.7, 21, 300, 315, 0
3, 274, 1, 1.65, 15, 300, 45, 1
3, 275, 1, 1.7, 19, 250, 45, 1
3, 276, 1, 1.7, 21, 100, 180, 0
3, 277, 1, 1.7, 22, 250, 180, 1
3, 278, 0, 1.6, 29, NaN, NaN, 0
3, 279, 1, 1.65, 11, 200, 45, 1
3, 280, 1, 1.65, 17, 350, 225, 1
3, 281, 1, 1.6, 7, 50, 270, 0
3, 282, 1, 1.7, 26, 100, 0, 1
3, 283, 1, 1.65, 16, 200, 270, 1
3, 284, 1, 1.6, 8, 400, 135, 0
3, 285, 1, 1.7, 20, 250, 0, 0
3, 286, 1, 1.6, 2, 150, 315, 1
3, 287, 1, 1.7, 21, 350, 0, -1
3, 288, 0, 1.7, 205, NaN, NaN, 0
3, 289, 1, 1.65, 13, 300, 135, 1
3, 290, 1, 1.6, 6, 100, 270, 0
3, 291, 1, 1.6, 8, 300, 180, 0
3, 292, 0, 1.6, 88, NaN, NaN, 0
3, 293, 1, 1.7, 27, 350, 135, 0
3, 294, 1, 1.6, 7, 350, 45, -1
3, 295, 1, 1.7, 27, 400, 225, 0
3, 296, 1, 1.6, 5, 100, 90, 0
3, 297, 1, 1.7, 19, 350, 180, 0
3, 298, 1, 1.7, 21, 350, 315, 0
3, 299, 1, 1.6, 9, 150, 90, 1
3, 300, 1, 1.65, 10, 150, 0, 0
3, 301, 0, 1.6, 78, NaN, NaN, 0
3, 302, 1, 1.65, 13, 100, 135, 0
3, 303, 1, 1.7, 21, 400, 90, 0
3, 304, 1, 1.6, 5, 350, 225, 0
3, 305, 1, 1.6, 1, 150, 45, 0
3, 306, 1, 1.65, 16, 300, 180, 1
3, 307, 1, 1.7, 26, 200, 180, 1
3, 308, 1, 1.6, 8, 400, 225, 0
3, 309, 1, 1.7, 21, 350, 45, 1
3, 310, 1, 1.7, 24, 350, 315, 1
3, 311, 1, 1.65, 18, 250, 90, 1
3, 312, 1, 1.65, 10, 150, 135, 0
3, 313, 1, 1.6, 3, 400, 270, 0
3, 314, 0, 1.7, 225, NaN, NaN, 0
3, 315, 0, 1.6, 67, NaN, NaN, 0
3, 316, 1, 1.7, 19, 400, 315, 0
3, 317, 1, 1.7, 24, 250, 135, 0
3, 318, 0, 1.65, 167, NaN, NaN, 0
3, 319, 0, 1.7, 232, NaN, NaN, 0
3, 320, 1, 1.6, 5, 400, 45, 0
3, 321, 0, 1.6, 85, NaN, NaN, 0
3, 322, 1, 1.65, 13, 50, 135, 1
3, 323, 1, 1.65, 11, 150, 90, 1
3, 324, 1, 1.6, 1, 200, 0, 0
3, 325, 1, 1.6, 3, 100, 180, 0
3, 326, 0, 1.7, 268, NaN, NaN, 0
3, 327, 1, 1.7, 21, 400, 270, 1
3, 328, 1, 1.7, 25, 400, 180, 0
3, 329, 0, 1.6, 71, NaN, NaN, 0
3, 330, 1, 1.7, 21, 200, 270, 0
3, 331, 1, 1.6, 6, 150, 225, -1
3, 332, 1, 1.7, 22, 400, 0, 1
3, 333, 1, 1.6, 1, 200, 315, 0
3, 334, 1, 1.65, 12, 200, 0, 1
3, 335, 1, 1.6, 4, 250, 45, 0
3, 336, 1, 1.7, 22, 400, 270, 1
3, 337, 1, 1.7, 27, 200, 135, 0
3, 338, 1, 1.6, 9, 50, 270, 0
3, 339, 0, 1.7, 211, NaN, NaN, 0
3, 340, 0, 1.6, 53, NaN, NaN, 0
3, 341, 1, 1.7, 21, 400, 135, 0
3, 342, 0, 1.7, 275, NaN, NaN, 0
3, 343, 1, 1.7, 23, 300, 45, 0
3, 344, 1, 1.6, 2, 250, 0, 0
3, 345, 1, 1.65, 10, 350, 225, 0
3, 346, 1, 1.7, 27, 50, 135, 1
3, 347, 1, 1.6, 6, 50, 90, 1
3, 348, 1, 1.7, 25, 150, 315, 1
3, 349, 1, 1.7, 26, 350, 135, 0
3, 350, 1, 1.6, 2, 150, 0, 1
3, 351, 1, 1.6, 7, 400, 180, 0
3, 352, 1, 1.6, 8, 150, 180, 0
3, 353, 1, 1.7, 27, 250, 270, 1
3, 354, 1, 1.7, 27, 200, 45, 1
3, 355, 1, 1.65, 16, 350, 90, 1
3, 356, 0, 1.65, 174, NaN, NaN, 1
3, 357, 0, 1.65, 163, NaN, NaN, 0
3, 358, 1, 1.7, 25, 200, 270, 1
3, 359, 1, 1.6, 9, 150, 135, 0
3, 360, 1, 1.7, 21, 150, 315, 1
3, 361, 1, 1.6, 5, 300, 90, 0
3, 362, 1, 1.6, 5, 100, 45, 1
3, 363, 1, 1.65, 11, 350, 315, 1
3, 364, 1, 1.65, 12, 350, 45, 1
3, 365, 1, 1.65, 15, 400, 225, 0
3, 366, 0, 1.7, 227, NaN, NaN, 0
3, 367, 1, 1.7, 20, 400, 45, 0
3, 368, 1, 1.7, 23, 400, 0, 1
3, 369, 1, 1.7, 25, 50, 0, -1
3, 370, 1, 1.65, 13, 250, 90, 1
3, 371, 1, 1.65, 12, 150, 180, 1
3, 372, 1, 1.6, 3, 350, 135, 0
3, 373, 1, 1.65, 16, 100, 315, 1
3, 374, 1, 1.6, 8, 50, 45, 1
3, 375, 1, 1.65, 10, 300, 180, 0
3, 376, 0, 1.7, 217, NaN, NaN, 0
3, 377, 1, 1.65, 10, 300, 135, 0
3, 378, 0, 1.6, 79, NaN, NaN, 0
3, 379, 1, 1.6, 8, 200, 225, 0
3, 380, 1, 1.6, 8, 250, 135, 0
3, 381, 1, 1.65, 12, 50, 135, 1
3, 382, 1, 1.7, 19, 200, 90, 1
3, 383, 1, 1.65, 10, 200, 225, 0
3, 384, 1, 1.7, 20, 250, 315, 1
3, 385, 1, 1.6, 3, 300, 180, 0
3, 386, 1, 1.65, 14, 150, 180, 0
3, 387, 1, 1.65, 18, 100, 180, 1
3, 388, 1, 1.6, 2, 300, 45, 0
3, 389, 1, 1.65, 12, 400, 135, 0
3, 390, 1, 1.6, 6, 250, 0, 0
3, 391, 1, 1.65, 11, 100, 0, 0
3, 392, 1, 1.6, 9, 50, 315, 0
3, 393, 1, 1.6, 5, 250, 180, 0
3, 394, 1, 1.6, 2, 300, 270, 0
3, 395, 1, 1.65, 16, 100, 270, 0
3, 396, 1, 1.7, 23, 300, 225, 0
3, 397, 1, 1.65, 17, 250, 45, 1
3, 398, 1, 1.7, 26, 250, 315, 1
3, 399, 1, 1.6, 7, 250, 225, 0
3, 400, 1, 1.7, 27, 100, 90, 1
3, 401, 1, 1.6, 6, 50, 180, 1
3, 402, 1, 1.65, 15, 200, 225, 1
3, 403, 1, 1.65, 15, 50, 315, 1
3, 404, 1, 1.6, 7, 250, 90, 1
3, 405, 1, 1.6, 7, 400, 315, 0
3, 406, 1, 1.6, 2, 300, 90, 1
3, 407, 1, 1.6, 8, 400, 45, 0
3, 408, 1, 1.65, 12, 400, 0, 0
3, 409, 1, 1.7, 19, 100, 90, 1
3, 410, 0, 1.65, 180, NaN, NaN, 0
3, 411, 1, 1.7, 22, 100, 315, 1
3, 412, 0, 1.7, 252, NaN, NaN, 0
3, 413, 1, 1.7, 20, 300, 90, 1
3, 414, 1, 1.6, 1, 100, 225, 1
3, 415, 1, 1.6, 6, 400, 270, 0
3, 416, 1, 1.7, 24, 400, 90, 0
3, 417, 1, 1.6, 6, 200, 270, 1
3, 418, 1, 1.6, 7, 400, 45, 0
3, 419, 1, 1.65, 10, 150, 45, 0
3, 420, 1, 1.7, 26, 250, 225, 1
3, 421, 1, 1.7, 22, 350, 180, 0
3, 422, 1, 1.65, 18, 350, 225, 1
3, 423, 1, 1.65, 13, 150, 270, 0
3, 424, 1, 1.7, 20, 300, 225, 0
3, 425, 1, 1.6, 4, 250, 270, 0
3, 426, 1, 1.65, 10, 250, 225, 0
3, 427, 1, 1.6, 1, 250, 225, 0
3, 428, 1, 1.7, 21, 250, 315, 1
3, 429, 1, 1.7, 23, 250, 180, 1
3, 430, 1, 1.65, 17, 150, 315, 1
3, 431, 1, 1.7, 24, 350, 45, 0
3, 432, 1, 1.65, 10, 400, 0, 0
3, 433, 1, 1.6, 6, 200, 90, 0
3, 434, 1, 1.7, 23, 350, 225, 0
3, 435, 1, 1.65, 18, 250, 45, 1
3, 436, 1, 1.6, 6, 150, 90, 0
3, 437, 1, 1.6, 1, 100, 0, 0
3, 438, 1, 1.65, 17, 200, 180, 0
3, 439, 1, 1.65, 11, 100, 135, 1
3, 440, 1, 1.6, 9, 100, 225, 1
3, 441, 1, 1.7, 26, 350, 180, 0
3, 442, 0, 1.6, 82, NaN, NaN, 0
3, 443, 1, 1.7, 23, 100, 315, 1
3, 444, 0, 1.7, 228, NaN, NaN, 0
3, 445, 1, 1.6, 1, 400, 270, 0
3, 446, 1, 1.65, 14, 300, 45, 0
3, 447, 0, 1.6, 108, NaN, NaN, 0
3, 448, 1, 1.6, 4, 200, 180, 0
3, 449, 1, 1.6, 2, 150, 270, 1
3, 450, 1, 1.65, 12, 150, 270, 1
3, 451, 1, 1.7, 19, 150, 135, 1
3, 452, 1, 1.65, 13, 50, 225, 1
3, 453, 1, 1.7, 21, 150, 0, 1
3, 454, 1, 1.6, 8, 250, 225, 0
3, 455, 1, 1.7, 23, 150, 90, 1
3, 456, 1, 1.65, 13, 250, 225, 0
3, 457, 1, 1.7, 20, 200, 270, 1
3, 458, 1, 1.65, 17, 350, 180, 0
3, 459, 1, 1.65, 18, 50, 45, 0
3, 460, 1, 1.6, 8, 200, 180, 0
3, 461, 1, 1.65, 18, 300, 45, 1
3, 462, 1, 1.65, 12, 250, 0, 1
3, 463, 1, 1.7, 26, 350, 315, 0
3, 464, 1, 1.65, 18, 400, 180, 0
3, 465, 1, 1.65, 13, 350, 225, 0
3, 466, 0, 1.65, 184, NaN, NaN, 0
3, 467, 1, 1.65, 18, 250, 270, 0
3, 468, 1, 1.7, 21, 250, 135, 1
3, 469, 1, 1.65, 11, 400, 225, 0
3, 470, 1, 1.65, 15, 350, 90, 0
3, 471, 1, 1.7, 20, 100, 45, 1
3, 472, 0, 1.65, 143, NaN, NaN, 0
3, 473, 1, 1.6, 4, 250, 315, 0
3, 474, 1, 1.65, 18, 300, 225, 0
3, 475, 1, 1.6, 9, 50, 225, 1
3, 476, 1, 1.7, 19, 300, 0, 0
3, 477, 1, 1.7, 26, 300, 315, 0
3, 478, 1, 1.65, 18, 50, 270, 1
3, 479, 1, 1.6, 9, 300, 90, 1
3, 480, 1, 1.7, 20, 300, 315, 1
3, 481, 1, 1.7, 26, 200, 315, 0
3, 482, 1, 1.7, 25, 300, 225, 1
3, 483, 1, 1.7, 20, 100, 225, 1
3, 484, 1, 1.6, 5, 400, 315, 0
3, 485, 1, 1.65, 15, 150, 135, 1
3, 486, 1, 1.6, 9, 250, 45, 0
3, 487, 1, 1.7, 26, 350, 45, 1
3, 488, 1, 1.7, 26, 150, 270, 0
3, 489, 1, 1.6, 5, 100, 315, 0
3, 490, 1, 1.6, 5, 50, 0, 1
3, 491, 1, 1.65, 12, 300, 135, 1
3, 492, 1, 1.7, 23, 50, 90, 1
3, 493, 1, 1.6, 1, 400, 315, 0
3, 494, 1, 1.6, 6, 300, 90, 0
3, 495, 1, 1.7, 22, 400, 45, 0
3, 496, 0, 1.7, 281, NaN, NaN, 0
3, 497, 1, 1.7, 19, 200, 180, 1
3, 498, 1, 1.6, 4, 350, 135, 0
3, 499, 1, 1.6, 3, 200, 180, 0
3, 500, 0, 1.7, 220, NaN, NaN, -1
3, 501, 1, 1.7, 27, 200, 0, 1
3, 502, 1, 1.7, 21, 250, 270, 1
3, 503, 1, 1.7, 25, 250, 45, 1
3, 504, 0, 1.7, 267, NaN, NaN, 0
3, 505, 1, 1.65, 13, 150, 0, 0
3, 506, 0, 1.7, 202, NaN, NaN, 0
3, 507, 0, 1.65, 150, NaN, NaN, 0
3, 508, 1, 1.7, 21, 250, 225, 0
3, 509, 1, 1.7, 25, 50, 45, 1
3, 510, 1, 1.65, 10, 250, 135, 0
3, 511, 1, 1.65, 18, 100, 135, 1
3, 512, 1, 1.6, 7, 250, 270, 0
3, 513, 1, 1.6, 9, 200, 135, 0
3, 514, 1, 1.7, 19, 50, 180, 1
3, 515, 0, 1.65, 179, NaN, NaN, 0
3, 516, 0, 1.6, 57, NaN, NaN, 0
3, 517, 1, 1.65, 12, 300, 0, 0
3, 518, 0, 1.6, 77, NaN, NaN, 0
3, 519, 1, 1.65, 13, 200, 135, 1
3, 520, 1, 1.65, 15, 50, 45, 0
3, 521, 1, 1.65, 15, 250, 315, 0
3, 522, 1, 1.65, 10, 300, 0, 0
3, 523, 1, 1.7, 27, 300, 180, 0
3, 524, 1, 1.65, 16, 100, 0, 0
3, 525, 0, 1.6, 64, NaN, NaN, 0
3, 526, 1, 1.65, 18, 250, 135, 0
3, 527, 1, 1.7, 26, 200, 225, 1
3, 528, 0, 1.6, 39, NaN, NaN, 0
3, 529, 1, 1.7, 23, 200, 315, 0
3, 530, 1, 1.6, 5, 250, 270, 0
3, 531, 1, 1.7, 19, 300, 90, 1
3, 532, 1, 1.7, 20, 50, 135, 1
3, 533, 1, 1.65, 14, 350, 0, 0
3, 534, 1, 1.6, 3, 300, 135, 0
3, 535, 1, 1.7, 27, 300, 0, 0
3, 536, 1, 1.65, 13, 50, 180, 1
3, 537, 1, 1.7, 22, 50, 315, 1
3, 538, 1, 1.7, 27, 250, 315, 1
3, 539, 1, 1.6, 4, 200, 315, 1
3, 540, 1, 1.6, 3, 150, 135, 1
3, 541, 0, 1.7, 282, NaN, NaN, 0
3, 542, 1, 1.65, 12, 150, 225, 0
3, 543, 1, 1.7, 27, 300, 225, 1
3, 544, 1, 1.65, 14, 350, 90, 0
3, 545, 1, 1.6, 3, 50, 90, 0
3, 546, 1, 1.7, 25, 400, 270, 0
3, 547, 1, 1.65, 12, 350, 315, 0
3, 548, 1, 1.65, 10, 200, 90, 0
3, 549, 1, 1.7, 19, 250, 225, 0
3, 550, 1, 1.6, 5, 400, 225, 0
3, 551, 1, 1.7, 27, 400, 270, 1
3, 552, 1, 1.6, 8, 200, 90, 0
3, 553, 1, 1.65, 14, 400, 270, 1
3, 554, 0, 1.65, 186, NaN, NaN, 0
3, 555, 1, 1.65, 17, 250, 0, 0
3, 556, 1, 1.7, 22, 350, 90, 0
3, 557, 1, 1.65, 12, 100, 45, 0
3, 558, 1, 1.65, 16, 400, 0, 0
3, 559, 1, 1.7, 23, 150, 270, 0
3, 560, 1, 1.6, 4, 100, 180, 0
3, 561, 1, 1.7, 20, 50, 90, 0
3, 562, 1, 1.6, 9, 350, 0, 0
3, 563, 1, 1.65, 12, 400, 270, 0
3, 564, 1, 1.65, 16, 350, 225, 0
3, 565, 1, 1.7, 20, 100, 315, 0
3, 566, 1, 1.7, 27, 300, 90, 0
3, 567, 1, 1.6, 5, 400, 180, 0
3, 568, 1, 1.7, 21, 200, 45, 0
3, 569, 0, 1.7, 222, NaN, NaN, 0
3, 570, 0, 1.65, 126, NaN, NaN, 0
3, 571, 1, 1.65, 14, 250, 180, 0
3, 572, 1, 1.7, 26, 150, 315, 1
3, 573, 1, 1.65, 13, 150, 90, 0
3, 574, 1, 1.7, 26, 100, 135, 1
3, 575, 1, 1.7, 22, 100, 270, 1
3, 576, 1, 1.7, 23, 250, 270, 0
3, 577, 0, 1.7, 272, NaN, NaN, 0
3, 578, 1, 1.65, 18, 250, 225, 1
3, 579, 0, 1.6, 31, NaN, NaN, 0
3, 580, 1, 1.6, 4, 300, 45, 0
3, 581, 1, 1.6, 5, 300, 180, 0
3, 582, 1, 1.6, 4, 350, 180, 0
3, 583, 1, 1.7, 27, 100, 270, 1
3, 584, 1, 1.65, 18, 100, 270, 1
3, 585, 0, 1.65, 139, NaN, NaN, 0
3, 586, 1, 1.65, 10, 350, 0, 1
3, 587, 1, 1.65, 18, 350, 135, 0
3, 588, 1, 1.65, 17, 100, 90, 1
3, 589, 0, 1.65, 154, NaN, NaN, 0
3, 590, 1, 1.6, 7, 150, 180, 0
3, 591, 1, 1.65, 10, 100, 90, 1
3, 592, 1, 1.7, 23, 100, 135, 1
3, 593, 1, 1.7, 21, 400, 45, 0
3, 594, 1, 1.7, 26, 200, 0, 1
3, 595, 1, 1.6, 1, 300, 270, 0
3, 596, 1, 1.65, 17, 150, 0, 0
3, 597, 1, 1.65, 18, 350, 180, 0
3, 598, 1, 1.6, 8, 250, 315, 0
3, 599, 1, 1.7, 20, 250, 135, 0
3, 600, 0, 1.65, 161, NaN, NaN, 1
3, 601, 1, 1.6, 4, 400, 45, 0
3, 602, 1, 1.7, 21, 150, 45, 1
3, 603, 1, 1.65, 16, 400, 270, 0
3, 604, 1, 1.65, 10, 250, 0, 1
3, 605, 1, 1.7, 20, 100, 180, 1
3, 606, 1, 1.65, 16, 100, 135, 1
3, 607, 1, 1.7, 19, 100, 315, 1
3, 608, 0, 1.65, 144, NaN, NaN, 0
3, 609, 0, 1.6, 44, NaN, NaN, 0
3, 610, 1, 1.6, 3, 50, 135, 0
3, 611, 1, 1.7, 21, 300, 270, 1
3, 612, 1, 1.7, 22, 300, 315, 0
3, 613, 1, 1.7, 26, 100, 90, 1
3, 614, 0, 1.65, 162, NaN, NaN, 0
3, 615, 1, 1.6, 3, 150, 315, 0
3, 616, 1, 1.6, 3, 400, 0, 0
3, 617, 1, 1.7, 25, 350, 90, 1
3, 618, 0, 1.7, 230, NaN, NaN, 0
3, 619, 1, 1.6, 7, 300, 315, 0
3, 620, 1, 1.6, 4, 100, 45, 0
3, 621, 1, 1.6, 1, 350, 135, 0
3, 622, 1, 1.65, 13, 250, 270, 0
3, 623, 1, 1.7, 22, 350, 135, 1
3, 624, 1, 1.65, 17, 50, 45, 1
3, 625, 1, 1.65, 13, 300, 90, 1
3, 626, 1, 1.7, 21, 300, 0, 1
3, 627, 1, 1.7, 26, 250, 45, 1
3, 628, 1, 1.6, 3, 150, 0, 0
3, 629, 0, 1.6, 34, NaN, NaN, 0
3, 630, 0, 1.7, 210, NaN, NaN, 0
3, 631, 1, 1.65, 16, 250, 315, 0
3, 632, 1, 1.7, 21, 100, 135, 0
3, 633, 1, 1.7, 25, 300, 90, 1
3, 634, 1, 1.6, 7, 350, 315, 0
3, 635, 1, 1.6, 8, 150, 225, 0
3, 636, 1, 1.65, 13, 300, 180, 0
3, 637, 1, 1.7, 24, 350, 0, 0
3, 638, 1, 1.7, 25, 200, 315, 0
3, 639, 1, 1.6, 3, 50, 315, 0
3, 640, 1, 1.6, 7, 300, 90, 0
3, 641, 1, 1.6, 2, 150, 180, 0
3, 642, 1, 1.6, 7, 100, 225, 0
3, 643, 1, 1.65, 11, 50, 0, 1
3, 644, 1, 1.7, 25, 300, 270, 0
3, 645, 1, 1.7, 27, 150, 0, 1
3, 646, 1, 1.7, 26, 50, 270, 0
3, 647, 1, 1.7, 24, 250, 270, 0
3, 648, 1, 1.65, 14, 200, 270, 1
3, 649, 1, 1.65, 15, 100, 135, -1
3, 650, 1, 1.7, 21, 200, 225, 1
3, 651, 1, 1.65, 14, 200, 180, 1
3, 652, 1, 1.65, 18, 150, 180, 0
3, 653, 1, 1.65, 12, 400, 180, 0
3, 654, 1, 1.6, 8, 350, 45, 0
3, 655, 0, 1.6, 38, NaN, NaN, 0
3, 656, 1, 1.6, 2, 250, 225, 0
3, 657, 1, 1.7, 24, 300, 0, 1
3, 658, 1, 1.6, 7, 150, 0, 0
3, 659, 1, 1.7, 19, 50, 90, 1
3, 660, 1, 1.65, 15, 400, 90, 0
3, 661, 0, 1.65, 138, NaN, NaN, 0
3, 662, 1, 1.7, 26, 400, 0, 0
3, 663, 1, 1.65, 16, 50, 315, 1
3, 664, 1, 1.65, 16, 150, 135, 1
3, 665, 1, 1.7, 25, 100, 225, 1
3, 666, 0, 1.65, 146, NaN, NaN, 0
3, 667, 1, 1.65, 16, 400, 90, 1
3, 668, 1, 1.65, 15, 250, 135, 0
3, 669, 1, 1.7, 19, 100, 180, 0
3, 670, 0, 1.7, 264, NaN, NaN, 0
3, 671, 1, 1.65, 15, 400, 315, 0
3, 672, 1, 1.6, 6, 350, 180, 0
3, 673, 1, 1.7, 24, 100, 270, 1
3, 674, 1, 1.65, 11, 300, 180, 1
3, 675, 0, 1.7, 245, NaN, NaN, 0
3, 676, 1, 1.6, 2, 150, 90, 0
3, 677, 1, 1.7, 21, 400, 315, 0
3, 678, 1, 1.7, 19, 350, 225, 1
3, 679, 1, 1.7, 24, 150, 90, 1
3, 680, 1, 1.6, 3, 100, 135, 0
3, 681, 1, 1.6, 2, 400, 90, 0
3, 682, 1, 1.6, 2, 200, 180, 0
3, 683, 1, 1.7, 23, 50, 0, 0
3, 684, 0, 1.7, 265, NaN, NaN, 0
3, 685, 1, 1.65, 14, 350, 45, 0
3, 686, 1, 1.65, 16, 100, 180, 1
3, 687, 1, 1.7, 20, 400, 135, 0
3, 688, 1, 1.7, 21, 200, 0, 0
3, 689, 0, 1.65, 128, NaN, NaN, 0
3, 690, 1, 1.7, 20, 150, 315, 1
3, 691, 1, 1.6, 7, 250, 45, 0
3, 692, 1, 1.7, 24, 400, 225, 0
3, 693, 1, 1.6, 5, 200, 270, 1
3, 694, 1, 1.6, 3, 150, 45, 0
3, 695, 1, 1.6, 2, 350, 0, 0
3, 696, 1, 1.7, 22, 150, 135, 1
3, 697, 1, 1.65, 15, 250, 0, 0
3, 698, 1, 1.7, 26, 100, 270, 1
3, 699, 1, 1.65, 17, 150, 270, 1
3, 700, 1, 1.6, 8, 100, 90, 1
3, 701, 1, 1.65, 12, 200, 135, 1
3, 702, 1, 1.6, 1, 250, 315, 0
3, 703, 1, 1.65, 10, 100, 225, 1
3, 704, 1, 1.6, 2, 200, 135, 0
3, 705, 1, 1.6, 4, 300, 0, 0
3, 706, 1, 1.6, 3, 200, 45, 0
3, 707, 1, 1.6, 8, 300, 90, 0
3, 708, 1, 1.65, 13, 200, 315, 1
3, 709, 1, 1.6, 2, 50, 270, 1
3, 710, 1, 1.65, 15, 350, 45, 0
3, 711, 1, 1.65, 12, 250, 90, 0
3, 712, 1, 1.65, 10, 250, 315, 0
3, 713, 1, 1.65, 13, 400, 0, 0
3, 714, 0, 1.65, 191, NaN, NaN, 0
3, 715, 1, 1.65, 13, 50, 270, 1
3, 716, 1, 1.7, 24, 50, 180, 0
3, 717, 1, 1.6, 7, 400, 90, 0
3, 718, 1, 1.6, 6, 150, 0, 0
3, 719, 1, 1.7, 24, 50, 135, 1
3, 720, 1, 1.65, 18, 50, 90, 1
3, 721, 0, 1.7, 223, NaN, NaN, 0
3, 722, 1, 1.65, 12, 200, 315, 1
3, 723, 1, 1.7, 26, 100, 45, 1
3, 724, 0, 1.65, 170, NaN, NaN, 0
3, 725, 1, 1.6, 8, 200, 315, 0
3, 726, 1, 1.6, 9, 200, 180, 0
3, 727, 1, 1.6, 3, 400, 90, 0
3, 728, 1, 1.7, 19, 50, 315, 1
3, 729, 1, 1.7, 25, 100, 135, 0
3, 730, 1, 1.7, 21, 50, 90, 1
3, 731, 1, 1.7, 23, 150, 135, 1
3, 732, 1, 1.6, 6, 150, 180, 0
3, 733, 1, 1.65, 15, 350, 135, 0
3, 734, 1, 1.65, 13, 300, 270, 0
3, 735, 1, 1.6, 6, 250, 315, 0
3, 736, 1, 1.6, 8, 350, 270, 0
3, 737, 1, 1.65, 15, 50, 0, 1
3, 738, 1, 1.65, 13, 350, 180, 0
3, 739, 1, 1.6, 6, 200, 315, 0
3, 740, 1, 1.65, 13, 350, 315, 0
3, 741, 1, 1.6, 4, 150, 225, 0
3, 742, 1, 1.7, 20, 150, 180, 0
3, 743, 1, 1.7, 27, 300, 135, 1
3, 744, 1, 1.6, 6, 400, 90, 0
3, 745, 1, 1.7, 22, 350, 45, 0
3, 746, 0, 1.6, 46, NaN, NaN, 0
3, 747, 1, 1.6, 2, 350, 90, 0
3, 748, 1, 1.6, 3, 350, 315, 0
3, 749, 1, 1.65, 15, 400, 0, 0
3, 750, 1, 1.65, 10, 400, 135, 0
3, 751, 1, 1.7, 20, 350, 90, 0
3, 752, 1, 1.6, 6, 350, 270, 0
3, 753, 1, 1.6, 4, 50, 315, 0
3, 754, 0, 1.7, 214, NaN, NaN, 0
3, 755, 1, 1.65, 16, 300, 315, 0
3, 756, 1, 1.65, 16, 250, 45, 0
3, 757, 1, 1.6, 9, 200, 225, 0
3, 758, 1, 1.7, 22, 200, 225, 0
3, 759, 1, 1.65, 15, 400, 180, 0
3, 760, 1, 1.6, 5, 150, 315, 0
3, 761, 0, 1.7, 239, NaN, NaN, 0
3, 762, 1, 1.7, 21, 200, 180, 0
3, 763, 1, 1.7, 27, 100, 45, 0
3, 764, 1, 1.65, 17, 100, 0, 1
3, 765, 1, 1.65, 13, 100, 270, 1
3, 766, 1, 1.6, 2, 250, 315, 1
3, 767, 1, 1.65, 14, 300, 180, 0
3, 768, 1, 1.65, 11, 100, 90, 1
3, 769, 1, 1.7, 24, 300, 225, 1
3, 770, 1, 1.65, 18, 200, 90, 1
3, 771, 1, 1.7, 27, 250, 135, 1
3, 772, 1, 1.65, 15, 300, 225, 0
3, 773, 1, 1.65, 17, 200, 225, 1
3, 774, 0, 1.65, 132, NaN, NaN, 0
3, 775, 1, 1.6, 1, 50, 90, 0
3, 776, 1, 1.6, 3, 250, 315, 0
3, 777, 0, 1.65, 153, NaN, NaN, 0
3, 778, 1, 1.7, 19, 200, 225, 1
3, 779, 1, 1.7, 20, 250, 270, 1
3, 780, 1, 1.65, 17, 200, 135, 0
3, 781, 1, 1.65, 14, 300, 315, 0
3, 782, 1, 1.6, 6, 300, 315, 0
3, 783, 1, 1.7, 27, 400, 0, 0
3, 784, 0, 1.7, 279, NaN, NaN, 0
3, 785, 0, 1.7, 259, NaN, NaN, 0
3, 786, 1, 1.7, 26, 200, 90, 1
3, 787, 1, 1.6, 1, 400, 135, 0
3, 788, 1, 1.65, 18, 150, 0, 1
3, 789, 0, 1.65, 197, NaN, NaN, 0
3, 790, 1, 1.65, 18, 200, 180, 0
3, 791, 1, 1.7, 23, 50, 270, 1
3, 792, 1, 1.7, 19, 100, 270, 1
3, 793, 1, 1.7, 23, 350, 45, 0
3, 794, 1, 1.7, 24, 250, 180, 1
3, 795, 1, 1.65, 15, 150, 0, 0
3, 796, 1, 1.65, 18, 200, 270, 1
3, 797, 1, 1.65, 10, 350, 90, 0
3, 798, 0, 1.7, 207, NaN, NaN, 0
3, 799, 1, 1.6, 2, 250, 135, 0
3, 800, 1, 1.7, 22, 400, 225, 0
3, 801, 0, 1.65, 166, NaN, NaN, 0
3, 802, 1, 1.6, 4, 50, 45, 0
3, 803, 1, 1.7, 21, 100, 90, 1
3, 804, 1, 1.6, 7, 100, 90, 1
3, 805, 1, 1.65, 11, 250, 0, 1
3, 806, 1, 1.6, 5, 150, 180, 1
3, 807, 1, 1.6, 4, 50, 90, 1
3, 808, 1, 1.65, 17, 250, 90, 1
3, 809, 1, 1.6, 7, 400, 225, 0
3, 810, 1, 1.7, 26, 50, 225, 1
3, 811, 1, 1.7, 25, 400, 90, 0
3, 812, 1, 1.65, 15, 250, 225, 0
3, 813, 0, 1.7, 237, NaN, NaN, 0
3, 814, 1, 1.65, 14, 150, 45, 0
3, 815, 1, 1.6, 2, 400, 135, 0
3, 816, 1, 1.7, 22, 100, 225, 0
3, 817, 1, 1.7, 27, 400, 90, 0
3, 818, 1, 1.7, 23, 250, 225, 0
3, 819, 1, 1.6, 3, 150, 180, 0
3, 820, 1, 1.6, 6, 400, 45, 0
3, 821, 1, 1.65, 12, 150, 135, 0
3, 822, 1, 1.65, 10, 250, 180, 0
3, 823, 1, 1.6, 6, 50, 135, 0
3, 824, 1, 1.7, 25, 250, 0, 0
3, 825, 1, 1.7, 24, 50, 225, 1
3, 826, 1, 1.6, 8, 300, 315, 0
3, 827, 1, 1.6, 5, 300, 45, 0
3, 828, 1, 1.6, 1, 150, 135, 0
3, 829, 1, 1.65, 15, 350, 315, -1
3, 830, 1, 1.65, 11, 250, 315, 0
3, 831, 1, 1.6, 9, 300, 315, 0
3, 832, 1, 1.65, 14, 300, 135, 0
3, 833, 1, 1.65, 16, 300, 90, 1
3, 834, 0, 1.6, 47, NaN, NaN, 0
3, 835, 1, 1.7, 20, 50, 315, 1
3, 836, 1, 1.7, 21, 250, 180, 0
3, 837, 1, 1.65, 10, 200, 0, 1
3, 838, 1, 1.6, 5, 50, 90, 0
3, 839, 1, 1.6, 1, 350, 0, 0
3, 840, 1, 1.7, 27, 100, 180, 0
3, 841, 0, 1.6, 101, NaN, NaN, 0
3, 842, 1, 1.7, 19, 250, 0, 0
3, 843, 1, 1.65, 15, 150, 180, 0
3, 844, 0, 1.7, 251, NaN, NaN, 0
3, 845, 1, 1.7, 26, 400, 270, 0
3, 846, 0, 1.6, 50, NaN, NaN, 0
3, 847, 1, 1.6, 6, 150, 135, 0
3, 848, 1, 1.6, 4, 150, 135, 0
3, 849, 1, 1.6, 1, 350, 180, 0
3, 850, 0, 1.7, 278, NaN, NaN, -1
3, 851, 1, 1.65, 18, 50, 0, 0
3, 852, 1, 1.65, 12, 400, 45, 0
3, 853, 1, 1.6, 2, 400, 225, 0
3, 854, 1, 1.7, 19, 400, 45, 1
3, 855, 1, 1.6, 7, 300, 135, 0
3, 856, 1, 1.7, 26, 50, 90, 1
3, 857, 1, 1.7, 25, 300, 0, 0
3, 858, 1, 1.65, 14, 200, 315, 1
3, 859, 1, 1.7, 24, 400, 180, 0
3, 860, 1, 1.65, 17, 50, 135, 1
3, 861, 1, 1.7, 27, 150, 225, 1
3, 862, 0, 1.6, 66, NaN, NaN, 0
3, 863, 1, 1.7, 24, 50, 90, 1
3, 864, 1, 1.6, 3, 250, 0, 0
3, 865, 1, 1.7, 24, 100, 315, 1
3, 866, 1, 1.65, 10, 100, 180, 1
3, 867, 1, 1.7, 23, 200, 270, 1
3, 868, 1, 1.65, 14, 150, 270, 0
3, 869, 1, 1.6, 6, 100, 45, 0
3, 870, 1, 1.7, 23, 150, 315, 1
3, 871, 1, 1.6, 8, 50, 180, 0
3, 872, 1, 1.65, 13, 150, 135, 0
3, 873, 1, 1.6, 5, 350, 0, 0
3, 874, 1, 1.6, 6, 300, 180, 0
3, 875, 1, 1.6, 1, 200, 90, 0
3, 876, 1, 1.7, 25, 350, 0, 0
3, 877, 1, 1.7, 21, 50, 180, -1
3, 878, 1, 1.65, 17, 350, 270, 1
3, 879, 1, 1.7, 27, 100, 0, 1
3, 880, 1, 1.6, 4, 400, 180, 0
3, 881, 1, 1.6, 5, 250, 0, 1
3, 882, 1, 1.7, 27, 50, 315, 1
3, 883, 0, 1.65, 192, NaN, NaN, 1
3, 884, 1, 1.7, 22, 400, 135, 0
3, 885, 1, 1.65, 12, 350, 90, 0
3, 886, 1, 1.6, 3, 250, 45, 0
3, 887, 1, 1.6, 8, 350, 0, 0
3, 888, 1, 1.65, 15, 350, 0, 0
3, 889, 1, 1.7, 23, 350, 270, 0
3, 890, 1, 1.7, 19, 250, 270, 0
3, 891, 1, 1.6, 6, 350, 90, 0
3, 892, 1, 1.65, 10, 50, 135, 1
3, 893, 1, 1.6, 2, 300, 0, 0
3, 894, 1, 1.7, 25, 100, 0, 1
3, 895, 1, 1.7, 25, 50, 315, 1
3, 896, 1, 1.6, 4, 200, 270, 0
3, 897, 1, 1.7, 25, 350, 270, 0
3, 898, 1, 1.7, 21, 100, 270, 1
3, 899, 1, 1.6, 2, 250, 270, 0
3, 900, 1, 1.7, 21, 400, 0, 0
3, 901, 1, 1.65, 14, 150, 225, 0
3, 902, 1, 1.65, 18, 350, 315, 0
3, 903, 1, 1.7, 20, 200, 180, 0
3, 904, 1, 1.6, 5, 250, 90, 0
3, 905, 1, 1.6, 1, 150, 180, 0
3, 906, 1, 1.7, 19, 200, 315, 1
3, 907, 0, 1.65, 178, NaN, NaN, 0
3, 908, 0, 1.6, 81, NaN, NaN, 0
3, 909, 1, 1.6, 4, 300, 180, 0
3, 910, 1, 1.7, 20, 350, 315, 1
3, 911, 1, 1.65, 12, 150, 0, 0
3, 912, 1, 1.65, 17, 100, 180, 1
3, 913, 1, 1.7, 22, 200, 0, 1
3, 914, 0, 1.7, 248, NaN, NaN, 0
3, 915, 1, 1.7, 24, 150, 180, 1
3, 916, 1, 1.7, 21, 150, 90, 1
3, 917, 1, 1.6, 3, 50, 225, 0
3, 918, 1, 1.6, 7, 100, 45, 0
3, 919, 1, 1.6, 3, 350, 225, 0
3, 920, 1, 1.7, 27, 200, 90, 1
3, 921, 1, 1.7, 20, 100, 0, 1
3, 922, 0, 1.7, 213, NaN, NaN, 1
3, 923, 1, 1.6, 9, 100, 315, 0
3, 924, 1, 1.7, 24, 350, 225, 1
3, 925, 1, 1.65, 11, 100, 315, 1
3, 926, 1, 1.6, 6, 200, 0, 0
3, 927, 1, 1.65, 11, 350, 45, 1
3, 928, 0, 1.7, 284, NaN, NaN, 0
3, 929, 1, 1.6, 5, 400, 90, 0
3, 930, 1, 1.65, 11, 50, 45, 1
3, 931, 0, 1.65, 158, NaN, NaN, 0
3, 932, 1, 1.7, 21, 100, 45, 1
3, 933, 1, 1.6, 7, 150, 315, 0
3, 934, 1, 1.7, 26, 300, 45, 0
3, 935, 1, 1.6, 3, 350, 270, 0
3, 936, 1, 1.7, 21, 350, 135, 0
3, 937, 0, 1.6, 89, NaN, NaN, 0
3, 938, 1, 1.65, 12, 250, 225, 1
3, 939, 1, 1.7, 22, 300, 0, 1
3, 940, 0, 1.6, 70, NaN, NaN, 0
3, 941, 1, 1.65, 11, 50, 225, 1
3, 942, 1, 1.65, 14, 350, 270, 0
3, 943, 1, 1.65, 12, 50, 180, 1
3, 944, 1, 1.6, 7, 200, 270, 0
3, 945, 1, 1.6, 3, 150, 90, 1
3, 946, 1, 1.6, 8, 200, 270, 1
3, 947, 1, 1.65, 17, 300, 135, 0
3, 948, 1, 1.65, 16, 350, 270, 1
3, 949, 1, 1.6, 9, 300, 135, 0
3, 950, 1, 1.7, 24, 300, 135, 1
3, 951, 1, 1.6, 1, 400, 225, -1
3, 952, 1, 1.65, 18, 150, 45, 0
3, 953, 1, 1.6, 7, 400, 0, 1
3, 954, 1, 1.6, 8, 150, 45, 0
3, 955, 1, 1.7, 19, 150, 270, 1
3, 956, 1, 1.7, 24, 400, 135, 0
3, 957, 1, 1.6, 7, 400, 270, 0
3, 958, 1, 1.7, 24, 50, 270, 1
3, 959, 1, 1.6, 7, 250, 180, 0
3, 960, 1, 1.7, 23, 100, 180, 1
3, 961, 1, 1.65, 10, 350, 180, 1
3, 962, 1, 1.65, 14, 400, 315, 0
3, 963, 1, 1.7, 27, 350, 180, 0
3, 964, 1, 1.6, 7, 200, 45, 0
3, 965, 1, 1.7, 27, 350, 90, 1
3, 966, 1, 1.6, 4, 50, 0, 1
3, 967, 0, 1.6, 110, NaN, NaN, 0
3, 968, 1, 1.65, 12, 400, 225, 1
3, 969, 1, 1.7, 25, 50, 270, 1
3, 970, 1, 1.6, 8, 400, 270, 0
3, 971, 1, 1.6, 7, 300, 225, 0
3, 972, 1, 1.7, 27, 100, 225, 1
3, 973, 1, 1.6, 9, 100, 270, 0
3, 974, 1, 1.6, 3, 100, 0, 1
3, 975, 1, 1.65, 13, 100, 225, 0
3, 976, 1, 1.6, 6, 50, 270, 1
3, 977, 1, 1.65, 14, 200, 0, 1
3, 978, 1, 1.7, 20, 250, 45, 1
3, 979, 1, 1.65, 13, 300, 45, 0
3, 980, 1, 1.7, 21, 300, 225, 1
3, 981, 1, 1.6, 2, 200, 45, 0
3, 982, 1, 1.65, 17, 350, 135, 1
3, 983, 0, 1.6, 97, NaN, NaN, 0
3, 984, 1, 1.65, 14, 100, 270, 0
3, 985, 1, 1.65, 12, 100, 315, 0
3, 986, 1, 1.6, 6, 250, 270, 0
3, 987, 1, 1.65, 12, 300, 90, 0
3, 988, 1, 1.7, 20, 150, 45, 0
3, 989, 1, 1.65, 17, 400, 90, 1
3, 990, 1, 1.65, 15, 350, 270, 1
3, 991, 1, 1.6, 2, 100, 90, 1
3, 992, 1, 1.65, 16, 150, 45, 0
3, 993, 1, 1.65, 11, 100, 45, 1
3, 994, 1, 1.6, 1, 300, 0, 0
3, 995, 1, 1.7, 22, 200, 180, 1
3, 996, 0, 1.65, 119, NaN, NaN, 0
3, 997, 0, 1.65, 140, NaN, NaN, 0
3, 998, 1, 1.6, 5, 400, 270, 0
3, 999, 1, 1.65, 14, 50, 0, 1
3, 1000, 1, 1.6, 7, 50, 225, 0
3, 1001, 1, 1.6, 3, 350, 90, 0
3, 1002, 1, 1.7, 26, 150, 0, 1
3, 1003, 1, 1.65, 14, 150, 0, 1
3, 1004, 1, 1.6, 4, 300, 135, 0
3, 1005, 1, 1.65, 17, 300, 180, 0
3, 1006, 1, 1.65, 16, 150, 90, 1
3, 1007, 0, 1.7, 266, NaN, NaN, 0
3, 1008, 1, 1.7, 23, 50, 180, 1
3, 1009, 1, 1.7, 19, 400, 135, 0
3, 1010, 1, 1.7, 19, 300, 315, 1
3, 1011, 1, 1.7, 22, 150, 45, 1
3, 1012, 1, 1.6, 7, 250, 135, 1
3, 1013, 1, 1.7, 25, 200, 225, 1
3, 1014, 1, 1.7, 23, 200, 225, 1
3, 1015, 1, 1.7, 27, 50, 270, 1
3, 1016, 1, 1.6, 8, 200, 135, 0
3, 1017, 1, 1.7, 24, 200, 90, 1
3, 1018, 1, 1.7, 22, 300, 180, 0
3, 1019, 1, 1.65, 14, 100, 135, 1
3, 1020, 1, 1.6, 2, 350, 45, 0
3, 1021, 1, 1.7, 23, 250, 45, 1
3, 1022, 1, 1.6, 2, 100, 315, 0
3, 1023, 1, 1.65, 16, 200, 135, 0
3, 1024, 1, 1.7, 25, 100, 180, 1
3, 1025, 1, 1.7, 24, 200, 270, 0
3, 1026, 1, 1.6, 7, 300, 0, 0
3, 1027, 1, 1.6, 2, 400, 0, 0
3, 1028, 1, 1.6, 7, 300, 270, 0
3, 1029, 1, 1.65, 18, 400, 315, 0
3, 1030, 1, 1.65, 16, 250, 225, 0
3, 1031, 1, 1.6, 5, 100, 135, 0
3, 1032, 1, 1.7, 22, 100, 135, 1
3, 1033, 0, 1.6, 107, NaN, NaN, 0
3, 1034, 1, 1.6, 9, 250, 90, 0
3, 1035, 1, 1.6, 9, 150, 180, 0
3, 1036, 1, 1.65, 17, 100, 45, 1
3, 1037, 1, 1.6, 8, 300, 135, 0
3, 1038, 1, 1.6, 2, 100, 0, 0
3, 1039, 0, 1.6, 93, NaN, NaN, 0
3, 1040, 1, 1.65, 13, 350, 0, 1
3, 1041, 1, 1.7, 27, 200, 315, 1
3, 1042, 1, 1.65, 13, 150, 315, 1
3, 1043, 1, 1.6, 4, 150, 90, 0
3, 1044, 1, 1.65, 16, 200, 225, 0
3, 1045, 1, 1.6, 2, 150, 225, 1
3, 1046, 1, 1.6, 3, 50, 45, 1
3, 1047, 1, 1.6, 8, 50, 135, 1
3, 1048, 1, 1.7, 24, 300, 270, 1
3, 1049, 1, 1.7, 21, 50, 45, 1
3, 1050, 1, 1.7, 21, 100, 225, 1
3, 1051, 0, 1.6, 92, NaN, NaN, 0
3, 1052, 1, 1.7, 25, 200, 180, 0
3, 1053, 1, 1.7, 25, 200, 135, 1
3, 1054, 1, 1.65, 11, 50, 90, 1
3, 1055, 0, 1.65, 177, NaN, NaN, 0
3, 1056, 1, 1.6, 7, 250, 315, 0
3, 1057, 1, 1.7, 26, 300, 180, 1
3, 1058, 1, 1.6, 2, 250, 45, 0
3, 1059, 1, 1.7, 25, 50, 180, 1
3, 1060, 1, 1.65, 11, 400, 180, 0
3, 1061, 1, 1.65, 10, 100, 0, 1
3, 1062, 1, 1.65, 11, 300, 225, 0
3, 1063, 1, 1.7, 20, 100, 270, 1
3, 1064, 1, 1.7, 19, 350, 270, 1
3, 1065, 1, 1.7, 26, 200, 135, 1
3, 1066, 1, 1.7, 20, 300, 45, 0
3, 1067, 1, 1.6, 1, 250, 270, 0
3, 1068, 1, 1.65, 16, 150, 225, 0
3, 1069, 1, 1.7, 19, 150, 0, 0
3, 1070, 1, 1.65, 12, 200, 180, 0
3, 1071, 1, 1.65, 11, 250, 135, 0
3, 1072, 1, 1.7, 23, 250, 135, 0
3, 1073, 1, 1.7, 25, 350, 180, 0
3, 1074, 1, 1.6, 4, 50, 135, 1
3, 1075, 1, 1.6, 9, 150, 315, 0
3, 1076, 1, 1.7, 26, 400, 135, 1
3, 1077, 1, 1.6, 6, 250, 180, 0
3, 1078, 0, 1.7, 257, NaN, NaN, 0
3, 1079, 1, 1.7, 25, 150, 90, 1
3, 1080, 1, 1.65, 16, 50, 135, 1
3, 1081, 1, 1.6, 8, 350, 90, 0
3, 1082, 1, 1.7, 23, 300, 0, 0
3, 1083, 1, 1.6, 5, 300, 135, 0
3, 1084, 1, 1.65, 18, 150, 315, 1
3, 1085, 1, 1.65, 13, 50, 315, 0
3, 1086, 1, 1.7, 23, 200, 90, 1
3, 1087, 1, 1.7, 20, 300, 270, 1
3, 1088, 1, 1.7, 21, 250, 0, 0
3, 1089, 1, 1.7, 19, 200, 135, 1
3, 1090, 1, 1.65, 17, 150, 180, 1
3, 1091, 1, 1.7, 24, 400, 270, 1
3, 1092, 1, 1.65, 15, 200, 45, 1
3, 1093, 1, 1.7, 27, 200, 270, 1
3, 1094, 0, 1.65, 182, NaN, NaN, 0
3, 1095, 1, 1.65, 16, 250, 135, 0
3, 1096, 0, 1.7, 233, NaN, NaN, 1
3, 1097, 1, 1.6, 4, 100, 90, 0
3, 1098, 1, 1.6, 1, 50, 45, 0
3, 1099, 1, 1.7, 22, 400, 315, 0
3, 1100, 1, 1.6, 7, 350, 225, 0
3, 1101, 1, 1.7, 27, 250, 0, 1
3, 1102, 1, 1.6, 9, 200, 0, 0
3, 1103, 1, 1.6, 1, 250, 0, 0
3, 1104, 1, 1.7, 19, 300, 45, 0
3, 1105, 1, 1.7, 26, 300, 90, 0
3, 1106, 1, 1.6, 7, 150, 270, 0
3, 1107, 0, 1.6, 76, NaN, NaN, 0
3, 1108, 1, 1.7, 26, 150, 180, 1
3, 1109, 1, 1.65, 12, 100, 0, 0
3, 1110, 1, 1.65, 14, 50, 270, 1
3, 1111, 0, 1.6, 65, NaN, NaN, 0
3, 1112, 1, 1.6, 3, 150, 270, 1
3, 1113, 1, 1.6, 9, 100, 0, 1
3, 1114, 1, 1.6, 3, 100, 225, 0
3, 1115, 1, 1.6, 9, 300, 0, 0
3, 1116, 1, 1.7, 26, 100, 315, 1
3, 1117, 1, 1.6, 9, 50, 135, 1
3, 1118, 0, 1.7, 212, NaN, NaN, 0
3, 1119, 1, 1.7, 22, 150, 0, 1
3, 1120, 0, 1.6, 104, NaN, NaN, 0
3, 1121, 1, 1.65, 18, 400, 45, 0
3, 1122, 1, 1.7, 20, 400, 180, 1
3, 1123, 1, 1.6, 3, 350, 45, 0
3, 1124, 1, 1.7, 22, 250, 45, 1
3, 1125, 1, 1.65, 12, 250, 315, 0
3, 1126, 1, 1.6, 2, 300, 315, 1
3, 1127, 1, 1.7, 23, 350, 0, 1
3, 1128, 1, 1.7, 24, 300, 180, 1
3, 1129, 1, 1.6, 7, 50, 90, 1
3, 1130, 1, 1.6, 6, 400, 180, 0
3, 1131, 1, 1.6, 9, 100, 45, 0
3, 1132, 1, 1.65, 14, 100, 315, 1
3, 1133, 0, 1.65, 188, NaN, NaN, 0
3, 1134, 1, 1.6, 1, 50, 135, 1
3, 1135, 1, 1.65, 17, 100, 135, 1
3, 1136, 1, 1.65, 15, 200, 0, 0
3, 1137, 0, 1.65, 168, NaN, NaN, 0
3, 1138, 1, 1.7, 21, 350, 270, 1
3, 1139, 1, 1.65, 10, 150, 90, 1
3, 1140, 1, 1.7, 19, 350, 45, 1
3, 1141, 0, 1.6, 95, NaN, NaN, 0
3, 1142, 1, 1.65, 18, 100, 90, 1
3, 1143, 1, 1.65, 15, 50, 270, 1
3, 1144, 1, 1.6, 4, 200, 135, 0
3, 1145, 1, 1.7, 22, 50, 0, 1
3, 1146, 1, 1.7, 27, 300, 270, 1
3, 1147, 1, 1.6, 2, 300, 225, 0
3, 1148, 1, 1.7, 20, 50, 180, 1
3, 1149, 1, 1.65, 12, 250, 180, 0
3, 1150, 1, 1.6, 9, 100, 180, 1
3, 1151, 1, 1.7, 24, 150, 270, 1
3, 1152, 0, 1.65, 156, NaN, NaN, 0
3, 1153, 1, 1.6, 5, 400, 0, 0
3, 1154, 0, 1.65, 155, NaN, NaN, 0
3, 1155, 0, 1.65, 189, NaN, NaN, 0
3, 1156, 1, 1.6, 4, 350, 45, 0
3, 1157, 1, 1.65, 17, 100, 315, 0
3, 1158, 1, 1.6, 6, 350, 45, 0
3, 1159, 1, 1.7, 25, 400, 225, 0
3, 1160, 1, 1.65, 10, 100, 270, 1
3, 1161, 1, 1.65, 15, 50, 225, 1
3, 1162, 1, 1.7, 20, 50, 270, 1
3, 1163, 1, 1.65, 11, 350, 90, 0
3, 1164, 1, 1.6, 5, 50, 270, 1
3, 1165, 1, 1.7, 21, 50, 0, 1
3, 1166, 1, 1.6, 7, 200, 180, 0
3, 1167, 1, 1.6, 2, 350, 135, 0
3, 1168, 1, 1.6, 3, 350, 0, 0
3, 1169, 0, 1.65, 157, NaN, NaN, 0
3, 1170, 1, 1.7, 21, 350, 225, 0
3, 1171, 1, 1.65, 15, 150, 270, 1
3, 1172, 1, 1.65, 14, 350, 225, 0
3, 1173, 0, 1.65, 152, NaN, NaN, 0
3, 1174, 1, 1.6, 3, 300, 45, 0
3, 1175, 1, 1.6, 2, 200, 90, 0
3, 1176, 1, 1.7, 25, 350, 135, 1
3, 1177, 1, 1.65, 14, 250, 225, 0
3, 1178, 1, 1.65, 10, 150, 315, 0
3, 1179, 1, 1.7, 23, 250, 315, 1
3, 1180, 1, 1.7, 25, 350, 45, 0
3, 1181, 1, 1.6, 4, 400, 270, 0
3, 1182, 1, 1.65, 16, 50, 45, 0
3, 1183, 1, 1.7, 20, 400, 90, 0
3, 1184, 1, 1.6, 1, 350, 45, 0
3, 1185, 1, 1.65, 11, 200, 270, 0
3, 1186, 1, 1.6, 5, 100, 270, 1
3, 1187, 1, 1.6, 3, 400, 45, 1
3, 1188, 1, 1.6, 2, 150, 135, 0
3, 1189, 0, 1.6, 68, NaN, NaN, 0
3, 1190, 1, 1.7, 21, 400, 180, 0
3, 1191, 1, 1.6, 4, 150, 0, 1
3, 1192, 0, 1.65, 120, NaN, NaN, 0
3, 1193, 1, 1.6, 7, 200, 90, 0
3, 1194, 1, 1.7, 21, 200, 90, 1
3, 1195, 1, 1.65, 16, 150, 315, 1
3, 1196, 1, 1.65, 13, 250, 135, 1
3, 1197, 0, 1.7, 221, NaN, NaN, 0
3, 1198, 0, 1.6, 100, NaN, NaN, 0
3, 1199, 0, 1.65, 164, NaN, NaN, 0
3, 1200, 1, 1.65, 13, 100, 180, 1
3, 1201, 1, 1.7, 27, 150, 90, 1
3, 1202, 1, 1.7, 25, 100, 315, 1
3, 1203, 1, 1.7, 22, 300, 90, 0
3, 1204, 0, 1.65, 124, NaN, NaN, 0
3, 1205, 1, 1.7, 19, 400, 270, 1
3, 1206, 1, 1.65, 13, 400, 135, 0
3, 1207, 1, 1.7, 27, 400, 315, 1
3, 1208, 1, 1.6, 5, 250, 315, 0
3, 1209, 0, 1.65, 121, NaN, NaN, 0
3, 1210, 1, 1.6, 9, 250, 180, 1
3, 1211, 1, 1.7, 24, 400, 45, 1
3, 1212, 1, 1.7, 21, 300, 45, 0
3, 1213, 1, 1.6, 7, 100, 270, 1
3, 1214, 1, 1.65, 16, 300, 0, 1
3, 1215, 1, 1.65, 12, 50, 225, 1
3, 1216, 0, 1.65, 183, NaN, NaN, 0
3, 1217, 1, 1.65, 15, 250, 180, 1
3, 1218, 1, 1.7, 22, 200, 315, 1
3, 1219, 1, 1.6, 2, 200, 225, 1
3, 1220, 1, 1.6, 1, 150, 270, 1
3, 1221, 1, 1.65, 18, 200, 45, 1
3, 1222, 1, 1.6, 3, 400, 180, 1
3, 1223, 0, 1.6, 69, NaN, NaN, 0
3, 1224, 1, 1.65, 12, 300, 315, 0
3, 1225, 1, 1.7, 23, 250, 90, 0
3, 1226, 1, 1.7, 25, 400, 135, 1
3, 1227, 1, 1.7, 22, 250, 225, 1
3, 1228, 1, 1.7, 24, 200, 180, 1
3, 1229, 1, 1.7, 24, 350, 270, 1
3, 1230, 1, 1.6, 3, 100, 315, 0
3, 1231, 1, 1.65, 17, 50, 270, 1
3, 1232, 1, 1.6, 5, 200, 225, 1
3, 1233, 1, 1.7, 25, 50, 90, 1
3, 1234, 1, 1.6, 4, 150, 180, 1
3, 1235, 1, 1.65, 10, 300, 225, 1
3, 1236, 0, 1.6, 56, NaN, NaN, 0
3, 1237, 1, 1.65, 10, 200, 45, 0
3, 1238, 1, 1.7, 24, 50, 45, 1
3, 1239, 1, 1.7, 22, 250, 135, 0
3, 1240, 1, 1.6, 5, 350, 315, 0
3, 1241, 1, 1.65, 18, 100, 225, 1
3, 1242, 1, 1.65, 15, 300, 90, 1
3, 1243, 1, 1.7, 27, 300, 315, 0
3, 1244, 1, 1.6, 9, 200, 270, 0
3, 1245, 1, 1.65, 18, 50, 225, 1
3, 1246, 1, 1.6, 4, 100, 0, 0
3, 1247, 1, 1.7, 25, 250, 135, 1
3, 1248, 0, 1.7, 209, NaN, NaN, 0
3, 1249, 1, 1.65, 16, 400, 315, 0
3, 1250, 1, 1.65, 16, 50, 0, 1
3, 1251, 1, 1.6, 8, 100, 225, 1
3, 1252, 0, 1.6, 90, NaN, NaN, 0
3, 1253, 1, 1.6, 3, 250, 225, 0
3, 1254, 1, 1.7, 19, 250, 180, 1
3, 1255, 1, 1.65, 17, 200, 90, 0
3, 1256, 1, 1.7, 20, 350, 180, 1
3, 1257, 0, 1.7, 254, NaN, NaN, 0
3, 1258, 1, 1.6, 1, 200, 270, 0
3, 1259, 0, 1.7, 208, NaN, NaN, 0
3, 1260, 1, 1.6, 2, 250, 90, 0
3, 1261, 1, 1.6, 6, 50, 225, 0
3, 1262, 1, 1.65, 14, 250, 0, 0
3, 1263, 1, 1.6, 1, 200, 45, 0
3, 1264, 1, 1.65, 11, 350, 270, 1
3, 1265, 1, 1.6, 2, 300, 135, 0
3, 1266, 1, 1.65, 10, 250, 45, 1
3, 1267, 1, 1.6, 7, 300, 180, 0
3, 1268, 1, 1.65, 13, 400, 270, 0
3, 1269, 1, 1.6, 2, 400, 270, 0
3, 1270, 1, 1.7, 22, 350, 0, 1
3, 1271, 1, 1.6, 4, 200, 90, 0
3, 1272, 1, 1.65, 16, 250, 180, 1
3, 1273, 1, 1.7, 24, 100, 225, 0
3, 1274, 1, 1.6, 5, 350, 45, 0
3, 1275, 1, 1.65, 15, 200, 270, 0
3, 1276, 0, 1.6, 75, NaN, NaN, 1
3, 1277, 1, 1.7, 26, 250, 180, 1
3, 1278, 1, 1.6, 2, 400, 45, 0
3, 1279, 1, 1.65, 17, 250, 270, 1
3, 1280, 1, 1.6, 4, 50, 225, 1
3, 1281, 1, 1.7, 24, 300, 90, 0
3, 1282, 1, 1.7, 19, 100, 225, 1
3, 1283, 1, 1.65, 14, 200, 225, 1
3, 1284, 1, 1.6, 1, 100, 180, 0
3, 1285, 1, 1.65, 18, 300, 315, 0
3, 1286, 1, 1.6, 3, 200, 135, 0
3, 1287, 1, 1.65, 15, 200, 180, 0
3, 1288, 0, 1.6, 55, NaN, NaN, 0
3, 1289, 1, 1.7, 19, 50, 0, 1
3, 1290, 0, 1.7, 244, NaN, NaN, 0
3, 1291, 1, 1.7, 23, 400, 180, 0
3, 1292, 1, 1.6, 9, 50, 90, 1
3, 1293, 1, 1.65, 15, 150, 225, 1
3, 1294, 1, 1.7, 24, 100, 0, 1
3, 1295, 1, 1.7, 25, 350, 315, 1
3, 1296, 1, 1.7, 23, 350, 315, 0
3, 1297, 1, 1.65, 14, 250, 90, 0
3, 1298, 1, 1.7, 26, 200, 270, 1
3, 1299, 1, 1.7, 20, 300, 180, 0
3, 1300, 0, 1.6, 61, NaN, NaN, 0
3, 1301, 0, 1.7, 249, NaN, NaN, 0
3, 1302, 1, 1.7, 23, 300, 315, 0
3, 1303, 1, 1.6, 6, 200, 225, 0
3, 1304, 1, 1.6, 4, 350, 90, 0
3, 1305, 1, 1.65, 12, 150, 45, 1
3, 1306, 0, 1.6, 42, NaN, NaN, 0
3, 1307, 1, 1.6, 2, 350, 315, 0
3, 1308, 1, 1.65, 17, 200, 270, 1
3, 1309, 0, 1.65, 176, NaN, NaN, 0
3, 1310, 1, 1.7, 19, 50, 45, 0
3, 1311, 1, 1.65, 13, 200, 180, 1
3, 1312, 1, 1.6, 9, 200, 315, 0
3, 1313, 1, 1.6, 6, 100, 315, 0
3, 1314, 1, 1.7, 19, 150, 315, 1
3, 1315, 1, 1.7, 22, 250, 315, 1
3, 1316, 0, 1.6, 91, NaN, NaN, 0
3, 1317, 1, 1.6, 6, 350, 0, 0
3, 1318, 1, 1.65, 10, 400, 270, 0
3, 1319, 1, 1.65, 11, 250, 270, 1
3, 1320, 1, 1.6, 2, 100, 270, 1
3, 1321, 1, 1.7, 20, 350, 0, 1
3, 1322, 1, 1.6, 5, 150, 225, 0
3, 1323, 1, 1.65, 17, 150, 90, 0
3, 1324, 1, 1.6, 6, 300, 0, 0
3, 1325, 1, 1.6, 8, 150, 135, 0
3, 1326, 1, 1.6, 9, 250, 315, 0
3, 1327, 1, 1.7, 23, 50, 45, 1
3, 1328, 1, 1.65, 11, 50, 315, 1
3, 1329, 1, 1.7, 26, 400, 225, 0
3, 1330, 1, 1.65, 16, 200, 0, 0
3, 1331, 1, 1.65, 10, 100, 315, 1
3, 1332, 1, 1.65, 15, 200, 90, 1
3, 1333, 1, 1.6, 7, 150, 225, 1
3, 1334, 1, 1.7, 22, 200, 45, 1
3, 1335, 1, 1.65, 13, 50, 0, 1
3, 1336, 1, 1.65, 11, 250, 45, 1
3, 1337, 1, 1.65, 15, 400, 135, 1
3, 1338, 1, 1.65, 10, 200, 135, 0
3, 1339, 0, 1.65, 171, NaN, NaN, 0
3, 1340, 1, 1.7, 22, 350, 225, 1
3, 1341, 1, 1.7, 22, 200, 270, 1
3, 1342, 1, 1.65, 15, 100, 180, 0
3, 1343, 1, 1.7, 24, 100, 135, 0
3, 1344, 1, 1.6, 2, 200, 315, 1
3, 1345, 0, 1.65, 130, NaN, NaN, 0
3, 1346, 1, 1.65, 10, 250, 90, 1
3, 1347, 1, 1.7, 27, 50, 45, 1
3, 1348, 1, 1.7, 23, 300, 180, 0
3, 1349, 1, 1.6, 1, 100, 135, 0
3, 1350, 1, 1.65, 18, 150, 90, 1
3, 1351, 1, 1.65, 16, 100, 90, 1
3, 1352, 1, 1.65, 13, 100, 45, 1
3, 1353, 1, 1.65, 11, 150, 225, 1
3, 1354, 0, 1.65, 136, NaN, NaN, 0
3, 1355, 1, 1.7, 21, 50, 135, 0
3, 1356, 0, 1.7, 235, NaN, NaN, 0
3, 1357, 1, 1.65, 16, 200, 90, 1
3, 1358, 1, 1.65, 18, 250, 0, 0
3, 1359, 1, 1.65, 13, 100, 90, 1
3, 1360, 1, 1.6, 4, 350, 0, 0
3, 1361, 1, 1.65, 17, 100, 225, 1
3, 1362, 1, 1.7, 27, 250, 45, 1
3, 1363, 0, 1.7, 247, NaN, NaN, 0
3, 1364, 1, 1.6, 1, 350, 225, 0
3, 1365, 1, 1.6, 4, 300, 315, 0
3, 1366, 1, 1.7, 26, 400, 180, 0
3, 1367, 1, 1.6, 3, 200, 225, 0
3, 1368, 1, 1.65, 14, 100, 0, 1
3, 1369, 1, 1.7, 24, 250, 90, 0
3, 1370, 1, 1.7, 19, 150, 225, 1
3, 1371, 1, 1.7, 24, 100, 180, 1
3, 1372, 1, 1.65, 14, 250, 315, 1
3, 1373, 1, 1.6, 8, 400, 0, 0
3, 1374, 1, 1.65, 16, 350, 315, 1
3, 1375, 1, 1.6, 9, 400, 90, 0
3, 1376, 1, 1.7, 24, 250, 0, 0
3, 1377, 0, 1.6, 99, NaN, NaN, 0
3, 1378, 1, 1.65, 18, 250, 315, 0
3, 1379, 1, 1.7, 27, 250, 90, 0
3, 1380, 1, 1.65, 11, 350, 225, 0
3, 1381, 1, 1.7, 26, 100, 225, 1
3, 1382, 1, 1.6, 2, 50, 135, 1
3, 1383, 1, 1.7, 24, 150, 45, 1
3, 1384, 1, 1.7, 21, 50, 315, 1
3, 1385, 1, 1.65, 11, 250, 225, 1
3, 1386, 1, 1.6, 8, 100, 315, 0
3, 1387, 1, 1.65, 17, 400, 270, 1
3, 1388, 1, 1.65, 17, 50, 225, 0
3, 1389, 1, 1.7, 27, 50, 180, 1
3, 1390, 1, 1.7, 22, 100, 180, 1
3, 1391, 1, 1.65, 14, 250, 135, 1
3, 1392, 1, 1.7, 21, 250, 45, -1
3, 1393, 0, 1.7, 242, NaN, NaN, 0
3, 1394, 1, 1.7, 27, 350, 315, 1
3, 1395, 1, 1.7, 19, 400, 180, 0
3, 1396, 1, 1.7, 19, 150, 90, 1
3, 1397, 1, 1.65, 13, 100, 0, 1
3, 1398, 1, 1.7, 20, 100, 90, 1
3, 1399, 1, 1.65, 17, 300, 270, 1
3, 1400, 1, 1.6, 9, 400, 45, 0
3, 1401, 1, 1.6, 9, 400, 315, 0
3, 1402, 1, 1.7, 24, 150, 315, 0
3, 1403, 1, 1.6, 8, 400, 315, 0
3, 1404, 1, 1.6, 8, 250, 270, 0
3, 1405, 1, 1.7, 20, 200, 225, 0
3, 1406, 1, 1.6, 7, 350, 0, 1
3, 1407, 1, 1.6, 6, 150, 45, 1
3, 1408, 1, 1.6, 6, 100, 225, 0
3, 1409, 1, 1.7, 23, 350, 180, 0
3, 1410, 1, 1.6, 7, 350, 270, 0
3, 1411, 1, 1.7, 26, 100, 180, 1
3, 1412, 1, 1.7, 21, 350, 90, 1
3, 1413, 1, 1.7, 24, 300, 315, 1
3, 1414, 1, 1.65, 18, 400, 0, 0
3, 1415, 1, 1.6, 3, 150, 225, 0
3, 1416, 1, 1.6, 3, 300, 90, -1
3, 1417, 1, 1.65, 11, 200, 315, 0
3, 1418, 1, 1.7, 23, 150, 225, 1
3, 1419, 1, 1.6, 6, 400, 135, 0
3, 1420, 1, 1.7, 19, 250, 315, 1
3, 1421, 1, 1.6, 3, 200, 90, 0
3, 1422, 1, 1.65, 17, 50, 0, 1
3, 1423, 1, 1.65, 18, 100, 315, 1
3, 1424, 1, 1.7, 22, 300, 270, 1
3, 1425, 1, 1.6, 9, 250, 0, 0
3, 1426, 1, 1.65, 15, 300, 180, 0
3, 1427, 1, 1.7, 23, 50, 135, 0
3, 1428, 1, 1.7, 19, 200, 270, 1
3, 1429, 1, 1.65, 14, 400, 90, 1
3, 1430, 0, 1.65, 196, NaN, NaN, 0
3, 1431, 1, 1.65, 14, 350, 180, 0
3, 1432, 1, 1.65, 16, 350, 0, 1
3, 1433, 1, 1.6, 2, 50, 315, 0
3, 1434, 1, 1.6, 8, 100, 0, 0
3, 1435, 1, 1.7, 23, 200, 45, 1
3, 1436, 1, 1.7, 23, 400, 315, 0
3, 1437, 1, 1.7, 24, 150, 0, 1
3, 1438, 1, 1.7, 20, 200, 0, 1
3, 1439, 1, 1.65, 10, 200, 180, 1
3, 1440, 0, 1.7, 263, NaN, NaN, 0
3, 1441, 1, 1.7, 22, 150, 225, 1
3, 1442, 0, 1.65, 193, NaN, NaN, 0
3, 1443, 1, 1.65, 16, 100, 225, 1
3, 1444, 1, 1.6, 7, 200, 315, 0
3, 1445, 1, 1.7, 27, 350, 45, 1
3, 1446, 1, 1.65, 17, 350, 45, 1
3, 1447, 1, 1.65, 17, 300, 90, 0
3, 1448, 1, 1.6, 9, 50, 45, 1
3, 1449, 1, 1.7, 20, 250, 90, 0
3, 1450, 1, 1.65, 14, 50, 315, 1
3, 1451, 1, 1.7, 20, 200, 315, 1
3, 1452, 1, 1.65, 11, 200, 0, 1
3, 1453, 1, 1.6, 7, 50, 0, 1
3, 1454, 1, 1.6, 9, 50, 180, 1
3, 1455, 1, 1.6, 3, 200, 270, 0
3, 1456, 0, 1.65, 199, NaN, NaN, 0
3, 1457, 0, 1.6, 45, NaN, NaN, 0
3, 1458, 0, 1.65, 118, NaN, NaN, 0
3, 1459, 0, 1.65, 165, NaN, NaN, 0
3, 1460, 0, 1.7, 241, NaN, NaN, 0
3, 1461, 1, 1.7, 27, 150, 135, 1
3, 1462, 1, 1.65, 10, 350, 315, 0
3, 1463, 1, 1.65, 13, 400, 315, 1
3, 1464, 1, 1.7, 25, 50, 135, 1
3, 1465, 1, 1.6, 1, 200, 180, 0
3, 1466, 1, 1.7, 22, 50, 180, 1
3, 1467, 1, 1.65, 11, 400, 135, 1
3, 1468, 1, 1.65, 12, 50, 0, 1
3, 1469, 1, 1.6, 7, 200, 225, 0
3, 1470, 0, 1.65, 116, NaN, NaN, 0
3, 1471, 1, 1.7, 19, 350, 135, 0
3, 1472, 0, 1.7, 274, NaN, NaN, 0
3, 1473, 1, 1.65, 11, 100, 225, 1
3, 1474, 1, 1.6, 7, 50, 135, 0
3, 1475, 1, 1.65, 18, 300, 90, 1
3, 1476, 1, 1.65, 11, 350, 0, 0
3, 1477, 1, 1.7, 26, 150, 45, 0
3, 1478, 1, 1.7, 25, 350, 225, 1
3, 1479, 1, 1.6, 1, 150, 90, 0
3, 1480, 1, 1.6, 3, 100, 45, 0
3, 1481, 1, 1.65, 17, 50, 315, 0
3, 1482, 0, 1.6, 103, NaN, NaN, 0
3, 1483, 1, 1.6, 2, 300, 180, 0
3, 1484, 1, 1.7, 26, 400, 90, 1
3, 1485, 0, 1.65, 117, NaN, NaN, 1
3, 1486, 1, 1.7, 20, 50, 45, 1
3, 1487, 1, 1.6, 6, 300, 45, 0
3, 1488, 1, 1.6, 6, 250, 135, 1
3, 1489, 1, 1.7, 27, 50, 0, 1
3, 1490, 1, 1.7, 20, 100, 135, 1
3, 1491, 1, 1.6, 1, 250, 135, 0
3, 1492, 1, 1.6, 9, 350, 270, 1
3, 1493, 1, 1.65, 12, 200, 45, 1
3, 1494, 1, 1.65, 15, 300, 315, 0
3, 1495, 1, 1.6, 6, 350, 225, 0
3, 1496, 0, 1.6, 52, NaN, NaN, 0
3, 1497, 1, 1.6, 8, 400, 180, 0
3, 1498, 0, 1.6, 74, NaN, NaN, 0
3, 1499, 1, 1.6, 7, 200, 0, 0
3, 1500, 1, 1.6, 2, 350, 180, 0
3, 1501, 1, 1.65, 16, 200, 45, 1
3, 1502, 1, 1.6, 4, 400, 315, 0
3, 1503, 1, 1.65, 11, 400, 270, 0
3, 1504, 1, 1.65, 11, 200, 90, 1
3, 1505, 1, 1.6, 6, 100, 0, 0
3, 1506, 1, 1.6, 2, 50, 45, 0
3, 1507, 1, 1.6, 8, 300, 270, 0
3, 1508, 1, 1.65, 13, 400, 180, 0
3, 1509, 1, 1.65, 10, 50, 270, 1
3, 1510, 1, 1.6, 3, 300, 225, 0
3, 1511, 1, 1.6, 1, 400, 45, 0
3, 1512, 1, 1.6, 5, 50, 225, 1
3, 1513, 1, 1.6, 9, 400, 270, 0
3, 1514, 0, 1.6, 35, NaN, NaN, 0
3, 1515, 1, 1.65, 11, 50, 180, 1
3, 1516, 1, 1.6, 4, 200, 0, 0
3, 1517, 1, 1.7, 22, 50, 135, 1
3, 1518, 1, 1.7, 22, 350, 270, 1
3, 1519, 1, 1.7, 23, 100, 0, 1
3, 1520, 1, 1.7, 25, 200, 0, 1
3, 1521, 1, 1.7, 26, 50, 45, 1
3, 1522, 1, 1.6, 1, 150, 225, 1
3, 1523, 0, 1.65, 198, NaN, NaN, 0
3, 1524, 1, 1.6, 6, 350, 315, 0
3, 1525, 1, 1.7, 27, 400, 45, 0
3, 1526, 1, 1.7, 22, 100, 0, 1
3, 1527, 1, 1.7, 19, 150, 180, 1
3, 1528, 0, 1.65, 127, NaN, NaN, 0
3, 1529, 1, 1.65, 12, 300, 180, 0
3, 1530, 1, 1.6, 6, 400, 225, 0
3, 1531, 0, 1.6, 105, NaN, NaN, 0
3, 1532, 0, 1.65, 195, NaN, NaN, 0
3, 1533, 0, 1.6, 84, NaN, NaN, 0
3, 1534, 1, 1.6, 1, 300, 90, 0
3, 1535, 0, 1.65, 181, NaN, NaN, 0
3, 1536, 1, 1.65, 14, 100, 225, 1
3, 1537, 1, 1.6, 1, 300, 45, 0
3, 1538, 1, 1.7, 27, 350, 225, 1
3, 1539, 1, 1.65, 14, 100, 180, 1
3, 1540, 1, 1.65, 11, 350, 180, 1
3, 1541, 1, 1.7, 24, 400, 315, 0
3, 1542, 1, 1.65, 10, 100, 45, 1
3, 1543, 1, 1.6, 6, 250, 225, 0
3, 1544, 1, 1.6, 2, 150, 45, 1
3, 1545, 1, 1.7, 26, 50, 0, 1
3, 1546, 1, 1.65, 16, 100, 45, 1
3, 1547, 1, 1.7, 23, 250, 0, 0
3, 1548, 0, 1.65, 142, NaN, NaN, 0
3, 1549, 1, 1.65, 13, 350, 270, 0
3, 1550, 1, 1.7, 22, 300, 135, 1
3, 1551, 1, 1.65, 13, 250, 180, 0
3, 1552, 1, 1.7, 19, 300, 180, 0
3, 1553, 1, 1.65, 15, 300, 135, 1
3, 1554, 1, 1.7, 20, 150, 270, 1
3, 1555, 1, 1.65, 15, 300, 0, 0
3, 1556, 1, 1.6, 2, 400, 315, 0
3, 1557, 0, 1.65, 122, NaN, NaN, 0
3, 1558, 1, 1.6, 5, 200, 135, 0
3, 1559, 1, 1.7, 25, 200, 90, 1
3, 1560, 1, 1.7, 27, 150, 270, 1
3, 1561, 0, 1.6, 73, NaN, NaN, 0
3, 1562, 1, 1.65, 17, 300, 315, 0
3, 1563, 1, 1.65, 18, 300, 135, 1
3, 1564, 1, 1.6, 8, 150, 270, 0
3, 1565, 0, 1.65, 135, NaN, NaN, 0
3, 1566, 1, 1.6, 9, 350, 90, 0
3, 1567, 1, 1.65, 10, 50, 0, 1
3, 1568, 1, 1.7, 21, 300, 180, 1
3, 1569, 1, 1.65, 17, 250, 135, 0
3, 1570, 1, 1.65, 17, 300, 45, 1
3, 1571, 1, 1.65, 18, 350, 90, 0
3, 1572, 1, 1.6, 3, 50, 0, 1
3, 1573, 1, 1.65, 12, 50, 270, 1
3, 1574, 1, 1.7, 24, 250, 315, 1
3, 1575, 1, 1.7, 25, 150, 0, 0
3, 1576, 1, 1.7, 23, 100, 45, 1
3, 1577, 1, 1.65, 15, 400, 45, 0
3, 1578, 1, 1.6, 6, 250, 45, 0
3, 1579, 1, 1.6, 5, 200, 315, 0
3, 1580, 1, 1.6, 5, 50, 180, 0
3, 1581, 1, 1.7, 23, 350, 135, 1
3, 1582, 0, 1.6, 102, NaN, NaN, 0
3, 1583, 1, 1.7, 20, 350, 45, 0
3, 1584, 0, 1.7, 277, NaN, NaN, 0
3, 1585, 1, 1.6, 8, 50, 315, 1
3, 1586, 1, 1.7, 26, 250, 135, 0
3, 1587, 1, 1.65, 12, 250, 135, 0
3, 1588, 1, 1.7, 20, 350, 225, 0
3, 1589, 1, 1.6, 5, 250, 225, 0
3, 1590, 0, 1.65, 175, NaN, NaN, 0
3, 1591, 1, 1.65, 18, 350, 270, 0
3, 1592, 1, 1.65, 15, 250, 270, 1
3, 1593, 1, 1.7, 23, 400, 90, 0
3, 1594, 1, 1.6, 8, 300, 225, 0
3, 1595, 1, 1.7, 22, 50, 45, 1
3, 1596, 1, 1.6, 9, 350, 225, 0
3, 1597, 1, 1.6, 4, 400, 135, 0
3, 1598, 1, 1.6, 4, 400, 0, 0
3, 1599, 1, 1.65, 17, 250, 315, 1
3, 1600, 1, 1.65, 15, 150, 315, 0
3, 1601, 1, 1.7, 22, 50, 225, 1
3, 1602, 1, 1.65, 17, 200, 45, 1
3, 1603, 1, 1.7, 27, 350, 270, 1
3, 1604, 1, 1.65, 16, 250, 90, 0
3, 1605, 1, 1.65, 18, 50, 315, 1
3, 1606, 1, 1.6, 6, 300, 270, 0
3, 1607, 1, 1.7, 25, 150, 180, 1
3, 1608, 1, 1.65, 11, 250, 90, 0
3, 1609, 1, 1.65, 10, 400, 315, 0
3, 1610, 1, 1.65, 15, 100, 90, 1
3, 1611, 1, 1.6, 1, 300, 135, 0
3, 1612, 1, 1.7, 23, 100, 225, 1
3, 1613, 1, 1.7, 25, 300, 180, 0
3, 1614, 1, 1.7, 22, 250, 0, 0
3, 1615, 1, 1.65, 11, 300, 90, 0
3, 1616, 1, 1.7, 26, 150, 90, 1
3, 1617, 0, 1.6, 58, NaN, NaN, 0
3, 1618, 1, 1.6, 3, 250, 90, 0
3, 1619, 1, 1.65, 17, 50, 90, 1
3, 1620, 1, 1.6, 9, 200, 45, 1
3, 1621, 1, 1.65, 18, 150, 225, 1
3, 1622, 1, 1.7, 20, 250, 180, 1
3, 1623, 1, 1.6, 4, 200, 45, 0
3, 1624, 1, 1.7, 19, 100, 45, 1
3, 1625, 1, 1.6, 4, 150, 270, 0
3, 1626, 1, 1.7, 24, 150, 135, 1
3, 1627, 1, 1.7, 24, 100, 45, 1
3, 1628, 1, 1.6, 1, 400, 180, 0
3, 1629, 0, 1.7, 261, NaN, NaN, 0
3, 1630, 1, 1.7, 26, 50, 135, 1
3, 1631, 1, 1.65, 12, 400, 90, 0
3, 1632, 1, 1.65, 12, 350, 135, 1
3, 1633, 0, 1.65, 185, NaN, NaN, 0
3, 1634, 0, 1.65, 145, NaN, NaN, 0
3, 1635, 1, 1.65, 18, 200, 225, 1
3, 1636, 1, 1.6, 6, 350, 135, 0
3, 1637, 1, 1.65, 11, 100, 270, 0
3, 1638, 1, 1.6, 5, 300, 270, 0
3, 1639, 1, 1.7, 24, 200, 45, 1
3, 1640, 1, 1.7, 20, 50, 0, 1
3, 1641, 0, 1.65, 172, NaN, NaN, 0
3, 1642, 1, 1.65, 11, 400, 90, 0
3, 1643, 1, 1.65, 16, 300, 45, 1
3, 1644, 1, 1.6, 4, 350, 270, 0
3, 1645, 1, 1.65, 13, 200, 225, 1
3, 1646, 1, 1.65, 10, 300, 90, 0
3, 1647, 1, 1.7, 22, 50, 270, 1
3, 1648, 1, 1.7, 26, 300, 0, 0
3, 1649, 0, 1.7, 255, NaN, NaN, 0
3, 1650, 0, 1.65, 137, NaN, NaN, 0
3, 1651, 1, 1.65, 16, 150, 180, 1
3, 1652, 1, 1.65, 15, 150, 90, 1
3, 1653, 0, 1.6, 83, NaN, NaN, 0
3, 1654, 1, 1.6, 4, 100, 270, 0
3, 1655, 1, 1.65, 10, 50, 315, 1
3, 1656, 1, 1.65, 11, 50, 270, 1
3, 1657, 1, 1.65, 16, 50, 270, 1
3, 1658, 0, 1.7, 201, NaN, NaN, 0
3, 1659, 1, 1.65, 13, 200, 0, 1
3, 1660, 1, 1.7, 25, 300, 315, 0
3, 1661, 1, 1.65, 16, 150, 0, 1
3, 1662, 0, 1.6, 87, NaN, NaN, 0
3, 1663, 1, 1.7, 20, 250, 225, 0
3, 1664, 1, 1.7, 25, 400, 315, 0
3, 1665, 1, 1.7, 19, 400, 90, 1
3, 1666, 1, 1.65, 18, 100, 45, 0
3, 1667, 1, 1.7, 23, 50, 315, 1
3, 1668, 0, 1.65, 159, NaN, NaN, 0
3, 1669, 1, 1.65, 10, 300, 315, 1
3, 1670, 1, 1.6, 6, 250, 90, 0
3, 1671, 1, 1.7, 20, 150, 0, 1
3, 1672, 1, 1.65, 13, 300, 0, 0
3, 1673, 1, 1.65, 13, 200, 45, 1
3, 1674, 1, 1.7, 19, 200, 0, 1
3, 1675, 1, 1.6, 2, 250, 180, 0
3, 1676, 0, 1.65, 147, NaN, NaN, 0
3, 1677, 1, 1.65, 13, 150, 45, 1
3, 1678, 1, 1.7, 27, 50, 225, 1
3, 1679, 1, 1.65, 11, 150, 0, 1
3, 1680, 1, 1.65, 11, 150, 270, 1
3, 1681, 1, 1.65, 16, 400, 45, 0
3, 1682, 1, 1.7, 23, 200, 0, 1
3, 1683, 1, 1.65, 12, 300, 45, 1
3, 1684, 1, 1.7, 27, 100, 135, 1
3, 1685, 1, 1.6, 9, 250, 135, 0
3, 1686, 1, 1.6, 4, 350, 315, 1
3, 1687, 1, 1.7, 19, 300, 270, 1
3, 1688, 1, 1.7, 20, 350, 270, 1
3, 1689, 1, 1.7, 22, 50, 90, 1
3, 1690, 1, 1.6, 3, 250, 270, 0
3, 1691, 0, 1.7, 280, NaN, NaN, 0
3, 1692, 1, 1.7, 24, 300, 45, 1
3, 1693, 1, 1.65, 10, 350, 135, 1
3, 1694, 1, 1.6, 7, 350, 90, 0
3, 1695, 1, 1.65, 15, 400, 270, 0
3, 1696, 1, 1.6, 4, 250, 135, 0
3, 1697, 1, 1.6, 8, 200, 45, 0
3, 1698, 0, 1.7, 224, NaN, NaN, 0
3, 1699, 1, 1.7, 19, 350, 315, 0
3, 1700, 1, 1.65, 14, 150, 315, 1
3, 1701, 0, 1.6, 96, NaN, NaN, 0
3, 1702, 1, 1.6, 6, 150, 315, 0
3, 1703, 1, 1.7, 27, 100, 315, 1
3, 1704, 0, 1.7, 206, NaN, NaN, 0
3, 1705, 1, 1.65, 14, 350, 135, 0
3, 1706, 1, 1.6, 7, 150, 90, 1
3, 1707, 1, 1.7, 25, 250, 90, 1
3, 1708, 0, 1.6, 86, NaN, NaN, 0
3, 1709, 1, 1.6, 5, 200, 90, 1
3, 1710, 1, 1.65, 10, 400, 180, 0
3, 1711, 1, 1.65, 11, 300, 0, 0
3, 1712, 1, 1.7, 23, 300, 135, 0
3, 1713, 1, 1.7, 25, 400, 45, 1
3, 1714, 1, 1.65, 18, 400, 135, 0
3, 1715, 1, 1.65, 13, 350, 135, 0
3, 1716, 1, 1.7, 19, 200, 45, 1
3, 1717, 1, 1.7, 22, 150, 270, 1
3, 1718, 1, 1.6, 5, 50, 135, 1
3, 1719, 1, 1.65, 15, 100, 0, 1
3, 1720, 1, 1.6, 1, 150, 315, 0
3, 1721, 1, 1.6, 8, 100, 135, 0
3, 1722, 1, 1.65, 13, 50, 45, 1
3, 1723, 0, 1.65, 169, NaN, NaN, 0
3, 1724, 1, 1.7, 22, 400, 90, 1
3, 1725, 1, 1.7, 23, 400, 135, 0
3, 1726, 1, 1.7, 26, 400, 315, 1
3, 1727, 1, 1.65, 12, 50, 45, 1
3, 1728, 1, 1.7, 21, 400, 225, 0
3, 1729, 1, 1.7, 22, 150, 180, 1
3, 1730, 1, 1.65, 12, 250, 45, 0
3, 1731, 1, 1.6, 9, 400, 180, 0
3, 1732, 1, 1.7, 22, 250, 90, 1
3, 1733, 0, 1.65, 123, NaN, NaN, 0
3, 1734, 0, 1.7, 256, NaN, NaN, 0
3, 1735, 1, 1.7, 26, 350, 0, 0
3, 1736, 1, 1.65, 16, 200, 315, 0
3, 1737, 1, 1.7, 19, 50, 225, 1
3, 1738, 1, 1.6, 9, 350, 180, 0
3, 1739, 0, 1.7, 219, NaN, NaN, 0
3, 1740, 1, 1.65, 14, 250, 45, 0
3, 1741, 1, 1.7, 20, 200, 45, 0
3, 1742, 1, 1.65, 18, 300, 0, 0
3, 1743, 1, 1.7, 26, 350, 270, 1
3, 1744, 1, 1.6, 9, 50, 0, 1
3, 1745, 1, 1.65, 10, 200, 270, 1
3, 1746, 1, 1.65, 10, 300, 45, 0
3, 1747, 1, 1.65, 12, 250, 270, 0
3, 1748, 0, 1.6, 40, NaN, NaN, 0
3, 1749, 1, 1.6, 5, 100, 0, 0
3, 1750, 1, 1.6, 2, 200, 270, 1
3, 1751, 1, 1.6, 5, 100, 225, 0
3, 1752, 1, 1.7, 25, 100, 90, 1
3, 1753, 1, 1.65, 13, 350, 45, 0
3, 1754, 1, 1.65, 13, 400, 90, 1
3, 1755, 1, 1.65, 16, 350, 45, 0
3, 1756, 1, 1.65, 17, 400, 0, 0
3, 1757, 1, 1.65, 17, 250, 180, 0
3, 1758, 1, 1.65, 14, 200, 45, 1
3, 1759, 0, 1.6, 51, NaN, NaN, 0
3, 1760, 1, 1.65, 15, 200, 135, 1
3, 1761, 1, 1.65, 15, 300, 270, 0
3, 1762, 1, 1.65, 13, 300, 225, 0
3, 1763, 1, 1.65, 14, 100, 90, 1
3, 1764, 0, 1.7, 253, NaN, NaN, 0
3, 1765, 1, 1.6, 9, 400, 0, 0
3, 1766, 0, 1.7, 273, NaN, NaN, 0
3, 1767, 1, 1.7, 25, 200, 45, 1
3, 1768, 1, 1.6, 3, 300, 270, 0
3, 1769, 1, 1.7, 20, 50, 225, 1
3, 1770, 1, 1.6, 9, 100, 90, 1
3, 1771, 1, 1.6, 3, 100, 270, 0
3, 1772, 1, 1.65, 17, 400, 315, 1
3, 1773, 1, 1.6, 8, 350, 135, 0
3, 1774, 1, 1.7, 26, 300, 135, 0
3, 1775, 1, 1.65, 16, 300, 270, 0
3, 1776, 1, 1.65, 14, 150, 90, 1
3, 1777, 1, 1.65, 12, 300, 270, 0
3, 1778, 1, 1.65, 12, 100, 225, 0
3, 1779, 1, 1.7, 23, 100, 90, 1
3, 1780, 1, 1.65, 17, 150, 225, 0
3, 1781, 1, 1.6, 4, 250, 225, 0
3, 1782, 1, 1.65, 15, 50, 90, 1
3, 1783, 1, 1.7, 27, 400, 135, 0
3, 1784, 1, 1.65, 17, 150, 135, 0
3, 1785, 1, 1.6, 8, 50, 0, 1
3, 1786, 1, 1.65, 16, 300, 135, 0
3, 1787, 1, 1.7, 21, 150, 180, 0
3, 1788, 0, 1.7, 243, NaN, NaN, 0
3, 1789, 1, 1.6, 2, 350, 270, 0
3, 1790, 1, 1.6, 2, 50, 90, 1
3, 1791, 1, 1.6, 5, 300, 0, 0
3, 1792, 1, 1.6, 5, 150, 90, 0
3, 1793, 1, 1.7, 24, 200, 135, 1
3, 1794, 1, 1.6, 1, 400, 90, 0
3, 1795, 1, 1.6, 7, 100, 135, 0
3, 1796, 1, 1.65, 17, 400, 225, 0
3, 1797, 1, 1.65, 11, 400, 315, 0
3, 1798, 1, 1.7, 23, 400, 45, 1
3, 1799, 1, 1.65, 14, 50, 90, 1
3, 1800, 0, 1.6, 36, NaN, NaN, 0
3, 1801, 0, 1.7, 246, NaN, NaN, 0
3, 1802, 1, 1.65, 14, 300, 225, 0
3, 1803, 1, 1.7, 20, 300, 0, 0
3, 1804, 1, 1.65, 15, 150, 45, 1
3, 1805, 1, 1.6, 5, 300, 315, 0
3, 1806, 1, 1.7, 27, 250, 225, 0
3, 1807, 1, 1.65, 14, 250, 270, 1
3, 1808, 1, 1.65, 13, 400, 225, 0
3, 1809, 1, 1.65, 16, 250, 270, 0
3, 1810, 1, 1.6, 6, 200, 180, 0
3, 1811, 1, 1.65, 14, 100, 45, 0
3, 1812, 0, 1.65, 151, NaN, NaN, 0
3, 1813, 1, 1.7, 19, 100, 0, 1
3, 1814, 1, 1.6, 1, 350, 270, 0
3, 1815, 1, 1.7, 22, 150, 315, 1
3, 1816, 1, 1.7, 24, 400, 0, 0
3, 1817, 1, 1.7, 20, 400, 270, 1
3, 1818, 1, 1.7, 24, 350, 135, 0
3, 1819, 1, 1.7, 25, 400, 0, 0
3, 1820, 1, 1.6, 4, 400, 225, 1
3, 1821, 1, 1.65, 18, 250, 180, 0
3, 1822, 1, 1.7, 20, 400, 0, 0
3, 1823, 1, 1.65, 17, 300, 225, 0
3, 1824, 1, 1.6, 3, 400, 135, 0
3, 1825, 1, 1.6, 5, 350, 270, 0
3, 1826, 0, 1.6, 72, NaN, NaN, 0
3, 1827, 1, 1.65, 14, 50, 225, 1
3, 1828, 1, 1.6, 4, 100, 315, 1
3, 1829, 1, 1.7, 19, 400, 0, 0
3, 1830, 1, 1.7, 21, 150, 225, 1
3, 1831, 1, 1.6, 4, 400, 90, 0
3, 1832, 1, 1.65, 15, 250, 45, 1
3, 1833, 1, 1.6, 2, 50, 0, 0
3, 1834, 0, 1.65, 149, NaN, NaN, 0
3, 1835, 1, 1.6, 2, 400, 180, 0
3, 1836, 1, 1.65, 10, 50, 90, 1
3, 1837, 1, 1.6, 2, 50, 225, 0
3, 1838, 0, 1.65, 148, NaN, NaN, 0
3, 1839, 1, 1.6, 9, 400, 135, 0
3, 1840, 1, 1.7, 26, 150, 225, 1
3, 1841, 1, 1.65, 14, 200, 135, 0
3, 1842, 1, 1.6, 6, 100, 180, 0
3, 1843, 1, 1.65, 12, 200, 225, 1
3, 1844, 1, 1.6, 4, 300, 90, 0
3, 1845, 1, 1.6, 7, 50, 315, 0
3, 1846, 0, 1.6, 37, NaN, NaN, 0
3, 1847, 1, 1.65, 10, 400, 45, 0
3, 1848, 0, 1.6, 32, NaN, NaN, 0
3, 1849, 1, 1.6, 1, 50, 315, 1
3, 1850, 1, 1.6, 7, 350, 180, 0
3, 1851, 1, 1.6, 6, 300, 225, 0
3, 1852, 1, 1.65, 12, 50, 315, 1
3, 1853, 1, 1.6, 9, 100, 135, 1
3, 1854, 1, 1.65, 10, 400, 90, 0
3, 1855, 1, 1.7, 24, 50, 315, 1
3, 1856, 1, 1.6, 9, 350, 45, 0
3, 1857, 0, 1.7, 260, NaN, NaN, 0
3, 1858, 0, 1.7, 271, NaN, NaN, 0
3, 1859, 1, 1.6, 6, 50, 45, 1
3, 1860, 1, 1.65, 14, 400, 0, 0
3, 1861, 1, 1.6, 9, 350, 135, 0
3, 1862, 1, 1.7, 20, 200, 90, 0
3, 1863, 1, 1.65, 17, 150, 45, 1
3, 1864, 1, 1.6, 1, 50, 225, -1
3, 1865, 1, 1.6, 1, 100, 270, 1
3, 1866, 1, 1.65, 17, 250, 225, 0
3, 1867, 1, 1.6, 2, 100, 135, 0
3, 1868, 1, 1.7, 19, 350, 0, 1
3, 1869, 1, 1.6, 9, 350, 315, 0
3, 1870, 1, 1.65, 17, 350, 0, 0
3, 1871, 1, 1.7, 25, 150, 135, 1
3, 1872, 1, 1.6, 5, 350, 90, 0
3, 1873, 1, 1.6, 8, 50, 225, 1
3, 1874, 1, 1.7, 20, 400, 225, 0
3, 1875, 1, 1.65, 11, 400, 45, 0
3, 1876, 1, 1.7, 24, 100, 90, 1
3, 1877, 1, 1.6, 7, 50, 45, 0
3, 1878, 1, 1.65, 15, 100, 315, 0
3, 1879, 1, 1.65, 11, 350, 135, 0
3, 1880, 1, 1.65, 13, 50, 90, 1
3, 1881, 0, 1.65, 114, NaN, NaN, 0
3, 1882, 1, 1.7, 21, 50, 270, 1
3, 1883, 0, 1.6, 49, NaN, NaN, 0
3, 1884, 1, 1.6, 8, 150, 315, 0
3, 1885, 1, 1.65, 16, 50, 90, 1
3, 1886, 1, 1.65, 18, 50, 135, 0
3, 1887, 1, 1.6, 1, 250, 180, 0
3, 1888, 1, 1.65, 10, 150, 270, 0
3, 1889, 0, 1.6, 111, NaN, NaN, 0
3, 1890, 1, 1.65, 16, 350, 135, 1
3, 1891, 1, 1.65, 18, 150, 270, 0
3, 1892, 1, 1.6, 1, 100, 90, 0
3, 1893, 1, 1.6, 3, 200, 0, 0
3, 1894, 1, 1.65, 18, 100, 0, 0
3, 1895, 1, 1.65, 13, 100, 315, -1
3, 1896, 1, 1.6, 3, 50, 180, 1
3, 1897, 1, 1.7, 21, 300, 135, 0
3, 1898, 1, 1.6, 5, 50, 45, 1
3, 1899, 1, 1.6, 6, 100, 90, 1
3, 1900, 1, 1.65, 11, 400, 0, 0
3, 1901, 1, 1.7, 27, 200, 180, 0
3, 1902, 0, 1.6, 106, NaN, NaN, 0
3, 1903, 1, 1.65, 13, 250, 315, 0
3, 1904, 1, 1.7, 19, 50, 270, 1
3, 1905, 0, 1.6, 43, NaN, NaN, 0
3, 1906, 1, 1.7, 23, 50, 225, 1
3, 1907, 1, 1.65, 10, 50, 180, 1
3, 1908, 1, 1.65, 17, 400, 135, 0
3, 1909, 0, 1.7, 269, NaN, NaN, 0
3, 1910, 1, 1.7, 23, 200, 180, 1
3, 1911, 1, 1.65, 18, 300, 180, 0
3, 1912, 1, 1.65, 10, 150, 180, 0
3, 1913, 1, 1.65, 11, 150, 315, 0
3, 1914, 1, 1.7, 26, 250, 90, 1
3, 1915, 1, 1.65, 17, 200, 0, 0
3, 1916, 1, 1.6, 7, 100, 180, 1
3, 1917, 1, 1.65, 11, 300, 315, 0
3, 1918, 1, 1.65, 14, 300, 0, 0
3, 1919, 1, 1.6, 5, 350, 135, 0
3, 1920, 1, 1.65, 16, 200, 180, 1
3, 1921, 1, 1.7, 23, 200, 135, 1
3, 1922, 0, 1.6, 41, NaN, NaN, 0
3, 1923, 0, 1.7, 203, NaN, NaN, 0
3, 1924, 0, 1.65, 115, NaN, NaN, 0
3, 1925, 1, 1.65, 11, 100, 180, 1
3, 1926, 1, 1.7, 25, 250, 270, 1
3, 1927, 1, 1.7, 21, 300, 90, 1
3, 1928, 1, 1.65, 16, 400, 180, 0
3, 1929, 1, 1.6, 4, 250, 0, 0
3, 1930, 1, 1.65, 10, 300, 270, 0
3, 1931, 0, 1.6, 98, NaN, NaN, 0
3, 1932, 1, 1.6, 7, 300, 45, 0
3, 1933, 1, 1.6, 4, 50, 270, 1
3, 1934, 1, 1.7, 23, 350, 90, 0
3, 1935, 1, 1.6, 3, 50, 270, 1
3, 1936, 1, 1.65, 17, 50, 180, 1
3, 1937, 1, 1.65, 14, 300, 90, 0
3, 1938, 1, 1.6, 6, 100, 135, 0
3, 1939, 1, 1.6, 7, 350, 135, 0
3, 1940, 1, 1.7, 24, 150, 225, 1
3, 1941, 1, 1.65, 11, 200, 135, 0
3, 1942, 1, 1.7, 27, 300, 45, 0
3, 1943, 1, 1.65, 15, 100, 45, 1
3, 1944, 1, 1.7, 20, 350, 135, -1
3, 1945, 1, 1.65, 14, 400, 135, 0
3, 1946, 1, 1.65, 18, 50, 180, 1
3, 1947, 0, 1.6, 63, NaN, NaN, 0
3, 1948, 1, 1.6, 1, 400, 0, 0
3, 1949, 1, 1.7, 19, 300, 225, -1
3, 1950, 1, 1.7, 25, 150, 270, 1
3, 1951, 1, 1.7, 26, 250, 270, 1
3, 1952, 1, 1.6, 5, 150, 270, 0
3, 1953, 1, 1.6, 2, 100, 180, 0
3, 1954, 1, 1.65, 13, 300, 315, 1
3, 1955, 1, 1.7, 26, 350, 90, 0
3, 1956, 1, 1.7, 26, 150, 135, 0
3, 1957, 1, 1.65, 15, 350, 225, 0
3, 1958, 1, 1.65, 17, 400, 45, 0
3, 1959, 1, 1.6, 2, 200, 0, 0
3, 1960, 0, 1.7, 258, NaN, NaN, 0
3, 1961, 1, 1.6, 5, 200, 45, 0
3, 1962, 1, 1.65, 16, 250, 0, 0
3, 1963, 1, 1.6, 3, 300, 0, 0
3, 1964, 0, 1.65, 125, NaN, NaN, 0
3, 1965, 1, 1.6, 5, 150, 135, 0
3, 1966, 1, 1.7, 22, 100, 45, 1
3, 1967, 1, 1.65, 11, 300, 45, 1
3, 1968, 1, 1.6, 1, 50, 180, 1
3, 1969, 1, 1.65, 18, 200, 315, 1
3, 1970, 1, 1.65, 10, 400, 225, 0
3, 1971, 1, 1.7, 22, 250, 270, 1
3, 1972, 0, 1.6, 109, NaN, NaN, 0
3, 1973, 1, 1.65, 13, 250, 0, 0
3, 1974, 1, 1.7, 21, 350, 180, 0
3, 1975, 1, 1.7, 23, 400, 225, 0
3, 1976, 1, 1.6, 8, 250, 45, 0
3, 1977, 1, 1.7, 22, 400, 180, 0
3, 1978, 1, 1.65, 17, 400, 180, 0
3, 1979, 1, 1.7, 21, 100, 0, 1
3, 1980, 1, 1.6, 8, 150, 0, 0
3, 1981, 1, 1.65, 12, 100, 135, -1
3, 1982, 1, 1.65, 17, 200, 315, 0
3, 1983, 1, 1.7, 27, 200, 225, 1
3, 1984, 1, 1.6, 5, 50, 315, 1
3, 1985, 1, 1.65, 14, 50, 45, 1
3, 1986, 1, 1.7, 20, 150, 135, 1
