participantNumber, trialNum, TargetPresent, beta, seed, r, phi, respose
4, 1, 0, 1.65, 134, NaN, NaN, 1
4, 2, 1, 1.6, 3, 300, 315, 1
4, 3, 1, 1.65, 18, 400, 90, 1
4, 4, 1, 1.6, 6, 200, 135, 1
4, 5, 1, 1.7, 25, 250, 315, 0
4, 6, 1, 1.6, 4, 350, 225, 1
4, 7, 1, 1.6, 3, 350, 180, 1
4, 8, 1, 1.7, 26, 200, 45, 1
4, 9, 1, 1.6, 8, 250, 180, 1
4, 10, 1, 1.6, 8, 200, 0, 1
4, 11, 0, 1.65, 160, NaN, NaN, 1
4, 12, 0, 1.6, 60, NaN, NaN, 1
4, 13, 0, 1.6, 54, NaN, NaN, 1
4, 14, 1, 1.6, 8, 400, 90, 0
4, 15, 1, 1.6, 6, 50, 0, 1
4, 16, 1, 1.65, 12, 150, 90, 1
4, 17, 1, 1.7, 21, 100, 315, 1
4, 18, 0, 1.7, 262, NaN, NaN, 1
4, 19, 1, 1.6, 9, 250, 270, 1
4, 20, 1, 1.6, 3, 400, 315, 0
4, 21, 1, 1.65, 16, 400, 225, 1
4, 22, 1, 1.6, 9, 150, 225, 1
4, 23, 1, 1.7, 27, 150, 45, 0
4, 24, 1, 1.6, 9, 200, 90, 1
4, 25, 1, 1.6, 7, 200, 135, 1
4, 26, 0, 1.7, 285, NaN, NaN, 1
4, 27, 1, 1.7, 19, 50, 135, 0
4, 28, 1, 1.65, 14, 50, 135, 0
4, 29, 1, 1.65, 15, 200, 315, 1
4, 30, 0, 1.7, 238, NaN, NaN, 1
4, 31, 1, 1.65, 14, 400, 225, 1
4, 32, 1, 1.65, 18, 150, 135, 0
4, 33, 1, 1.65, 14, 50, 180, 0
4, 34, 1, 1.6, 8, 100, 45, 1
4, 35, 1, 1.6, 3, 200, 315, 1
4, 36, 1, 1.7, 19, 100, 135, 0
4, 37, 1, 1.65, 10, 150, 225, 1
4, 38, 1, 1.65, 16, 400, 135, 1
4, 39, 1, 1.65, 12, 100, 90, 0
4, 40, 0, 1.7, 270, NaN, NaN, 1
4, 41, 1, 1.6, 1, 50, 270, 0
4, 42, 1, 1.6, 4, 200, 225, 1
4, 43, 1, 1.7, 20, 400, 315, 1
4, 44, 1, 1.7, 20, 200, 135, 0
4, 45, 1, 1.7, 26, 350, 225, 1
4, 46, 1, 1.6, 1, 350, 315, 1
4, 47, 1, 1.65, 10, 200, 315, 0
4, 48, 1, 1.7, 22, 300, 45, 0
4, 49, 1, 1.65, 13, 400, 45, 1
4, 50, 1, 1.6, 8, 250, 0, 0
4, 51, 0, 1.6, 94, NaN, NaN, 1
4, 52, 1, 1.7, 23, 300, 90, 1
4, 53, 1, 1.65, 18, 400, 225, 1
4, 54, 0, 1.7, 231, NaN, NaN, 1
4, 55, 1, 1.7, 24, 250, 45, 1
4, 56, 1, 1.6, 1, 100, 315, 1
4, 57, 1, 1.65, 16, 350, 180, 1
4, 58, 1, 1.65, 10, 50, 225, 0
4, 59, 1, 1.65, 14, 200, 90, 0
4, 60, 1, 1.7, 24, 350, 90, 1
4, 61, 1, 1.7, 24, 200, 225, 1
4, 62, 1, 1.6, 5, 350, 180, 1
4, 63, 1, 1.7, 26, 400, 45, 1
4, 64, 1, 1.7, 21, 50, 225, 0
4, 65, 1, 1.6, 1, 300, 225, 1
4, 66, 1, 1.65, 12, 300, 225, 1
4, 67, 1, 1.6, 4, 300, 270, 1
4, 68, 1, 1.7, 25, 300, 45, 0
4, 69, 1, 1.7, 24, 350, 180, 1
4, 70, 1, 1.7, 21, 200, 315, 0
4, 71, 1, 1.7, 19, 150, 45, -1
4, 72, 1, 1.65, 16, 150, 270, 0
4, 73, 1, 1.6, 8, 350, 180, 1
4, 74, 1, 1.6, 9, 250, 225, 1
4, 75, 1, 1.7, 22, 100, 90, 0
4, 76, 1, 1.65, 10, 100, 135, 0
4, 77, 1, 1.65, 14, 350, 315, 1
4, 78, 1, 1.6, 7, 250, 0, 0
4, 79, 1, 1.6, 3, 400, 225, 1
4, 80, 1, 1.65, 18, 350, 45, 1
4, 81, 1, 1.65, 18, 300, 270, 0
4, 82, 1, 1.7, 25, 150, 45, 0
4, 83, 1, 1.6, 7, 400, 135, 1
4, 84, 1, 1.7, 21, 200, 135, 1
4, 85, 1, 1.6, 1, 250, 90, 1
4, 86, 1, 1.65, 11, 300, 135, 1
4, 87, 1, 1.6, 7, 100, 315, 1
4, 88, 1, 1.7, 25, 50, 225, 0
4, 89, 1, 1.6, 4, 150, 45, 1
4, 90, 1, 1.7, 21, 250, 90, 0
4, 91, 1, 1.65, 11, 50, 135, 0
4, 92, 1, 1.7, 27, 150, 315, 0
4, 93, 1, 1.65, 12, 200, 90, 0
4, 94, 1, 1.6, 1, 350, 90, 0
4, 95, 0, 1.6, 33, NaN, NaN, 1
4, 96, 1, 1.65, 13, 250, 45, 1
4, 97, 1, 1.7, 26, 50, 315, 0
4, 98, 1, 1.65, 12, 350, 180, 1
4, 99, 1, 1.6, 8, 150, 90, 1
4, 100, 1, 1.6, 5, 250, 45, 1
4, 101, 1, 1.65, 18, 200, 135, 1
4, 102, 1, 1.7, 24, 200, 0, 0
4, 103, 1, 1.6, 1, 200, 225, 0
4, 104, 1, 1.6, 4, 50, 180, 0
4, 105, 1, 1.7, 23, 400, 270, 1
4, 106, 1, 1.6, 7, 150, 45, 1
4, 107, 1, 1.6, 4, 250, 90, 0
4, 108, 1, 1.6, 5, 150, 45, 0
4, 109, 1, 1.6, 8, 100, 180, 1
4, 110, 1, 1.6, 1, 300, 315, 1
4, 111, 1, 1.6, 4, 150, 315, 0
4, 112, 1, 1.6, 1, 200, 135, 1
4, 113, 1, 1.7, 27, 350, 0, -1
4, 114, 0, 1.6, 112, NaN, NaN, 1
4, 115, 1, 1.6, 6, 150, 270, 1
4, 116, 1, 1.65, 12, 100, 180, 0
4, 117, 0, 1.7, 226, NaN, NaN, 1
4, 118, 1, 1.65, 15, 50, 135, 0
4, 119, 1, 1.7, 23, 100, 270, 1
4, 120, 1, 1.65, 11, 300, 270, 0
4, 121, 1, 1.6, 8, 100, 270, 0
4, 122, 1, 1.7, 19, 250, 90, 0
4, 123, 0, 1.7, 204, NaN, NaN, 1
4, 124, 1, 1.65, 16, 300, 225, 1
4, 125, 1, 1.65, 12, 400, 315, 1
4, 126, 0, 1.7, 229, NaN, NaN, 1
4, 127, 1, 1.7, 25, 100, 45, 0
4, 128, 1, 1.6, 9, 150, 0, 1
4, 129, 1, 1.65, 18, 200, 0, 1
4, 130, 1, 1.7, 21, 150, 135, 0
4, 131, 1, 1.6, 8, 50, 270, 0
4, 132, 1, 1.65, 17, 100, 270, 0
4, 133, 0, 1.65, 131, NaN, NaN, 0
4, 134, 0, 1.65, 173, NaN, NaN, 1
4, 135, 1, 1.7, 23, 150, 45, 0
4, 136, 1, 1.65, 16, 50, 225, 0
4, 137, 1, 1.65, 11, 200, 180, 0
4, 138, 1, 1.65, 15, 100, 270, 0
4, 139, 1, 1.65, 12, 100, 270, 0
4, 140, 1, 1.6, 9, 300, 270, 0
4, 141, 1, 1.6, 8, 350, 225, 1
4, 142, 0, 1.6, 28, NaN, NaN, 1
4, 143, 1, 1.7, 23, 150, 180, 0
4, 144, 1, 1.7, 24, 50, 0, 0
4, 145, 0, 1.7, 218, NaN, NaN, 1
4, 146, 1, 1.6, 5, 200, 180, 1
4, 147, 1, 1.6, 5, 200, 0, 1
4, 148, 0, 1.65, 187, NaN, NaN, 1
4, 149, 1, 1.65, 15, 100, 225, 0
4, 150, 0, 1.7, 283, NaN, NaN, -1
4, 151, 0, 1.65, 141, NaN, NaN, 1
4, 152, 0, 1.7, 216, NaN, NaN, 1
4, 153, 1, 1.65, 18, 400, 270, 1
4, 154, 1, 1.6, 6, 200, 45, 1
4, 155, 1, 1.65, 14, 400, 45, 1
4, 156, 1, 1.6, 9, 300, 180, 1
4, 157, 1, 1.65, 12, 50, 90, 0
4, 158, 1, 1.6, 3, 100, 90, 1
4, 159, 1, 1.65, 11, 150, 45, 0
4, 160, 0, 1.6, 80, NaN, NaN, 1
4, 161, 1, 1.65, 11, 250, 180, 1
4, 162, 1, 1.65, 14, 150, 135, 0
4, 163, 1, 1.7, 21, 150, 270, 1
4, 164, 1, 1.65, 15, 350, 180, 1
4, 165, 1, 1.65, 10, 350, 45, 1
4, 166, 1, 1.7, 19, 350, 90, 0
4, 167, 1, 1.7, 27, 400, 180, 0
4, 168, 0, 1.65, 133, NaN, NaN, 1
4, 169, 1, 1.7, 23, 150, 0, 0
4, 170, 1, 1.7, 25, 250, 180, 1
4, 171, 1, 1.6, 8, 350, 315, 1
4, 172, 0, 1.7, 215, NaN, NaN, 1
4, 173, 1, 1.6, 2, 100, 45, 0
4, 174, 1, 1.65, 12, 350, 225, 1
4, 175, 0, 1.6, 113, NaN, NaN, 1
4, 176, 1, 1.6, 7, 150, 135, 1
4, 177, 0, 1.6, 48, NaN, NaN, 1
4, 178, 1, 1.7, 20, 150, 225, 0
4, 179, 1, 1.6, 9, 150, 270, 1
4, 180, 1, 1.6, 8, 250, 90, 1
4, 181, 1, 1.6, 6, 300, 135, -1
4, 182, 1, 1.65, 17, 350, 90, 1
4, 183, 1, 1.65, 14, 300, 270, 0
4, 184, 1, 1.6, 9, 300, 225, 1
4, 185, 1, 1.65, 12, 200, 270, 0
4, 186, 1, 1.65, 15, 250, 90, 1
4, 187, 1, 1.65, 12, 350, 270, 0
4, 188, 0, 1.65, 190, NaN, NaN, 1
4, 189, 1, 1.6, 3, 250, 135, 1
4, 190, 1, 1.65, 13, 200, 270, 0
4, 191, 1, 1.6, 2, 50, 180, 0
4, 192, 1, 1.7, 26, 50, 180, 0
4, 193, 0, 1.7, 240, NaN, NaN, 1
4, 194, 1, 1.6, 9, 150, 45, 1
4, 195, 1, 1.65, 10, 350, 270, 1
4, 196, 1, 1.6, 9, 300, 45, 1
4, 197, 1, 1.6, 8, 300, 0, 1
4, 198, 1, 1.6, 1, 50, 0, 1
4, 199, 1, 1.6, 5, 250, 135, 1
4, 200, 1, 1.7, 26, 250, 0, 1
4, 201, 1, 1.6, 1, 300, 180, 1
4, 202, 1, 1.7, 20, 300, 135, 1
4, 203, 1, 1.65, 11, 150, 135, 0
4, 204, 1, 1.6, 4, 300, 225, 1
4, 205, 0, 1.65, 129, NaN, NaN, 1
4, 206, 1, 1.6, 6, 50, 315, 0
4, 207, 1, 1.7, 25, 250, 225, 1
4, 208, 1, 1.6, 5, 100, 180, 0
4, 209, 1, 1.65, 11, 200, 225, 1
4, 210, 1, 1.6, 7, 100, 0, 1
4, 211, 1, 1.65, 15, 50, 180, 0
4, 212, 1, 1.6, 3, 250, 180, 1
4, 213, 0, 1.6, 59, NaN, NaN, 1
4, 214, 1, 1.6, 6, 400, 315, 1
4, 215, 1, 1.7, 27, 50, 90, 0
4, 216, 1, 1.7, 26, 300, 225, 1
4, 217, 1, 1.7, 19, 250, 135, 1
4, 218, 1, 1.7, 22, 350, 315, 0
4, 219, 1, 1.6, 4, 250, 180, 0
4, 220, 1, 1.65, 10, 250, 270, 1
4, 221, 1, 1.7, 24, 200, 315, 0
4, 222, 1, 1.6, 5, 400, 135, 1
4, 223, 0, 1.6, 30, NaN, NaN, 1
4, 224, 1, 1.6, 8, 300, 45, 1
4, 225, 0, 1.7, 234, NaN, NaN, 1
4, 226, 1, 1.6, 5, 150, 0, -1
4, 227, 1, 1.65, 13, 200, 90, 1
4, 228, 1, 1.6, 6, 400, 0, 1
4, 229, 1, 1.65, 17, 300, 0, 1
4, 230, 0, 1.65, 194, NaN, NaN, 1
4, 231, 0, 1.7, 236, NaN, NaN, 1
4, 232, 1, 1.7, 22, 150, 90, 0
4, 233, 1, 1.6, 4, 100, 225, 1
4, 234, 1, 1.65, 12, 150, 315, 1
4, 235, 1, 1.7, 23, 300, 270, 0
4, 236, 0, 1.7, 276, NaN, NaN, 1
4, 237, 1, 1.7, 22, 300, 225, 0
4, 238, 1, 1.65, 16, 50, 180, 0
4, 239, 1, 1.6, 2, 350, 225, 1
4, 240, 1, 1.6, 2, 100, 225, 0
4, 241, 1, 1.6, 1, 150, 0, 1
4, 242, 1, 1.6, 8, 50, 90, 0
4, 243, 1, 1.7, 27, 150, 180, 0
4, 244, 1, 1.7, 19, 300, 135, 0
4, 245, 1, 1.6, 7, 50, 180, 0
4, 246, 1, 1.7, 25, 150, 225, 0
4, 247, 1, 1.65, 12, 350, 0, 1
4, 248, 1, 1.7, 20, 150, 90, 0
4, 249, 1, 1.65, 18, 350, 0, 1
4, 250, 1, 1.7, 24, 250, 225, 0
4, 251, 0, 1.7, 200, NaN, NaN, 1
4, 252, 1, 1.65, 10, 50, 45, 0
4, 253, 1, 1.65, 13, 150, 180, 0
4, 254, 1, 1.7, 22, 200, 135, 1
4, 255, 1, 1.6, 1, 250, 45, 1
4, 256, 1, 1.65, 13, 150, 225, 0
4, 257, 1, 1.7, 19, 400, 225, 0
4, 258, 0, 1.7, 250, NaN, NaN, 1
4, 259, 0, 1.6, 62, NaN, NaN, 1
4, 260, 1, 1.65, 17, 350, 315, 1
4, 261, 1, 1.65, 14, 400, 180, 1
4, 262, 1, 1.7, 27, 250, 180, 0
4, 263, 1, 1.65, 13, 350, 90, 1
4, 264, 1, 1.6, 9, 400, 225, 1
4, 265, 1, 1.6, 5, 300, 225, 1
4, 266, 1, 1.7, 25, 300, 135, 0
4, 267, 1, 1.7, 26, 300, 270, 0
4, 268, 1, 1.7, 25, 100, 270, 0
4, 269, 1, 1.6, 1, 100, 45, 1
4, 270, 1, 1.6, 4, 100, 135, 0
4, 271, 1, 1.65, 11, 150, 180, 0
4, 272, 1, 1.7, 22, 200, 90, 0
4, 273, 1, 1.7, 21, 300, 315, 1
4, 274, 1, 1.65, 15, 300, 45, 0
4, 275, 1, 1.7, 19, 250, 45, 0
4, 276, 1, 1.7, 21, 100, 180, -1
4, 277, 1, 1.7, 22, 250, 180, 0
4, 278, 0, 1.6, 29, NaN, NaN, 1
4, 279, 1, 1.65, 11, 200, 45, 0
4, 280, 1, 1.65, 17, 350, 225, 1
4, 281, 1, 1.6, 7, 50, 270, 0
4, 282, 1, 1.7, 26, 100, 0, 0
4, 283, 1, 1.65, 16, 200, 270, 0
4, 284, 1, 1.6, 8, 400, 135, 0
4, 285, 1, 1.7, 20, 250, 0, 1
4, 286, 1, 1.6, 2, 150, 315, 1
4, 287, 1, 1.7, 21, 350, 0, 0
4, 288, 0, 1.7, 205, NaN, NaN, 1
4, 289, 1, 1.65, 13, 300, 135, 1
4, 290, 1, 1.6, 6, 100, 270, 1
4, 291, 1, 1.6, 8, 300, 180, 1
4, 292, 0, 1.6, 88, NaN, NaN, 1
4, 293, 1, 1.7, 27, 350, 135, 1
4, 294, 1, 1.6, 7, 350, 45, 1
4, 295, 1, 1.7, 27, 400, 225, 1
4, 296, 1, 1.6, 5, 100, 90, 0
4, 297, 1, 1.7, 19, 350, 180, 0
4, 298, 1, 1.7, 21, 350, 315, 1
4, 299, 1, 1.6, 9, 150, 90, 0
4, 300, 1, 1.65, 10, 150, 0, 1
4, 301, 0, 1.6, 78, NaN, NaN, 1
4, 302, 1, 1.65, 13, 100, 135, 0
4, 303, 1, 1.7, 21, 400, 90, 1
4, 304, 1, 1.6, 5, 350, 225, 1
4, 305, 1, 1.6, 1, 150, 45, 1
4, 306, 1, 1.65, 16, 300, 180, 0
4, 307, 1, 1.7, 26, 200, 180, 0
4, 308, 1, 1.6, 8, 400, 225, 1
4, 309, 1, 1.7, 21, 350, 45, 1
4, 310, 1, 1.7, 24, 350, 315, 0
4, 311, 1, 1.65, 18, 250, 90, 0
4, 312, 1, 1.65, 10, 150, 135, 1
4, 313, 1, 1.6, 3, 400, 270, 1
4, 314, 0, 1.7, 225, NaN, NaN, 1
4, 315, 0, 1.6, 67, NaN, NaN, 1
4, 316, 1, 1.7, 19, 400, 315, 1
4, 317, 1, 1.7, 24, 250, 135, 1
4, 318, 0, 1.65, 167, NaN, NaN, 1
4, 319, 0, 1.7, 232, NaN, NaN, 1
4, 320, 1, 1.6, 5, 400, 45, 1
4, 321, 0, 1.6, 85, NaN, NaN, 1
4, 322, 1, 1.65, 13, 50, 135, 0
4, 323, 1, 1.65, 11, 150, 90, 0
4, 324, 1, 1.6, 1, 200, 0, 1
4, 325, 1, 1.6, 3, 100, 180, 1
4, 326, 0, 1.7, 268, NaN, NaN, 1
4, 327, 1, 1.7, 21, 400, 270, 0
4, 328, 1, 1.7, 25, 400, 180, 1
4, 329, 0, 1.6, 71, NaN, NaN, 1
4, 330, 1, 1.7, 21, 200, 270, 1
4, 331, 1, 1.6, 6, 150, 225, 1
4, 332, 1, 1.7, 22, 400, 0, 0
4, 333, 1, 1.6, 1, 200, 315, 1
4, 334, 1, 1.65, 12, 200, 0, 1
4, 335, 1, 1.6, 4, 250, 45, 1
4, 336, 1, 1.7, 22, 400, 270, -1
4, 337, 1, 1.7, 27, 200, 135, 0
4, 338, 1, 1.6, 9, 50, 270, 0
4, 339, 0, 1.7, 211, NaN, NaN, 1
4, 340, 0, 1.6, 53, NaN, NaN, 1
4, 341, 1, 1.7, 21, 400, 135, 1
4, 342, 0, 1.7, 275, NaN, NaN, 1
4, 343, 1, 1.7, 23, 300, 45, 1
4, 344, 1, 1.6, 2, 250, 0, 1
4, 345, 1, 1.65, 10, 350, 225, 1
4, 346, 1, 1.7, 27, 50, 135, 0
4, 347, 1, 1.6, 6, 50, 90, 0
4, 348, 1, 1.7, 25, 150, 315, 0
4, 349, 1, 1.7, 26, 350, 135, 1
4, 350, 1, 1.6, 2, 150, 0, 0
4, 351, 1, 1.6, 7, 400, 180, 0
4, 352, 1, 1.6, 8, 150, 180, 1
4, 353, 1, 1.7, 27, 250, 270, 0
4, 354, 1, 1.7, 27, 200, 45, 1
4, 355, 1, 1.65, 16, 350, 90, 1
4, 356, 0, 1.65, 174, NaN, NaN, 1
4, 357, 0, 1.65, 163, NaN, NaN, 1
4, 358, 1, 1.7, 25, 200, 270, 0
4, 359, 1, 1.6, 9, 150, 135, 1
4, 360, 1, 1.7, 21, 150, 315, 0
4, 361, 1, 1.6, 5, 300, 90, 1
4, 362, 1, 1.6, 5, 100, 45, 1
4, 363, 1, 1.65, 11, 350, 315, 1
4, 364, 1, 1.65, 12, 350, 45, 1
4, 365, 1, 1.65, 15, 400, 225, 0
4, 366, 0, 1.7, 227, NaN, NaN, 1
4, 367, 1, 1.7, 20, 400, 45, 1
4, 368, 1, 1.7, 23, 400, 0, 0
4, 369, 1, 1.7, 25, 50, 0, 0
4, 370, 1, 1.65, 13, 250, 90, 0
4, 371, 1, 1.65, 12, 150, 180, 0
4, 372, 1, 1.6, 3, 350, 135, 1
4, 373, 1, 1.65, 16, 100, 315, 0
4, 374, 1, 1.6, 8, 50, 45, 0
4, 375, 1, 1.65, 10, 300, 180, 1
4, 376, 0, 1.7, 217, NaN, NaN, 1
4, 377, 1, 1.65, 10, 300, 135, 0
4, 378, 0, 1.6, 79, NaN, NaN, 1
4, 379, 1, 1.6, 8, 200, 225, 0
4, 380, 1, 1.6, 8, 250, 135, 1
4, 381, 1, 1.65, 12, 50, 135, 0
4, 382, 1, 1.7, 19, 200, 90, 0
4, 383, 1, 1.65, 10, 200, 225, 0
4, 384, 1, 1.7, 20, 250, 315, 1
4, 385, 1, 1.6, 3, 300, 180, 1
4, 386, 1, 1.65, 14, 150, 180, 1
4, 387, 1, 1.65, 18, 100, 180, 0
4, 388, 1, 1.6, 2, 300, 45, 1
4, 389, 1, 1.65, 12, 400, 135, 1
4, 390, 1, 1.6, 6, 250, 0, 1
4, 391, 1, 1.65, 11, 100, 0, 0
4, 392, 1, 1.6, 9, 50, 315, 0
4, 393, 1, 1.6, 5, 250, 180, 1
4, 394, 1, 1.6, 2, 300, 270, 1
4, 395, 1, 1.65, 16, 100, 270, 0
4, 396, 1, 1.7, 23, 300, 225, 0
4, 397, 1, 1.65, 17, 250, 45, 1
4, 398, 1, 1.7, 26, 250, 315, 0
4, 399, 1, 1.6, 7, 250, 225, 1
4, 400, 1, 1.7, 27, 100, 90, 0
4, 401, 1, 1.6, 6, 50, 180, 0
4, 402, 1, 1.65, 15, 200, 225, 0
4, 403, 1, 1.65, 15, 50, 315, 0
4, 404, 1, 1.6, 7, 250, 90, 0
4, 405, 1, 1.6, 7, 400, 315, 0
4, 406, 1, 1.6, 2, 300, 90, 1
4, 407, 1, 1.6, 8, 400, 45, 1
4, 408, 1, 1.65, 12, 400, 0, 1
4, 409, 1, 1.7, 19, 100, 90, 0
4, 410, 0, 1.65, 180, NaN, NaN, 1
4, 411, 1, 1.7, 22, 100, 315, 0
4, 412, 0, 1.7, 252, NaN, NaN, 1
4, 413, 1, 1.7, 20, 300, 90, 1
4, 414, 1, 1.6, 1, 100, 225, 0
4, 415, 1, 1.6, 6, 400, 270, 1
4, 416, 1, 1.7, 24, 400, 90, 1
4, 417, 1, 1.6, 6, 200, 270, 1
4, 418, 1, 1.6, 7, 400, 45, -1
4, 419, 1, 1.65, 10, 150, 45, 0
4, 420, 1, 1.7, 26, 250, 225, 0
4, 421, 1, 1.7, 22, 350, 180, 1
4, 422, 1, 1.65, 18, 350, 225, 1
4, 423, 1, 1.65, 13, 150, 270, 0
4, 424, 1, 1.7, 20, 300, 225, 1
4, 425, 1, 1.6, 4, 250, 270, 1
4, 426, 1, 1.65, 10, 250, 225, 0
4, 427, 1, 1.6, 1, 250, 225, 1
4, 428, 1, 1.7, 21, 250, 315, 0
4, 429, 1, 1.7, 23, 250, 180, 1
4, 430, 1, 1.65, 17, 150, 315, 0
4, 431, 1, 1.7, 24, 350, 45, 1
4, 432, 1, 1.65, 10, 400, 0, 1
4, 433, 1, 1.6, 6, 200, 90, 1
4, 434, 1, 1.7, 23, 350, 225, 1
4, 435, 1, 1.65, 18, 250, 45, 0
4, 436, 1, 1.6, 6, 150, 90, 1
4, 437, 1, 1.6, 1, 100, 0, 0
4, 438, 1, 1.65, 17, 200, 180, 0
4, 439, 1, 1.65, 11, 100, 135, 0
4, 440, 1, 1.6, 9, 100, 225, -1
4, 441, 1, 1.7, 26, 350, 180, 0
4, 442, 0, 1.6, 82, NaN, NaN, 1
4, 443, 1, 1.7, 23, 100, 315, 0
4, 444, 0, 1.7, 228, NaN, NaN, 1
4, 445, 1, 1.6, 1, 400, 270, 1
4, 446, 1, 1.65, 14, 300, 45, 1
4, 447, 0, 1.6, 108, NaN, NaN, 1
4, 448, 1, 1.6, 4, 200, 180, 1
4, 449, 1, 1.6, 2, 150, 270, 0
4, 450, 1, 1.65, 12, 150, 270, 0
4, 451, 1, 1.7, 19, 150, 135, 0
4, 452, 1, 1.65, 13, 50, 225, 0
4, 453, 1, 1.7, 21, 150, 0, 0
4, 454, 1, 1.6, 8, 250, 225, 1
4, 455, 1, 1.7, 23, 150, 90, 0
4, 456, 1, 1.65, 13, 250, 225, 1
4, 457, 1, 1.7, 20, 200, 270, 0
4, 458, 1, 1.65, 17, 350, 180, 1
4, 459, 1, 1.65, 18, 50, 45, 0
4, 460, 1, 1.6, 8, 200, 180, 1
4, 461, 1, 1.65, 18, 300, 45, 1
4, 462, 1, 1.65, 12, 250, 0, 0
4, 463, 1, 1.7, 26, 350, 315, 1
4, 464, 1, 1.65, 18, 400, 180, -1
4, 465, 1, 1.65, 13, 350, 225, 1
4, 466, 0, 1.65, 184, NaN, NaN, 1
4, 467, 1, 1.65, 18, 250, 270, 0
4, 468, 1, 1.7, 21, 250, 135, 1
4, 469, 1, 1.65, 11, 400, 225, 1
4, 470, 1, 1.65, 15, 350, 90, 1
4, 471, 1, 1.7, 20, 100, 45, 0
4, 472, 0, 1.65, 143, NaN, NaN, 1
4, 473, 1, 1.6, 4, 250, 315, 1
4, 474, 1, 1.65, 18, 300, 225, 1
4, 475, 1, 1.6, 9, 50, 225, 1
4, 476, 1, 1.7, 19, 300, 0, 0
4, 477, 1, 1.7, 26, 300, 315, 0
4, 478, 1, 1.65, 18, 50, 270, 0
4, 479, 1, 1.6, 9, 300, 90, 1
4, 480, 1, 1.7, 20, 300, 315, 0
4, 481, 1, 1.7, 26, 200, 315, 0
4, 482, 1, 1.7, 25, 300, 225, 1
4, 483, 1, 1.7, 20, 100, 225, 0
4, 484, 1, 1.6, 5, 400, 315, 1
4, 485, 1, 1.65, 15, 150, 135, 0
4, 486, 1, 1.6, 9, 250, 45, 1
4, 487, 1, 1.7, 26, 350, 45, 1
4, 488, 1, 1.7, 26, 150, 270, 0
4, 489, 1, 1.6, 5, 100, 315, 1
4, 490, 1, 1.6, 5, 50, 0, 0
4, 491, 1, 1.65, 12, 300, 135, 1
4, 492, 1, 1.7, 23, 50, 90, 0
4, 493, 1, 1.6, 1, 400, 315, 1
4, 494, 1, 1.6, 6, 300, 90, 0
4, 495, 1, 1.7, 22, 400, 45, 1
4, 496, 0, 1.7, 281, NaN, NaN, 1
4, 497, 1, 1.7, 19, 200, 180, 0
4, 498, 1, 1.6, 4, 350, 135, 1
4, 499, 1, 1.6, 3, 200, 180, 1
4, 500, 0, 1.7, 220, NaN, NaN, 1
4, 501, 1, 1.7, 27, 200, 0, 1
4, 502, 1, 1.7, 21, 250, 270, 1
4, 503, 1, 1.7, 25, 250, 45, 0
4, 504, 0, 1.7, 267, NaN, NaN, 1
4, 505, 1, 1.65, 13, 150, 0, 0
4, 506, 0, 1.7, 202, NaN, NaN, 1
4, 507, 0, 1.65, 150, NaN, NaN, 1
4, 508, 1, 1.7, 21, 250, 225, 0
4, 509, 1, 1.7, 25, 50, 45, 0
4, 510, 1, 1.65, 10, 250, 135, 1
4, 511, 1, 1.65, 18, 100, 135, 0
4, 512, 1, 1.6, 7, 250, 270, 1
4, 513, 1, 1.6, 9, 200, 135, 1
4, 514, 1, 1.7, 19, 50, 180, 0
4, 515, 0, 1.65, 179, NaN, NaN, 1
4, 516, 0, 1.6, 57, NaN, NaN, 1
4, 517, 1, 1.65, 12, 300, 0, 1
4, 518, 0, 1.6, 77, NaN, NaN, 1
4, 519, 1, 1.65, 13, 200, 135, 1
4, 520, 1, 1.65, 15, 50, 45, 0
4, 521, 1, 1.65, 15, 250, 315, 1
4, 522, 1, 1.65, 10, 300, 0, 1
4, 523, 1, 1.7, 27, 300, 180, 1
4, 524, 1, 1.65, 16, 100, 0, 1
4, 525, 0, 1.6, 64, NaN, NaN, 1
4, 526, 1, 1.65, 18, 250, 135, 1
4, 527, 1, 1.7, 26, 200, 225, 0
4, 528, 0, 1.6, 39, NaN, NaN, 1
4, 529, 1, 1.7, 23, 200, 315, 0
4, 530, 1, 1.6, 5, 250, 270, 1
4, 531, 1, 1.7, 19, 300, 90, 1
4, 532, 1, 1.7, 20, 50, 135, 0
4, 533, 1, 1.65, 14, 350, 0, 1
4, 534, 1, 1.6, 3, 300, 135, 0
4, 535, 1, 1.7, 27, 300, 0, 0
4, 536, 1, 1.65, 13, 50, 180, 0
4, 537, 1, 1.7, 22, 50, 315, 0
4, 538, 1, 1.7, 27, 250, 315, 0
4, 539, 1, 1.6, 4, 200, 315, 0
4, 540, 1, 1.6, 3, 150, 135, 0
4, 541, 0, 1.7, 282, NaN, NaN, 1
4, 542, 1, 1.65, 12, 150, 225, 0
4, 543, 1, 1.7, 27, 300, 225, 0
4, 544, 1, 1.65, 14, 350, 90, 1
4, 545, 1, 1.6, 3, 50, 90, 0
4, 546, 1, 1.7, 25, 400, 270, 0
4, 547, 1, 1.65, 12, 350, 315, 1
4, 548, 1, 1.65, 10, 200, 90, 0
4, 549, 1, 1.7, 19, 250, 225, 0
4, 550, 1, 1.6, 5, 400, 225, 1
4, 551, 1, 1.7, 27, 400, 270, 0
4, 552, 1, 1.6, 8, 200, 90, 1
4, 553, 1, 1.65, 14, 400, 270, 1
4, 554, 0, 1.65, 186, NaN, NaN, 1
4, 555, 1, 1.65, 17, 250, 0, 0
4, 556, 1, 1.7, 22, 350, 90, 1
4, 557, 1, 1.65, 12, 100, 45, 0
4, 558, 1, 1.65, 16, 400, 0, 0
4, 559, 1, 1.7, 23, 150, 270, 1
4, 560, 1, 1.6, 4, 100, 180, 1
4, 561, 1, 1.7, 20, 50, 90, 0
4, 562, 1, 1.6, 9, 350, 0, 1
4, 563, 1, 1.65, 12, 400, 270, 0
4, 564, 1, 1.65, 16, 350, 225, 1
4, 565, 1, 1.7, 20, 100, 315, 0
4, 566, 1, 1.7, 27, 300, 90, 0
4, 567, 1, 1.6, 5, 400, 180, 1
4, 568, 1, 1.7, 21, 200, 45, 0
4, 569, 0, 1.7, 222, NaN, NaN, 1
4, 570, 0, 1.65, 126, NaN, NaN, 1
4, 571, 1, 1.65, 14, 250, 180, 1
4, 572, 1, 1.7, 26, 150, 315, 1
4, 573, 1, 1.65, 13, 150, 90, 0
4, 574, 1, 1.7, 26, 100, 135, 0
4, 575, 1, 1.7, 22, 100, 270, 0
4, 576, 1, 1.7, 23, 250, 270, 0
4, 577, 0, 1.7, 272, NaN, NaN, 1
4, 578, 1, 1.65, 18, 250, 225, 0
4, 579, 0, 1.6, 31, NaN, NaN, 1
4, 580, 1, 1.6, 4, 300, 45, 1
4, 581, 1, 1.6, 5, 300, 180, 1
4, 582, 1, 1.6, 4, 350, 180, 1
4, 583, 1, 1.7, 27, 100, 270, 0
4, 584, 1, 1.65, 18, 100, 270, 0
4, 585, 0, 1.65, 139, NaN, NaN, 1
4, 586, 1, 1.65, 10, 350, 0, 1
4, 587, 1, 1.65, 18, 350, 135, 1
4, 588, 1, 1.65, 17, 100, 90, 0
4, 589, 0, 1.65, 154, NaN, NaN, 1
4, 590, 1, 1.6, 7, 150, 180, 1
4, 591, 1, 1.65, 10, 100, 90, 0
4, 592, 1, 1.7, 23, 100, 135, 0
4, 593, 1, 1.7, 21, 400, 45, 1
4, 594, 1, 1.7, 26, 200, 0, 0
4, 595, 1, 1.6, 1, 300, 270, 1
4, 596, 1, 1.65, 17, 150, 0, 0
4, 597, 1, 1.65, 18, 350, 180, 1
4, 598, 1, 1.6, 8, 250, 315, 1
4, 599, 1, 1.7, 20, 250, 135, 1
4, 600, 0, 1.65, 161, NaN, NaN, 1
4, 601, 1, 1.6, 4, 400, 45, 1
4, 602, 1, 1.7, 21, 150, 45, 0
4, 603, 1, 1.65, 16, 400, 270, 1
4, 604, 1, 1.65, 10, 250, 0, 0
4, 605, 1, 1.7, 20, 100, 180, 0
4, 606, 1, 1.65, 16, 100, 135, 0
4, 607, 1, 1.7, 19, 100, 315, 0
4, 608, 0, 1.65, 144, NaN, NaN, 1
4, 609, 0, 1.6, 44, NaN, NaN, 1
4, 610, 1, 1.6, 3, 50, 135, 1
4, 611, 1, 1.7, 21, 300, 270, 0
4, 612, 1, 1.7, 22, 300, 315, 1
4, 613, 1, 1.7, 26, 100, 90, 0
4, 614, 0, 1.65, 162, NaN, NaN, 1
4, 615, 1, 1.6, 3, 150, 315, 1
4, 616, 1, 1.6, 3, 400, 0, 1
4, 617, 1, 1.7, 25, 350, 90, 1
4, 618, 0, 1.7, 230, NaN, NaN, 1
4, 619, 1, 1.6, 7, 300, 315, 1
4, 620, 1, 1.6, 4, 100, 45, 1
4, 621, 1, 1.6, 1, 350, 135, 1
4, 622, 1, 1.65, 13, 250, 270, 1
4, 623, 1, 1.7, 22, 350, 135, 1
4, 624, 1, 1.65, 17, 50, 45, 0
4, 625, 1, 1.65, 13, 300, 90, 0
4, 626, 1, 1.7, 21, 300, 0, 0
4, 627, 1, 1.7, 26, 250, 45, 0
4, 628, 1, 1.6, 3, 150, 0, 1
4, 629, 0, 1.6, 34, NaN, NaN, 1
4, 630, 0, 1.7, 210, NaN, NaN, 1
4, 631, 1, 1.65, 16, 250, 315, 1
4, 632, 1, 1.7, 21, 100, 135, 0
4, 633, 1, 1.7, 25, 300, 90, 0
4, 634, 1, 1.6, 7, 350, 315, 1
4, 635, 1, 1.6, 8, 150, 225, 1
4, 636, 1, 1.65, 13, 300, 180, 0
4, 637, 1, 1.7, 24, 350, 0, 1
4, 638, 1, 1.7, 25, 200, 315, 1
4, 639, 1, 1.6, 3, 50, 315, 0
4, 640, 1, 1.6, 7, 300, 90, 1
4, 641, 1, 1.6, 2, 150, 180, 1
4, 642, 1, 1.6, 7, 100, 225, 1
4, 643, 1, 1.65, 11, 50, 0, 0
4, 644, 1, 1.7, 25, 300, 270, 1
4, 645, 1, 1.7, 27, 150, 0, 0
4, 646, 1, 1.7, 26, 50, 270, 0
4, 647, 1, 1.7, 24, 250, 270, 1
4, 648, 1, 1.65, 14, 200, 270, 0
4, 649, 1, 1.65, 15, 100, 135, 0
4, 650, 1, 1.7, 21, 200, 225, -1
4, 651, 1, 1.65, 14, 200, 180, 1
4, 652, 1, 1.65, 18, 150, 180, 0
4, 653, 1, 1.65, 12, 400, 180, 1
4, 654, 1, 1.6, 8, 350, 45, 1
4, 655, 0, 1.6, 38, NaN, NaN, 1
4, 656, 1, 1.6, 2, 250, 225, 1
4, 657, 1, 1.7, 24, 300, 0, 0
4, 658, 1, 1.6, 7, 150, 0, 1
4, 659, 1, 1.7, 19, 50, 90, 0
4, 660, 1, 1.65, 15, 400, 90, 1
4, 661, 0, 1.65, 138, NaN, NaN, 1
4, 662, 1, 1.7, 26, 400, 0, 0
4, 663, 1, 1.65, 16, 50, 315, 0
4, 664, 1, 1.65, 16, 150, 135, 0
4, 665, 1, 1.7, 25, 100, 225, 0
4, 666, 0, 1.65, 146, NaN, NaN, 1
4, 667, 1, 1.65, 16, 400, 90, 1
4, 668, 1, 1.65, 15, 250, 135, 1
4, 669, 1, 1.7, 19, 100, 180, 0
4, 670, 0, 1.7, 264, NaN, NaN, 1
4, 671, 1, 1.65, 15, 400, 315, 1
4, 672, 1, 1.6, 6, 350, 180, 1
4, 673, 1, 1.7, 24, 100, 270, 0
4, 674, 1, 1.65, 11, 300, 180, 0
4, 675, 0, 1.7, 245, NaN, NaN, 1
4, 676, 1, 1.6, 2, 150, 90, 0
4, 677, 1, 1.7, 21, 400, 315, 1
4, 678, 1, 1.7, 19, 350, 225, 0
4, 679, 1, 1.7, 24, 150, 90, 0
4, 680, 1, 1.6, 3, 100, 135, 0
4, 681, 1, 1.6, 2, 400, 90, 1
4, 682, 1, 1.6, 2, 200, 180, 1
4, 683, 1, 1.7, 23, 50, 0, 0
4, 684, 0, 1.7, 265, NaN, NaN, 1
4, 685, 1, 1.65, 14, 350, 45, 1
4, 686, 1, 1.65, 16, 100, 180, 0
4, 687, 1, 1.7, 20, 400, 135, 1
4, 688, 1, 1.7, 21, 200, 0, 1
4, 689, 0, 1.65, 128, NaN, NaN, 1
4, 690, 1, 1.7, 20, 150, 315, 1
4, 691, 1, 1.6, 7, 250, 45, 1
4, 692, 1, 1.7, 24, 400, 225, 1
4, 693, 1, 1.6, 5, 200, 270, 1
4, 694, 1, 1.6, 3, 150, 45, 0
4, 695, 1, 1.6, 2, 350, 0, 1
4, 696, 1, 1.7, 22, 150, 135, 0
4, 697, 1, 1.65, 15, 250, 0, 1
4, 698, 1, 1.7, 26, 100, 270, 0
4, 699, 1, 1.65, 17, 150, 270, 0
4, 700, 1, 1.6, 8, 100, 90, 1
4, 701, 1, 1.65, 12, 200, 135, 1
4, 702, 1, 1.6, 1, 250, 315, 1
4, 703, 1, 1.65, 10, 100, 225, 0
4, 704, 1, 1.6, 2, 200, 135, 1
4, 705, 1, 1.6, 4, 300, 0, 1
4, 706, 1, 1.6, 3, 200, 45, 1
4, 707, 1, 1.6, 8, 300, 90, 1
4, 708, 1, 1.65, 13, 200, 315, 1
4, 709, 1, 1.6, 2, 50, 270, 0
4, 710, 1, 1.65, 15, 350, 45, 1
4, 711, 1, 1.65, 12, 250, 90, 1
4, 712, 1, 1.65, 10, 250, 315, 1
4, 713, 1, 1.65, 13, 400, 0, -1
4, 714, 0, 1.65, 191, NaN, NaN, 1
4, 715, 1, 1.65, 13, 50, 270, 0
4, 716, 1, 1.7, 24, 50, 180, 0
4, 717, 1, 1.6, 7, 400, 90, 1
4, 718, 1, 1.6, 6, 150, 0, 1
4, 719, 1, 1.7, 24, 50, 135, 0
4, 720, 1, 1.65, 18, 50, 90, 0
4, 721, 0, 1.7, 223, NaN, NaN, 1
4, 722, 1, 1.65, 12, 200, 315, 1
4, 723, 1, 1.7, 26, 100, 45, 0
4, 724, 0, 1.65, 170, NaN, NaN, 1
4, 725, 1, 1.6, 8, 200, 315, 1
4, 726, 1, 1.6, 9, 200, 180, 0
4, 727, 1, 1.6, 3, 400, 90, 1
4, 728, 1, 1.7, 19, 50, 315, 0
4, 729, 1, 1.7, 25, 100, 135, 0
4, 730, 1, 1.7, 21, 50, 90, 0
4, 731, 1, 1.7, 23, 150, 135, 0
4, 732, 1, 1.6, 6, 150, 180, 1
4, 733, 1, 1.65, 15, 350, 135, 1
4, 734, 1, 1.65, 13, 300, 270, 1
4, 735, 1, 1.6, 6, 250, 315, 1
4, 736, 1, 1.6, 8, 350, 270, 1
4, 737, 1, 1.65, 15, 50, 0, 1
4, 738, 1, 1.65, 13, 350, 180, -1
4, 739, 1, 1.6, 6, 200, 315, 1
4, 740, 1, 1.65, 13, 350, 315, 1
4, 741, 1, 1.6, 4, 150, 225, 1
4, 742, 1, 1.7, 20, 150, 180, 0
4, 743, 1, 1.7, 27, 300, 135, 0
4, 744, 1, 1.6, 6, 400, 90, 1
4, 745, 1, 1.7, 22, 350, 45, 1
4, 746, 0, 1.6, 46, NaN, NaN, 1
4, 747, 1, 1.6, 2, 350, 90, 1
4, 748, 1, 1.6, 3, 350, 315, 1
4, 749, 1, 1.65, 15, 400, 0, 1
4, 750, 1, 1.65, 10, 400, 135, 1
4, 751, 1, 1.7, 20, 350, 90, 0
4, 752, 1, 1.6, 6, 350, 270, 1
4, 753, 1, 1.6, 4, 50, 315, 1
4, 754, 0, 1.7, 214, NaN, NaN, 1
4, 755, 1, 1.65, 16, 300, 315, 1
4, 756, 1, 1.65, 16, 250, 45, 1
4, 757, 1, 1.6, 9, 200, 225, 1
4, 758, 1, 1.7, 22, 200, 225, 0
4, 759, 1, 1.65, 15, 400, 180, 1
4, 760, 1, 1.6, 5, 150, 315, 1
4, 761, 0, 1.7, 239, NaN, NaN, 1
4, 762, 1, 1.7, 21, 200, 180, 0
4, 763, 1, 1.7, 27, 100, 45, 0
4, 764, 1, 1.65, 17, 100, 0, 0
4, 765, 1, 1.65, 13, 100, 270, 1
4, 766, 1, 1.6, 2, 250, 315, 0
4, 767, 1, 1.65, 14, 300, 180, 1
4, 768, 1, 1.65, 11, 100, 90, 0
4, 769, 1, 1.7, 24, 300, 225, 0
4, 770, 1, 1.65, 18, 200, 90, 0
4, 771, 1, 1.7, 27, 250, 135, 0
4, 772, 1, 1.65, 15, 300, 225, 1
4, 773, 1, 1.65, 17, 200, 225, 1
4, 774, 0, 1.65, 132, NaN, NaN, 1
4, 775, 1, 1.6, 1, 50, 90, 0
4, 776, 1, 1.6, 3, 250, 315, 1
4, 777, 0, 1.65, 153, NaN, NaN, 1
4, 778, 1, 1.7, 19, 200, 225, 0
4, 779, 1, 1.7, 20, 250, 270, 0
4, 780, 1, 1.65, 17, 200, 135, 0
4, 781, 1, 1.65, 14, 300, 315, 1
4, 782, 1, 1.6, 6, 300, 315, 1
4, 783, 1, 1.7, 27, 400, 0, 0
4, 784, 0, 1.7, 279, NaN, NaN, 1
4, 785, 0, 1.7, 259, NaN, NaN, 1
4, 786, 1, 1.7, 26, 200, 90, 0
4, 787, 1, 1.6, 1, 400, 135, 1
4, 788, 1, 1.65, 18, 150, 0, 0
4, 789, 0, 1.65, 197, NaN, NaN, 1
4, 790, 1, 1.65, 18, 200, 180, 1
4, 791, 1, 1.7, 23, 50, 270, 0
4, 792, 1, 1.7, 19, 100, 270, 0
4, 793, 1, 1.7, 23, 350, 45, 1
4, 794, 1, 1.7, 24, 250, 180, 0
4, 795, 1, 1.65, 15, 150, 0, 1
4, 796, 1, 1.65, 18, 200, 270, 0
4, 797, 1, 1.65, 10, 350, 90, 1
4, 798, 0, 1.7, 207, NaN, NaN, 1
4, 799, 1, 1.6, 2, 250, 135, 1
4, 800, 1, 1.7, 22, 400, 225, 1
4, 801, 0, 1.65, 166, NaN, NaN, 1
4, 802, 1, 1.6, 4, 50, 45, 0
4, 803, 1, 1.7, 21, 100, 90, 0
4, 804, 1, 1.6, 7, 100, 90, 0
4, 805, 1, 1.65, 11, 250, 0, 0
4, 806, 1, 1.6, 5, 150, 180, 1
4, 807, 1, 1.6, 4, 50, 90, 0
4, 808, 1, 1.65, 17, 250, 90, 0
4, 809, 1, 1.6, 7, 400, 225, 1
4, 810, 1, 1.7, 26, 50, 225, 0
4, 811, 1, 1.7, 25, 400, 90, 1
4, 812, 1, 1.65, 15, 250, 225, 1
4, 813, 0, 1.7, 237, NaN, NaN, 1
4, 814, 1, 1.65, 14, 150, 45, 1
4, 815, 1, 1.6, 2, 400, 135, 1
4, 816, 1, 1.7, 22, 100, 225, 0
4, 817, 1, 1.7, 27, 400, 90, 1
4, 818, 1, 1.7, 23, 250, 225, 1
4, 819, 1, 1.6, 3, 150, 180, 0
4, 820, 1, 1.6, 6, 400, 45, 1
4, 821, 1, 1.65, 12, 150, 135, 1
4, 822, 1, 1.65, 10, 250, 180, 1
4, 823, 1, 1.6, 6, 50, 135, 0
4, 824, 1, 1.7, 25, 250, 0, 0
4, 825, 1, 1.7, 24, 50, 225, 0
4, 826, 1, 1.6, 8, 300, 315, 1
4, 827, 1, 1.6, 5, 300, 45, 1
4, 828, 1, 1.6, 1, 150, 135, 0
4, 829, 1, 1.65, 15, 350, 315, 0
4, 830, 1, 1.65, 11, 250, 315, 0
4, 831, 1, 1.6, 9, 300, 315, 1
4, 832, 1, 1.65, 14, 300, 135, 1
4, 833, 1, 1.65, 16, 300, 90, 0
4, 834, 0, 1.6, 47, NaN, NaN, 1
4, 835, 1, 1.7, 20, 50, 315, 0
4, 836, 1, 1.7, 21, 250, 180, 0
4, 837, 1, 1.65, 10, 200, 0, 0
4, 838, 1, 1.6, 5, 50, 90, 0
4, 839, 1, 1.6, 1, 350, 0, 1
4, 840, 1, 1.7, 27, 100, 180, 0
4, 841, 0, 1.6, 101, NaN, NaN, 1
4, 842, 1, 1.7, 19, 250, 0, 0
4, 843, 1, 1.65, 15, 150, 180, 0
4, 844, 0, 1.7, 251, NaN, NaN, 1
4, 845, 1, 1.7, 26, 400, 270, 0
4, 846, 0, 1.6, 50, NaN, NaN, 1
4, 847, 1, 1.6, 6, 150, 135, 1
4, 848, 1, 1.6, 4, 150, 135, 1
4, 849, 1, 1.6, 1, 350, 180, 1
4, 850, 0, 1.7, 278, NaN, NaN, 1
4, 851, 1, 1.65, 18, 50, 0, 0
4, 852, 1, 1.65, 12, 400, 45, 1
4, 853, 1, 1.6, 2, 400, 225, 1
4, 854, 1, 1.7, 19, 400, 45, 0
4, 855, 1, 1.6, 7, 300, 135, 1
4, 856, 1, 1.7, 26, 50, 90, 0
4, 857, 1, 1.7, 25, 300, 0, 1
4, 858, 1, 1.65, 14, 200, 315, 0
4, 859, 1, 1.7, 24, 400, 180, 1
4, 860, 1, 1.65, 17, 50, 135, 0
4, 861, 1, 1.7, 27, 150, 225, 0
4, 862, 0, 1.6, 66, NaN, NaN, -1
4, 863, 1, 1.7, 24, 50, 90, 0
4, 864, 1, 1.6, 3, 250, 0, 1
4, 865, 1, 1.7, 24, 100, 315, 1
4, 866, 1, 1.65, 10, 100, 180, 0
4, 867, 1, 1.7, 23, 200, 270, 0
4, 868, 1, 1.65, 14, 150, 270, 0
4, 869, 1, 1.6, 6, 100, 45, 0
4, 870, 1, 1.7, 23, 150, 315, 0
4, 871, 1, 1.6, 8, 50, 180, 0
4, 872, 1, 1.65, 13, 150, 135, 0
4, 873, 1, 1.6, 5, 350, 0, 1
4, 874, 1, 1.6, 6, 300, 180, 1
4, 875, 1, 1.6, 1, 200, 90, 1
4, 876, 1, 1.7, 25, 350, 0, 1
4, 877, 1, 1.7, 21, 50, 180, 0
4, 878, 1, 1.65, 17, 350, 270, 0
4, 879, 1, 1.7, 27, 100, 0, 0
4, 880, 1, 1.6, 4, 400, 180, 1
4, 881, 1, 1.6, 5, 250, 0, 1
4, 882, 1, 1.7, 27, 50, 315, 0
4, 883, 0, 1.65, 192, NaN, NaN, 1
4, 884, 1, 1.7, 22, 400, 135, 1
4, 885, 1, 1.65, 12, 350, 90, 1
4, 886, 1, 1.6, 3, 250, 45, 1
4, 887, 1, 1.6, 8, 350, 0, 1
4, 888, 1, 1.65, 15, 350, 0, 1
4, 889, 1, 1.7, 23, 350, 270, 0
4, 890, 1, 1.7, 19, 250, 270, 0
4, 891, 1, 1.6, 6, 350, 90, 1
4, 892, 1, 1.65, 10, 50, 135, 0
4, 893, 1, 1.6, 2, 300, 0, 1
4, 894, 1, 1.7, 25, 100, 0, 0
4, 895, 1, 1.7, 25, 50, 315, 0
4, 896, 1, 1.6, 4, 200, 270, 1
4, 897, 1, 1.7, 25, 350, 270, 1
4, 898, 1, 1.7, 21, 100, 270, 0
4, 899, 1, 1.6, 2, 250, 270, 1
4, 900, 1, 1.7, 21, 400, 0, 1
4, 901, 1, 1.65, 14, 150, 225, 0
4, 902, 1, 1.65, 18, 350, 315, 1
4, 903, 1, 1.7, 20, 200, 180, 0
4, 904, 1, 1.6, 5, 250, 90, 1
4, 905, 1, 1.6, 1, 150, 180, 1
4, 906, 1, 1.7, 19, 200, 315, 0
4, 907, 0, 1.65, 178, NaN, NaN, 1
4, 908, 0, 1.6, 81, NaN, NaN, 1
4, 909, 1, 1.6, 4, 300, 180, 1
4, 910, 1, 1.7, 20, 350, 315, 0
4, 911, 1, 1.65, 12, 150, 0, 0
4, 912, 1, 1.65, 17, 100, 180, 0
4, 913, 1, 1.7, 22, 200, 0, 0
4, 914, 0, 1.7, 248, NaN, NaN, 1
4, 915, 1, 1.7, 24, 150, 180, 0
4, 916, 1, 1.7, 21, 150, 90, 0
4, 917, 1, 1.6, 3, 50, 225, 0
4, 918, 1, 1.6, 7, 100, 45, 1
4, 919, 1, 1.6, 3, 350, 225, 1
4, 920, 1, 1.7, 27, 200, 90, 0
4, 921, 1, 1.7, 20, 100, 0, 0
4, 922, 0, 1.7, 213, NaN, NaN, 1
4, 923, 1, 1.6, 9, 100, 315, 1
4, 924, 1, 1.7, 24, 350, 225, 0
4, 925, 1, 1.65, 11, 100, 315, 0
4, 926, 1, 1.6, 6, 200, 0, 1
4, 927, 1, 1.65, 11, 350, 45, 1
4, 928, 0, 1.7, 284, NaN, NaN, 1
4, 929, 1, 1.6, 5, 400, 90, 1
4, 930, 1, 1.65, 11, 50, 45, 0
4, 931, 0, 1.65, 158, NaN, NaN, 1
4, 932, 1, 1.7, 21, 100, 45, 0
4, 933, 1, 1.6, 7, 150, 315, 1
4, 934, 1, 1.7, 26, 300, 45, 0
4, 935, 1, 1.6, 3, 350, 270, 1
4, 936, 1, 1.7, 21, 350, 135, 1
4, 937, 0, 1.6, 89, NaN, NaN, 1
4, 938, 1, 1.65, 12, 250, 225, 0
4, 939, 1, 1.7, 22, 300, 0, 0
4, 940, 0, 1.6, 70, NaN, NaN, 1
4, 941, 1, 1.65, 11, 50, 225, 0
4, 942, 1, 1.65, 14, 350, 270, 1
4, 943, 1, 1.65, 12, 50, 180, 0
4, 944, 1, 1.6, 7, 200, 270, 1
4, 945, 1, 1.6, 3, 150, 90, 0
4, 946, 1, 1.6, 8, 200, 270, 0
4, 947, 1, 1.65, 17, 300, 135, 1
4, 948, 1, 1.65, 16, 350, 270, 0
4, 949, 1, 1.6, 9, 300, 135, 1
4, 950, 1, 1.7, 24, 300, 135, 1
4, 951, 1, 1.6, 1, 400, 225, 1
4, 952, 1, 1.65, 18, 150, 45, -1
4, 953, 1, 1.6, 7, 400, 0, 1
4, 954, 1, 1.6, 8, 150, 45, 1
4, 955, 1, 1.7, 19, 150, 270, 0
4, 956, 1, 1.7, 24, 400, 135, 1
4, 957, 1, 1.6, 7, 400, 270, 1
4, 958, 1, 1.7, 24, 50, 270, 0
4, 959, 1, 1.6, 7, 250, 180, 1
4, 960, 1, 1.7, 23, 100, 180, 0
4, 961, 1, 1.65, 10, 350, 180, 0
4, 962, 1, 1.65, 14, 400, 315, 0
4, 963, 1, 1.7, 27, 350, 180, 0
4, 964, 1, 1.6, 7, 200, 45, 1
4, 965, 1, 1.7, 27, 350, 90, 0
4, 966, 1, 1.6, 4, 50, 0, 1
4, 967, 0, 1.6, 110, NaN, NaN, 1
4, 968, 1, 1.65, 12, 400, 225, 0
4, 969, 1, 1.7, 25, 50, 270, 0
4, 970, 1, 1.6, 8, 400, 270, 1
4, 971, 1, 1.6, 7, 300, 225, 1
4, 972, 1, 1.7, 27, 100, 225, 0
4, 973, 1, 1.6, 9, 100, 270, 0
4, 974, 1, 1.6, 3, 100, 0, 1
4, 975, 1, 1.65, 13, 100, 225, 0
4, 976, 1, 1.6, 6, 50, 270, 0
4, 977, 1, 1.65, 14, 200, 0, 0
4, 978, 1, 1.7, 20, 250, 45, 1
4, 979, 1, 1.65, 13, 300, 45, 1
4, 980, 1, 1.7, 21, 300, 225, 0
4, 981, 1, 1.6, 2, 200, 45, 1
4, 982, 1, 1.65, 17, 350, 135, 1
4, 983, 0, 1.6, 97, NaN, NaN, 1
4, 984, 1, 1.65, 14, 100, 270, 0
4, 985, 1, 1.65, 12, 100, 315, 0
4, 986, 1, 1.6, 6, 250, 270, 1
4, 987, 1, 1.65, 12, 300, 90, 1
4, 988, 1, 1.7, 20, 150, 45, 0
4, 989, 1, 1.65, 17, 400, 90, 1
4, 990, 1, 1.65, 15, 350, 270, 1
4, 991, 1, 1.6, 2, 100, 90, 0
4, 992, 1, 1.65, 16, 150, 45, 0
4, 993, 1, 1.65, 11, 100, 45, 0
4, 994, 1, 1.6, 1, 300, 0, 1
4, 995, 1, 1.7, 22, 200, 180, 0
4, 996, 0, 1.65, 119, NaN, NaN, 1
4, 997, 0, 1.65, 140, NaN, NaN, 1
4, 998, 1, 1.6, 5, 400, 270, 1
4, 999, 1, 1.65, 14, 50, 0, 0
4, 1000, 1, 1.6, 7, 50, 225, 0
4, 1001, 1, 1.6, 3, 350, 90, 1
4, 1002, 1, 1.7, 26, 150, 0, 0
4, 1003, 1, 1.65, 14, 150, 0, 1
4, 1004, 1, 1.6, 4, 300, 135, 1
4, 1005, 1, 1.65, 17, 300, 180, 1
4, 1006, 1, 1.65, 16, 150, 90, 1
4, 1007, 0, 1.7, 266, NaN, NaN, 1
4, 1008, 1, 1.7, 23, 50, 180, 0
4, 1009, 1, 1.7, 19, 400, 135, 1
4, 1010, 1, 1.7, 19, 300, 315, 0
4, 1011, 1, 1.7, 22, 150, 45, 0
4, 1012, 1, 1.6, 7, 250, 135, 1
4, 1013, 1, 1.7, 25, 200, 225, 1
4, 1014, 1, 1.7, 23, 200, 225, 1
4, 1015, 1, 1.7, 27, 50, 270, 1
4, 1016, 1, 1.6, 8, 200, 135, 1
4, 1017, 1, 1.7, 24, 200, 90, 0
4, 1018, 1, 1.7, 22, 300, 180, 1
4, 1019, 1, 1.65, 14, 100, 135, 0
4, 1020, 1, 1.6, 2, 350, 45, -1
4, 1021, 1, 1.7, 23, 250, 45, -1
4, 1022, 1, 1.6, 2, 100, 315, 1
4, 1023, 1, 1.65, 16, 200, 135, 0
4, 1024, 1, 1.7, 25, 100, 180, 0
4, 1025, 1, 1.7, 24, 200, 270, 0
4, 1026, 1, 1.6, 7, 300, 0, 1
4, 1027, 1, 1.6, 2, 400, 0, 1
4, 1028, 1, 1.6, 7, 300, 270, 1
4, 1029, 1, 1.65, 18, 400, 315, 1
4, 1030, 1, 1.65, 16, 250, 225, 1
4, 1031, 1, 1.6, 5, 100, 135, 1
4, 1032, 1, 1.7, 22, 100, 135, 0
4, 1033, 0, 1.6, 107, NaN, NaN, 1
4, 1034, 1, 1.6, 9, 250, 90, 1
4, 1035, 1, 1.6, 9, 150, 180, 1
4, 1036, 1, 1.65, 17, 100, 45, 0
4, 1037, 1, 1.6, 8, 300, 135, 1
4, 1038, 1, 1.6, 2, 100, 0, 1
4, 1039, 0, 1.6, 93, NaN, NaN, 1
4, 1040, 1, 1.65, 13, 350, 0, 1
4, 1041, 1, 1.7, 27, 200, 315, 0
4, 1042, 1, 1.65, 13, 150, 315, 0
4, 1043, 1, 1.6, 4, 150, 90, 1
4, 1044, 1, 1.65, 16, 200, 225, 1
4, 1045, 1, 1.6, 2, 150, 225, 1
4, 1046, 1, 1.6, 3, 50, 45, 0
4, 1047, 1, 1.6, 8, 50, 135, 0
4, 1048, 1, 1.7, 24, 300, 270, 1
4, 1049, 1, 1.7, 21, 50, 45, 0
4, 1050, 1, 1.7, 21, 100, 225, 0
4, 1051, 0, 1.6, 92, NaN, NaN, 1
4, 1052, 1, 1.7, 25, 200, 180, 0
4, 1053, 1, 1.7, 25, 200, 135, 0
4, 1054, 1, 1.65, 11, 50, 90, 0
4, 1055, 0, 1.65, 177, NaN, NaN, 1
4, 1056, 1, 1.6, 7, 250, 315, 1
4, 1057, 1, 1.7, 26, 300, 180, 0
4, 1058, 1, 1.6, 2, 250, 45, 1
4, 1059, 1, 1.7, 25, 50, 180, 0
4, 1060, 1, 1.65, 11, 400, 180, 1
4, 1061, 1, 1.65, 10, 100, 0, 0
4, 1062, 1, 1.65, 11, 300, 225, 1
4, 1063, 1, 1.7, 20, 100, 270, 0
4, 1064, 1, 1.7, 19, 350, 270, 1
4, 1065, 1, 1.7, 26, 200, 135, 0
4, 1066, 1, 1.7, 20, 300, 45, 1
4, 1067, 1, 1.6, 1, 250, 270, 1
4, 1068, 1, 1.65, 16, 150, 225, 0
4, 1069, 1, 1.7, 19, 150, 0, 0
4, 1070, 1, 1.65, 12, 200, 180, 1
4, 1071, 1, 1.65, 11, 250, 135, 1
4, 1072, 1, 1.7, 23, 250, 135, 1
4, 1073, 1, 1.7, 25, 350, 180, 1
4, 1074, 1, 1.6, 4, 50, 135, 0
4, 1075, 1, 1.6, 9, 150, 315, 1
4, 1076, 1, 1.7, 26, 400, 135, 1
4, 1077, 1, 1.6, 6, 250, 180, 1
4, 1078, 0, 1.7, 257, NaN, NaN, 1
4, 1079, 1, 1.7, 25, 150, 90, 1
4, 1080, 1, 1.65, 16, 50, 135, 0
4, 1081, 1, 1.6, 8, 350, 90, 1
4, 1082, 1, 1.7, 23, 300, 0, 0
4, 1083, 1, 1.6, 5, 300, 135, 1
4, 1084, 1, 1.65, 18, 150, 315, -1
4, 1085, 1, 1.65, 13, 50, 315, 0
4, 1086, 1, 1.7, 23, 200, 90, 1
4, 1087, 1, 1.7, 20, 300, 270, 1
4, 1088, 1, 1.7, 21, 250, 0, 0
4, 1089, 1, 1.7, 19, 200, 135, 0
4, 1090, 1, 1.65, 17, 150, 180, 0
4, 1091, 1, 1.7, 24, 400, 270, 1
4, 1092, 1, 1.65, 15, 200, 45, 1
4, 1093, 1, 1.7, 27, 200, 270, 0
4, 1094, 0, 1.65, 182, NaN, NaN, 1
4, 1095, 1, 1.65, 16, 250, 135, 1
4, 1096, 0, 1.7, 233, NaN, NaN, 1
4, 1097, 1, 1.6, 4, 100, 90, 1
4, 1098, 1, 1.6, 1, 50, 45, 0
4, 1099, 1, 1.7, 22, 400, 315, 1
4, 1100, 1, 1.6, 7, 350, 225, 1
4, 1101, 1, 1.7, 27, 250, 0, 0
4, 1102, 1, 1.6, 9, 200, 0, 1
4, 1103, 1, 1.6, 1, 250, 0, 1
4, 1104, 1, 1.7, 19, 300, 45, 1
4, 1105, 1, 1.7, 26, 300, 90, 1
4, 1106, 1, 1.6, 7, 150, 270, 1
4, 1107, 0, 1.6, 76, NaN, NaN, -1
4, 1108, 1, 1.7, 26, 150, 180, 0
4, 1109, 1, 1.65, 12, 100, 0, 0
4, 1110, 1, 1.65, 14, 50, 270, 0
4, 1111, 0, 1.6, 65, NaN, NaN, 1
4, 1112, 1, 1.6, 3, 150, 270, 1
4, 1113, 1, 1.6, 9, 100, 0, 0
4, 1114, 1, 1.6, 3, 100, 225, 1
4, 1115, 1, 1.6, 9, 300, 0, 1
4, 1116, 1, 1.7, 26, 100, 315, 0
4, 1117, 1, 1.6, 9, 50, 135, 0
4, 1118, 0, 1.7, 212, NaN, NaN, 1
4, 1119, 1, 1.7, 22, 150, 0, -1
4, 1120, 0, 1.6, 104, NaN, NaN, 1
4, 1121, 1, 1.65, 18, 400, 45, 1
4, 1122, 1, 1.7, 20, 400, 180, 1
4, 1123, 1, 1.6, 3, 350, 45, 1
4, 1124, 1, 1.7, 22, 250, 45, 0
4, 1125, 1, 1.65, 12, 250, 315, 1
4, 1126, 1, 1.6, 2, 300, 315, 1
4, 1127, 1, 1.7, 23, 350, 0, 0
4, 1128, 1, 1.7, 24, 300, 180, 0
4, 1129, 1, 1.6, 7, 50, 90, 0
4, 1130, 1, 1.6, 6, 400, 180, 1
4, 1131, 1, 1.6, 9, 100, 45, 0
4, 1132, 1, 1.65, 14, 100, 315, 0
4, 1133, 0, 1.65, 188, NaN, NaN, 1
4, 1134, 1, 1.6, 1, 50, 135, 0
4, 1135, 1, 1.65, 17, 100, 135, 0
4, 1136, 1, 1.65, 15, 200, 0, 1
4, 1137, 0, 1.65, 168, NaN, NaN, 1
4, 1138, 1, 1.7, 21, 350, 270, 1
4, 1139, 1, 1.65, 10, 150, 90, 0
4, 1140, 1, 1.7, 19, 350, 45, 1
4, 1141, 0, 1.6, 95, NaN, NaN, 1
4, 1142, 1, 1.65, 18, 100, 90, 0
4, 1143, 1, 1.65, 15, 50, 270, 0
4, 1144, 1, 1.6, 4, 200, 135, 1
4, 1145, 1, 1.7, 22, 50, 0, 0
4, 1146, 1, 1.7, 27, 300, 270, 0
4, 1147, 1, 1.6, 2, 300, 225, 1
4, 1148, 1, 1.7, 20, 50, 180, 0
4, 1149, 1, 1.65, 12, 250, 180, 0
4, 1150, 1, 1.6, 9, 100, 180, 0
4, 1151, 1, 1.7, 24, 150, 270, 0
4, 1152, 0, 1.65, 156, NaN, NaN, 1
4, 1153, 1, 1.6, 5, 400, 0, 1
4, 1154, 0, 1.65, 155, NaN, NaN, 1
4, 1155, 0, 1.65, 189, NaN, NaN, 1
4, 1156, 1, 1.6, 4, 350, 45, 1
4, 1157, 1, 1.65, 17, 100, 315, 0
4, 1158, 1, 1.6, 6, 350, 45, 1
4, 1159, 1, 1.7, 25, 400, 225, 1
4, 1160, 1, 1.65, 10, 100, 270, 0
4, 1161, 1, 1.65, 15, 50, 225, 0
4, 1162, 1, 1.7, 20, 50, 270, 0
4, 1163, 1, 1.65, 11, 350, 90, 1
4, 1164, 1, 1.6, 5, 50, 270, 0
4, 1165, 1, 1.7, 21, 50, 0, 0
4, 1166, 1, 1.6, 7, 200, 180, 1
4, 1167, 1, 1.6, 2, 350, 135, 1
4, 1168, 1, 1.6, 3, 350, 0, 1
4, 1169, 0, 1.65, 157, NaN, NaN, 1
4, 1170, 1, 1.7, 21, 350, 225, 1
4, 1171, 1, 1.65, 15, 150, 270, 0
4, 1172, 1, 1.65, 14, 350, 225, 1
4, 1173, 0, 1.65, 152, NaN, NaN, 1
4, 1174, 1, 1.6, 3, 300, 45, 1
4, 1175, 1, 1.6, 2, 200, 90, 1
4, 1176, 1, 1.7, 25, 350, 135, 1
4, 1177, 1, 1.65, 14, 250, 225, 1
4, 1178, 1, 1.65, 10, 150, 315, 0
4, 1179, 1, 1.7, 23, 250, 315, -1
4, 1180, 1, 1.7, 25, 350, 45, 1
4, 1181, 1, 1.6, 4, 400, 270, 1
4, 1182, 1, 1.65, 16, 50, 45, 0
4, 1183, 1, 1.7, 20, 400, 90, 1
4, 1184, 1, 1.6, 1, 350, 45, 1
4, 1185, 1, 1.65, 11, 200, 270, 1
4, 1186, 1, 1.6, 5, 100, 270, 0
4, 1187, 1, 1.6, 3, 400, 45, 1
4, 1188, 1, 1.6, 2, 150, 135, 1
4, 1189, 0, 1.6, 68, NaN, NaN, 1
4, 1190, 1, 1.7, 21, 400, 180, 1
4, 1191, 1, 1.6, 4, 150, 0, 1
4, 1192, 0, 1.65, 120, NaN, NaN, 1
4, 1193, 1, 1.6, 7, 200, 90, 1
4, 1194, 1, 1.7, 21, 200, 90, 0
4, 1195, 1, 1.65, 16, 150, 315, 0
4, 1196, 1, 1.65, 13, 250, 135, 1
4, 1197, 0, 1.7, 221, NaN, NaN, 1
4, 1198, 0, 1.6, 100, NaN, NaN, 1
4, 1199, 0, 1.65, 164, NaN, NaN, 1
4, 1200, 1, 1.65, 13, 100, 180, 0
4, 1201, 1, 1.7, 27, 150, 90, 0
4, 1202, 1, 1.7, 25, 100, 315, 0
4, 1203, 1, 1.7, 22, 300, 90, 0
4, 1204, 0, 1.65, 124, NaN, NaN, 1
4, 1205, 1, 1.7, 19, 400, 270, 0
4, 1206, 1, 1.65, 13, 400, 135, 1
4, 1207, 1, 1.7, 27, 400, 315, 0
4, 1208, 1, 1.6, 5, 250, 315, 1
4, 1209, 0, 1.65, 121, NaN, NaN, 1
4, 1210, 1, 1.6, 9, 250, 180, 1
4, 1211, 1, 1.7, 24, 400, 45, 1
4, 1212, 1, 1.7, 21, 300, 45, 1
4, 1213, 1, 1.6, 7, 100, 270, 0
4, 1214, 1, 1.65, 16, 300, 0, 1
4, 1215, 1, 1.65, 12, 50, 225, 0
4, 1216, 0, 1.65, 183, NaN, NaN, 1
4, 1217, 1, 1.65, 15, 250, 180, 1
4, 1218, 1, 1.7, 22, 200, 315, 0
4, 1219, 1, 1.6, 2, 200, 225, 1
4, 1220, 1, 1.6, 1, 150, 270, -1
4, 1221, 1, 1.65, 18, 200, 45, 1
4, 1222, 1, 1.6, 3, 400, 180, 1
4, 1223, 0, 1.6, 69, NaN, NaN, 1
4, 1224, 1, 1.65, 12, 300, 315, 1
4, 1225, 1, 1.7, 23, 250, 90, 1
4, 1226, 1, 1.7, 25, 400, 135, 0
4, 1227, 1, 1.7, 22, 250, 225, 0
4, 1228, 1, 1.7, 24, 200, 180, 0
4, 1229, 1, 1.7, 24, 350, 270, 0
4, 1230, 1, 1.6, 3, 100, 315, 1
4, 1231, 1, 1.65, 17, 50, 270, 0
4, 1232, 1, 1.6, 5, 200, 225, 1
4, 1233, 1, 1.7, 25, 50, 90, 0
4, 1234, 1, 1.6, 4, 150, 180, 0
4, 1235, 1, 1.65, 10, 300, 225, 1
4, 1236, 0, 1.6, 56, NaN, NaN, 1
4, 1237, 1, 1.65, 10, 200, 45, 0
4, 1238, 1, 1.7, 24, 50, 45, 0
4, 1239, 1, 1.7, 22, 250, 135, 0
4, 1240, 1, 1.6, 5, 350, 315, 1
4, 1241, 1, 1.65, 18, 100, 225, 0
4, 1242, 1, 1.65, 15, 300, 90, 1
4, 1243, 1, 1.7, 27, 300, 315, 0
4, 1244, 1, 1.6, 9, 200, 270, 1
4, 1245, 1, 1.65, 18, 50, 225, 0
4, 1246, 1, 1.6, 4, 100, 0, 1
4, 1247, 1, 1.7, 25, 250, 135, 1
4, 1248, 0, 1.7, 209, NaN, NaN, 1
4, 1249, 1, 1.65, 16, 400, 315, 1
4, 1250, 1, 1.65, 16, 50, 0, 0
4, 1251, 1, 1.6, 8, 100, 225, 1
4, 1252, 0, 1.6, 90, NaN, NaN, 1
4, 1253, 1, 1.6, 3, 250, 225, 1
4, 1254, 1, 1.7, 19, 250, 180, 0
4, 1255, 1, 1.65, 17, 200, 90, 1
4, 1256, 1, 1.7, 20, 350, 180, 1
4, 1257, 0, 1.7, 254, NaN, NaN, 1
4, 1258, 1, 1.6, 1, 200, 270, 1
4, 1259, 0, 1.7, 208, NaN, NaN, -1
4, 1260, 1, 1.6, 2, 250, 90, 1
4, 1261, 1, 1.6, 6, 50, 225, 0
4, 1262, 1, 1.65, 14, 250, 0, 1
4, 1263, 1, 1.6, 1, 200, 45, 1
4, 1264, 1, 1.65, 11, 350, 270, -1
4, 1265, 1, 1.6, 2, 300, 135, 1
4, 1266, 1, 1.65, 10, 250, 45, 1
4, 1267, 1, 1.6, 7, 300, 180, 1
4, 1268, 1, 1.65, 13, 400, 270, 1
4, 1269, 1, 1.6, 2, 400, 270, 1
4, 1270, 1, 1.7, 22, 350, 0, 0
4, 1271, 1, 1.6, 4, 200, 90, 1
4, 1272, 1, 1.65, 16, 250, 180, 0
4, 1273, 1, 1.7, 24, 100, 225, 0
4, 1274, 1, 1.6, 5, 350, 45, 1
4, 1275, 1, 1.65, 15, 200, 270, 1
4, 1276, 0, 1.6, 75, NaN, NaN, 1
4, 1277, 1, 1.7, 26, 250, 180, 0
4, 1278, 1, 1.6, 2, 400, 45, 1
4, 1279, 1, 1.65, 17, 250, 270, 0
4, 1280, 1, 1.6, 4, 50, 225, 0
4, 1281, 1, 1.7, 24, 300, 90, 1
4, 1282, 1, 1.7, 19, 100, 225, 0
4, 1283, 1, 1.65, 14, 200, 225, 1
4, 1284, 1, 1.6, 1, 100, 180, -1
4, 1285, 1, 1.65, 18, 300, 315, 0
4, 1286, 1, 1.6, 3, 200, 135, 1
4, 1287, 1, 1.65, 15, 200, 180, 1
4, 1288, 0, 1.6, 55, NaN, NaN, 1
4, 1289, 1, 1.7, 19, 50, 0, 0
4, 1290, 0, 1.7, 244, NaN, NaN, 1
4, 1291, 1, 1.7, 23, 400, 180, 1
4, 1292, 1, 1.6, 9, 50, 90, 0
4, 1293, 1, 1.65, 15, 150, 225, 0
4, 1294, 1, 1.7, 24, 100, 0, 0
4, 1295, 1, 1.7, 25, 350, 315, 1
4, 1296, 1, 1.7, 23, 350, 315, 1
4, 1297, 1, 1.65, 14, 250, 90, 1
4, 1298, 1, 1.7, 26, 200, 270, 0
4, 1299, 1, 1.7, 20, 300, 180, 1
4, 1300, 0, 1.6, 61, NaN, NaN, 1
4, 1301, 0, 1.7, 249, NaN, NaN, 1
4, 1302, 1, 1.7, 23, 300, 315, 1
4, 1303, 1, 1.6, 6, 200, 225, 1
4, 1304, 1, 1.6, 4, 350, 90, 1
4, 1305, 1, 1.65, 12, 150, 45, 0
4, 1306, 0, 1.6, 42, NaN, NaN, 1
4, 1307, 1, 1.6, 2, 350, 315, 1
4, 1308, 1, 1.65, 17, 200, 270, 0
4, 1309, 0, 1.65, 176, NaN, NaN, 1
4, 1310, 1, 1.7, 19, 50, 45, 0
4, 1311, 1, 1.65, 13, 200, 180, 1
4, 1312, 1, 1.6, 9, 200, 315, 1
4, 1313, 1, 1.6, 6, 100, 315, -1
4, 1314, 1, 1.7, 19, 150, 315, -1
4, 1315, 1, 1.7, 22, 250, 315, 1
4, 1316, 0, 1.6, 91, NaN, NaN, 1
4, 1317, 1, 1.6, 6, 350, 0, 1
4, 1318, 1, 1.65, 10, 400, 270, 1
4, 1319, 1, 1.65, 11, 250, 270, 0
4, 1320, 1, 1.6, 2, 100, 270, 0
4, 1321, 1, 1.7, 20, 350, 0, 0
4, 1322, 1, 1.6, 5, 150, 225, 0
4, 1323, 1, 1.65, 17, 150, 90, 1
4, 1324, 1, 1.6, 6, 300, 0, 0
4, 1325, 1, 1.6, 8, 150, 135, 0
4, 1326, 1, 1.6, 9, 250, 315, 1
4, 1327, 1, 1.7, 23, 50, 45, 0
4, 1328, 1, 1.65, 11, 50, 315, 0
4, 1329, 1, 1.7, 26, 400, 225, -1
4, 1330, 1, 1.65, 16, 200, 0, 0
4, 1331, 1, 1.65, 10, 100, 315, 0
4, 1332, 1, 1.65, 15, 200, 90, 1
4, 1333, 1, 1.6, 7, 150, 225, 1
4, 1334, 1, 1.7, 22, 200, 45, 0
4, 1335, 1, 1.65, 13, 50, 0, 0
4, 1336, 1, 1.65, 11, 250, 45, 0
4, 1337, 1, 1.65, 15, 400, 135, 1
4, 1338, 1, 1.65, 10, 200, 135, 0
4, 1339, 0, 1.65, 171, NaN, NaN, 1
4, 1340, 1, 1.7, 22, 350, 225, 1
4, 1341, 1, 1.7, 22, 200, 270, -1
4, 1342, 1, 1.65, 15, 100, 180, 0
4, 1343, 1, 1.7, 24, 100, 135, 0
4, 1344, 1, 1.6, 2, 200, 315, 1
4, 1345, 0, 1.65, 130, NaN, NaN, 1
4, 1346, 1, 1.65, 10, 250, 90, 1
4, 1347, 1, 1.7, 27, 50, 45, 0
4, 1348, 1, 1.7, 23, 300, 180, 1
4, 1349, 1, 1.6, 1, 100, 135, 1
4, 1350, 1, 1.65, 18, 150, 90, 1
4, 1351, 1, 1.65, 16, 100, 90, 0
4, 1352, 1, 1.65, 13, 100, 45, 0
4, 1353, 1, 1.65, 11, 150, 225, 0
4, 1354, 0, 1.65, 136, NaN, NaN, 1
4, 1355, 1, 1.7, 21, 50, 135, 0
4, 1356, 0, 1.7, 235, NaN, NaN, 1
4, 1357, 1, 1.65, 16, 200, 90, 1
4, 1358, 1, 1.65, 18, 250, 0, 1
4, 1359, 1, 1.65, 13, 100, 90, 0
4, 1360, 1, 1.6, 4, 350, 0, 1
4, 1361, 1, 1.65, 17, 100, 225, 1
4, 1362, 1, 1.7, 27, 250, 45, 1
4, 1363, 0, 1.7, 247, NaN, NaN, 1
4, 1364, 1, 1.6, 1, 350, 225, 1
4, 1365, 1, 1.6, 4, 300, 315, 1
4, 1366, 1, 1.7, 26, 400, 180, 1
4, 1367, 1, 1.6, 3, 200, 225, 1
4, 1368, 1, 1.65, 14, 100, 0, 1
4, 1369, 1, 1.7, 24, 250, 90, 0
4, 1370, 1, 1.7, 19, 150, 225, 0
4, 1371, 1, 1.7, 24, 100, 180, 0
4, 1372, 1, 1.65, 14, 250, 315, 1
4, 1373, 1, 1.6, 8, 400, 0, 1
4, 1374, 1, 1.65, 16, 350, 315, 1
4, 1375, 1, 1.6, 9, 400, 90, 1
4, 1376, 1, 1.7, 24, 250, 0, 0
4, 1377, 0, 1.6, 99, NaN, NaN, 1
4, 1378, 1, 1.65, 18, 250, 315, 1
4, 1379, 1, 1.7, 27, 250, 90, 0
4, 1380, 1, 1.65, 11, 350, 225, 1
4, 1381, 1, 1.7, 26, 100, 225, 0
4, 1382, 1, 1.6, 2, 50, 135, -1
4, 1383, 1, 1.7, 24, 150, 45, -1
4, 1384, 1, 1.7, 21, 50, 315, 0
4, 1385, 1, 1.65, 11, 250, 225, 1
4, 1386, 1, 1.6, 8, 100, 315, 1
4, 1387, 1, 1.65, 17, 400, 270, 1
4, 1388, 1, 1.65, 17, 50, 225, 0
4, 1389, 1, 1.7, 27, 50, 180, 0
4, 1390, 1, 1.7, 22, 100, 180, 0
4, 1391, 1, 1.65, 14, 250, 135, 1
4, 1392, 1, 1.7, 21, 250, 45, 0
4, 1393, 0, 1.7, 242, NaN, NaN, 1
4, 1394, 1, 1.7, 27, 350, 315, 0
4, 1395, 1, 1.7, 19, 400, 180, 1
4, 1396, 1, 1.7, 19, 150, 90, 0
4, 1397, 1, 1.65, 13, 100, 0, 0
4, 1398, 1, 1.7, 20, 100, 90, 0
4, 1399, 1, 1.65, 17, 300, 270, 0
4, 1400, 1, 1.6, 9, 400, 45, 1
4, 1401, 1, 1.6, 9, 400, 315, 1
4, 1402, 1, 1.7, 24, 150, 315, 0
4, 1403, 1, 1.6, 8, 400, 315, 1
4, 1404, 1, 1.6, 8, 250, 270, 1
4, 1405, 1, 1.7, 20, 200, 225, 1
4, 1406, 1, 1.6, 7, 350, 0, 1
4, 1407, 1, 1.6, 6, 150, 45, 1
4, 1408, 1, 1.6, 6, 100, 225, 0
4, 1409, 1, 1.7, 23, 350, 180, 1
4, 1410, 1, 1.6, 7, 350, 270, 1
4, 1411, 1, 1.7, 26, 100, 180, 0
4, 1412, 1, 1.7, 21, 350, 90, 1
4, 1413, 1, 1.7, 24, 300, 315, 0
4, 1414, 1, 1.65, 18, 400, 0, 0
4, 1415, 1, 1.6, 3, 150, 225, 1
4, 1416, 1, 1.6, 3, 300, 90, 1
4, 1417, 1, 1.65, 11, 200, 315, 1
4, 1418, 1, 1.7, 23, 150, 225, 0
4, 1419, 1, 1.6, 6, 400, 135, 1
4, 1420, 1, 1.7, 19, 250, 315, 0
4, 1421, 1, 1.6, 3, 200, 90, 1
4, 1422, 1, 1.65, 17, 50, 0, 0
4, 1423, 1, 1.65, 18, 100, 315, 0
4, 1424, 1, 1.7, 22, 300, 270, 0
4, 1425, 1, 1.6, 9, 250, 0, 0
4, 1426, 1, 1.65, 15, 300, 180, 1
4, 1427, 1, 1.7, 23, 50, 135, 0
4, 1428, 1, 1.7, 19, 200, 270, 0
4, 1429, 1, 1.65, 14, 400, 90, 1
4, 1430, 0, 1.65, 196, NaN, NaN, 1
4, 1431, 1, 1.65, 14, 350, 180, 1
4, 1432, 1, 1.65, 16, 350, 0, 1
4, 1433, 1, 1.6, 2, 50, 315, 1
4, 1434, 1, 1.6, 8, 100, 0, 1
4, 1435, 1, 1.7, 23, 200, 45, 0
4, 1436, 1, 1.7, 23, 400, 315, 1
4, 1437, 1, 1.7, 24, 150, 0, 0
4, 1438, 1, 1.7, 20, 200, 0, 1
4, 1439, 1, 1.65, 10, 200, 180, 0
4, 1440, 0, 1.7, 263, NaN, NaN, 1
4, 1441, 1, 1.7, 22, 150, 225, 0
4, 1442, 0, 1.65, 193, NaN, NaN, 1
4, 1443, 1, 1.65, 16, 100, 225, 1
4, 1444, 1, 1.6, 7, 200, 315, 1
4, 1445, 1, 1.7, 27, 350, 45, 0
4, 1446, 1, 1.65, 17, 350, 45, 1
4, 1447, 1, 1.65, 17, 300, 90, 1
4, 1448, 1, 1.6, 9, 50, 45, 0
4, 1449, 1, 1.7, 20, 250, 90, 0
4, 1450, 1, 1.65, 14, 50, 315, 0
4, 1451, 1, 1.7, 20, 200, 315, 0
4, 1452, 1, 1.65, 11, 200, 0, 0
4, 1453, 1, 1.6, 7, 50, 0, 0
4, 1454, 1, 1.6, 9, 50, 180, 0
4, 1455, 1, 1.6, 3, 200, 270, 0
4, 1456, 0, 1.65, 199, NaN, NaN, 1
4, 1457, 0, 1.6, 45, NaN, NaN, 1
4, 1458, 0, 1.65, 118, NaN, NaN, 1
4, 1459, 0, 1.65, 165, NaN, NaN, 1
4, 1460, 0, 1.7, 241, NaN, NaN, 1
4, 1461, 1, 1.7, 27, 150, 135, 0
4, 1462, 1, 1.65, 10, 350, 315, 1
4, 1463, 1, 1.65, 13, 400, 315, 1
4, 1464, 1, 1.7, 25, 50, 135, 0
4, 1465, 1, 1.6, 1, 200, 180, 1
4, 1466, 1, 1.7, 22, 50, 180, 0
4, 1467, 1, 1.65, 11, 400, 135, 1
4, 1468, 1, 1.65, 12, 50, 0, 0
4, 1469, 1, 1.6, 7, 200, 225, 1
4, 1470, 0, 1.65, 116, NaN, NaN, 1
4, 1471, 1, 1.7, 19, 350, 135, 0
4, 1472, 0, 1.7, 274, NaN, NaN, 1
4, 1473, 1, 1.65, 11, 100, 225, 0
4, 1474, 1, 1.6, 7, 50, 135, 0
4, 1475, 1, 1.65, 18, 300, 90, 0
4, 1476, 1, 1.65, 11, 350, 0, 1
4, 1477, 1, 1.7, 26, 150, 45, 0
4, 1478, 1, 1.7, 25, 350, 225, 0
4, 1479, 1, 1.6, 1, 150, 90, 1
4, 1480, 1, 1.6, 3, 100, 45, 1
4, 1481, 1, 1.65, 17, 50, 315, 0
4, 1482, 0, 1.6, 103, NaN, NaN, 1
4, 1483, 1, 1.6, 2, 300, 180, 1
4, 1484, 1, 1.7, 26, 400, 90, 1
4, 1485, 0, 1.65, 117, NaN, NaN, 1
4, 1486, 1, 1.7, 20, 50, 45, 0
4, 1487, 1, 1.6, 6, 300, 45, 1
4, 1488, 1, 1.6, 6, 250, 135, 1
4, 1489, 1, 1.7, 27, 50, 0, 0
4, 1490, 1, 1.7, 20, 100, 135, 0
4, 1491, 1, 1.6, 1, 250, 135, 1
4, 1492, 1, 1.6, 9, 350, 270, 1
4, 1493, 1, 1.65, 12, 200, 45, 1
4, 1494, 1, 1.65, 15, 300, 315, 1
4, 1495, 1, 1.6, 6, 350, 225, 1
4, 1496, 0, 1.6, 52, NaN, NaN, 1
4, 1497, 1, 1.6, 8, 400, 180, 1
4, 1498, 0, 1.6, 74, NaN, NaN, 1
4, 1499, 1, 1.6, 7, 200, 0, 1
4, 1500, 1, 1.6, 2, 350, 180, 1
4, 1501, 1, 1.65, 16, 200, 45, 0
4, 1502, 1, 1.6, 4, 400, 315, 1
4, 1503, 1, 1.65, 11, 400, 270, 1
4, 1504, 1, 1.65, 11, 200, 90, 0
4, 1505, 1, 1.6, 6, 100, 0, 1
4, 1506, 1, 1.6, 2, 50, 45, 0
4, 1507, 1, 1.6, 8, 300, 270, 1
4, 1508, 1, 1.65, 13, 400, 180, 1
4, 1509, 1, 1.65, 10, 50, 270, 0
4, 1510, 1, 1.6, 3, 300, 225, 1
4, 1511, 1, 1.6, 1, 400, 45, 1
4, 1512, 1, 1.6, 5, 50, 225, 0
4, 1513, 1, 1.6, 9, 400, 270, 1
4, 1514, 0, 1.6, 35, NaN, NaN, 1
4, 1515, 1, 1.65, 11, 50, 180, 0
4, 1516, 1, 1.6, 4, 200, 0, 1
4, 1517, 1, 1.7, 22, 50, 135, 0
4, 1518, 1, 1.7, 22, 350, 270, 0
4, 1519, 1, 1.7, 23, 100, 0, 0
4, 1520, 1, 1.7, 25, 200, 0, 0
4, 1521, 1, 1.7, 26, 50, 45, 0
4, 1522, 1, 1.6, 1, 150, 225, 1
4, 1523, 0, 1.65, 198, NaN, NaN, 1
4, 1524, 1, 1.6, 6, 350, 315, 1
4, 1525, 1, 1.7, 27, 400, 45, 1
4, 1526, 1, 1.7, 22, 100, 0, 0
4, 1527, 1, 1.7, 19, 150, 180, 0
4, 1528, 0, 1.65, 127, NaN, NaN, 1
4, 1529, 1, 1.65, 12, 300, 180, 1
4, 1530, 1, 1.6, 6, 400, 225, 1
4, 1531, 0, 1.6, 105, NaN, NaN, 1
4, 1532, 0, 1.65, 195, NaN, NaN, 1
4, 1533, 0, 1.6, 84, NaN, NaN, 1
4, 1534, 1, 1.6, 1, 300, 90, 1
4, 1535, 0, 1.65, 181, NaN, NaN, 1
4, 1536, 1, 1.65, 14, 100, 225, 0
4, 1537, 1, 1.6, 1, 300, 45, 1
4, 1538, 1, 1.7, 27, 350, 225, 1
4, 1539, 1, 1.65, 14, 100, 180, 0
4, 1540, 1, 1.65, 11, 350, 180, 1
4, 1541, 1, 1.7, 24, 400, 315, 1
4, 1542, 1, 1.65, 10, 100, 45, 0
4, 1543, 1, 1.6, 6, 250, 225, 1
4, 1544, 1, 1.6, 2, 150, 45, 1
4, 1545, 1, 1.7, 26, 50, 0, 0
4, 1546, 1, 1.65, 16, 100, 45, 0
4, 1547, 1, 1.7, 23, 250, 0, 1
4, 1548, 0, 1.65, 142, NaN, NaN, 1
4, 1549, 1, 1.65, 13, 350, 270, 1
4, 1550, 1, 1.7, 22, 300, 135, 1
4, 1551, 1, 1.65, 13, 250, 180, 1
4, 1552, 1, 1.7, 19, 300, 180, 1
4, 1553, 1, 1.65, 15, 300, 135, 1
4, 1554, 1, 1.7, 20, 150, 270, 0
4, 1555, 1, 1.65, 15, 300, 0, 1
4, 1556, 1, 1.6, 2, 400, 315, 1
4, 1557, 0, 1.65, 122, NaN, NaN, 1
4, 1558, 1, 1.6, 5, 200, 135, 1
4, 1559, 1, 1.7, 25, 200, 90, 0
4, 1560, 1, 1.7, 27, 150, 270, 0
4, 1561, 0, 1.6, 73, NaN, NaN, 1
4, 1562, 1, 1.65, 17, 300, 315, 0
4, 1563, 1, 1.65, 18, 300, 135, 1
4, 1564, 1, 1.6, 8, 150, 270, 0
4, 1565, 0, 1.65, 135, NaN, NaN, 1
4, 1566, 1, 1.6, 9, 350, 90, 1
4, 1567, 1, 1.65, 10, 50, 0, 0
4, 1568, 1, 1.7, 21, 300, 180, 1
4, 1569, 1, 1.65, 17, 250, 135, 1
4, 1570, 1, 1.65, 17, 300, 45, 1
4, 1571, 1, 1.65, 18, 350, 90, 1
4, 1572, 1, 1.6, 3, 50, 0, 0
4, 1573, 1, 1.65, 12, 50, 270, 0
4, 1574, 1, 1.7, 24, 250, 315, 1
4, 1575, 1, 1.7, 25, 150, 0, 0
4, 1576, 1, 1.7, 23, 100, 45, 0
4, 1577, 1, 1.65, 15, 400, 45, 1
4, 1578, 1, 1.6, 6, 250, 45, 1
4, 1579, 1, 1.6, 5, 200, 315, 1
4, 1580, 1, 1.6, 5, 50, 180, 1
4, 1581, 1, 1.7, 23, 350, 135, 1
4, 1582, 0, 1.6, 102, NaN, NaN, 1
4, 1583, 1, 1.7, 20, 350, 45, 1
4, 1584, 0, 1.7, 277, NaN, NaN, 1
4, 1585, 1, 1.6, 8, 50, 315, 0
4, 1586, 1, 1.7, 26, 250, 135, 1
4, 1587, 1, 1.65, 12, 250, 135, 1
4, 1588, 1, 1.7, 20, 350, 225, 1
4, 1589, 1, 1.6, 5, 250, 225, 1
4, 1590, 0, 1.65, 175, NaN, NaN, 1
4, 1591, 1, 1.65, 18, 350, 270, 0
4, 1592, 1, 1.65, 15, 250, 270, 0
4, 1593, 1, 1.7, 23, 400, 90, 0
4, 1594, 1, 1.6, 8, 300, 225, 1
4, 1595, 1, 1.7, 22, 50, 45, 0
4, 1596, 1, 1.6, 9, 350, 225, 1
4, 1597, 1, 1.6, 4, 400, 135, 1
4, 1598, 1, 1.6, 4, 400, 0, 1
4, 1599, 1, 1.65, 17, 250, 315, 1
4, 1600, 1, 1.65, 15, 150, 315, 1
4, 1601, 1, 1.7, 22, 50, 225, 0
4, 1602, 1, 1.65, 17, 200, 45, 0
4, 1603, 1, 1.7, 27, 350, 270, 0
4, 1604, 1, 1.65, 16, 250, 90, 1
4, 1605, 1, 1.65, 18, 50, 315, 0
4, 1606, 1, 1.6, 6, 300, 270, 1
4, 1607, 1, 1.7, 25, 150, 180, 0
4, 1608, 1, 1.65, 11, 250, 90, 0
4, 1609, 1, 1.65, 10, 400, 315, 1
4, 1610, 1, 1.65, 15, 100, 90, 0
4, 1611, 1, 1.6, 1, 300, 135, 1
4, 1612, 1, 1.7, 23, 100, 225, 0
4, 1613, 1, 1.7, 25, 300, 180, 1
4, 1614, 1, 1.7, 22, 250, 0, 1
4, 1615, 1, 1.65, 11, 300, 90, 0
4, 1616, 1, 1.7, 26, 150, 90, 0
4, 1617, 0, 1.6, 58, NaN, NaN, 1
4, 1618, 1, 1.6, 3, 250, 90, 1
4, 1619, 1, 1.65, 17, 50, 90, 0
4, 1620, 1, 1.6, 9, 200, 45, 1
4, 1621, 1, 1.65, 18, 150, 225, 0
4, 1622, 1, 1.7, 20, 250, 180, 0
4, 1623, 1, 1.6, 4, 200, 45, 1
4, 1624, 1, 1.7, 19, 100, 45, 0
4, 1625, 1, 1.6, 4, 150, 270, 1
4, 1626, 1, 1.7, 24, 150, 135, 0
4, 1627, 1, 1.7, 24, 100, 45, 0
4, 1628, 1, 1.6, 1, 400, 180, 1
4, 1629, 0, 1.7, 261, NaN, NaN, 1
4, 1630, 1, 1.7, 26, 50, 135, 0
4, 1631, 1, 1.65, 12, 400, 90, 1
4, 1632, 1, 1.65, 12, 350, 135, 1
4, 1633, 0, 1.65, 185, NaN, NaN, 1
4, 1634, 0, 1.65, 145, NaN, NaN, 1
4, 1635, 1, 1.65, 18, 200, 225, 0
4, 1636, 1, 1.6, 6, 350, 135, 1
4, 1637, 1, 1.65, 11, 100, 270, 0
4, 1638, 1, 1.6, 5, 300, 270, 1
4, 1639, 1, 1.7, 24, 200, 45, 0
4, 1640, 1, 1.7, 20, 50, 0, 0
4, 1641, 0, 1.65, 172, NaN, NaN, 1
4, 1642, 1, 1.65, 11, 400, 90, 0
4, 1643, 1, 1.65, 16, 300, 45, 0
4, 1644, 1, 1.6, 4, 350, 270, 1
4, 1645, 1, 1.65, 13, 200, 225, 0
4, 1646, 1, 1.65, 10, 300, 90, 0
4, 1647, 1, 1.7, 22, 50, 270, 0
4, 1648, 1, 1.7, 26, 300, 0, 1
4, 1649, 0, 1.7, 255, NaN, NaN, 1
4, 1650, 0, 1.65, 137, NaN, NaN, 1
4, 1651, 1, 1.65, 16, 150, 180, 0
4, 1652, 1, 1.65, 15, 150, 90, 1
4, 1653, 0, 1.6, 83, NaN, NaN, 0
4, 1654, 1, 1.6, 4, 100, 270, 1
4, 1655, 1, 1.65, 10, 50, 315, 0
4, 1656, 1, 1.65, 11, 50, 270, 0
4, 1657, 1, 1.65, 16, 50, 270, 0
4, 1658, 0, 1.7, 201, NaN, NaN, 1
4, 1659, 1, 1.65, 13, 200, 0, 1
4, 1660, 1, 1.7, 25, 300, 315, 1
4, 1661, 1, 1.65, 16, 150, 0, 1
4, 1662, 0, 1.6, 87, NaN, NaN, 1
4, 1663, 1, 1.7, 20, 250, 225, 1
4, 1664, 1, 1.7, 25, 400, 315, 1
4, 1665, 1, 1.7, 19, 400, 90, 0
4, 1666, 1, 1.65, 18, 100, 45, 0
4, 1667, 1, 1.7, 23, 50, 315, 0
4, 1668, 0, 1.65, 159, NaN, NaN, 1
4, 1669, 1, 1.65, 10, 300, 315, 1
4, 1670, 1, 1.6, 6, 250, 90, 1
4, 1671, 1, 1.7, 20, 150, 0, 0
4, 1672, 1, 1.65, 13, 300, 0, 1
4, 1673, 1, 1.65, 13, 200, 45, 1
4, 1674, 1, 1.7, 19, 200, 0, 0
4, 1675, 1, 1.6, 2, 250, 180, 1
4, 1676, 0, 1.65, 147, NaN, NaN, 1
4, 1677, 1, 1.65, 13, 150, 45, 1
4, 1678, 1, 1.7, 27, 50, 225, 0
4, 1679, 1, 1.65, 11, 150, 0, 0
4, 1680, 1, 1.65, 11, 150, 270, 0
4, 1681, 1, 1.65, 16, 400, 45, -1
4, 1682, 1, 1.7, 23, 200, 0, 0
4, 1683, 1, 1.65, 12, 300, 45, 1
4, 1684, 1, 1.7, 27, 100, 135, 0
4, 1685, 1, 1.6, 9, 250, 135, 1
4, 1686, 1, 1.6, 4, 350, 315, 1
4, 1687, 1, 1.7, 19, 300, 270, 0
4, 1688, 1, 1.7, 20, 350, 270, 1
4, 1689, 1, 1.7, 22, 50, 90, 0
4, 1690, 1, 1.6, 3, 250, 270, 1
4, 1691, 0, 1.7, 280, NaN, NaN, 1
4, 1692, 1, 1.7, 24, 300, 45, 0
4, 1693, 1, 1.65, 10, 350, 135, 1
4, 1694, 1, 1.6, 7, 350, 90, 1
4, 1695, 1, 1.65, 15, 400, 270, 1
4, 1696, 1, 1.6, 4, 250, 135, 1
4, 1697, 1, 1.6, 8, 200, 45, 1
4, 1698, 0, 1.7, 224, NaN, NaN, 1
4, 1699, 1, 1.7, 19, 350, 315, 0
4, 1700, 1, 1.65, 14, 150, 315, 0
4, 1701, 0, 1.6, 96, NaN, NaN, 1
4, 1702, 1, 1.6, 6, 150, 315, 1
4, 1703, 1, 1.7, 27, 100, 315, 0
4, 1704, 0, 1.7, 206, NaN, NaN, 1
4, 1705, 1, 1.65, 14, 350, 135, 1
4, 1706, 1, 1.6, 7, 150, 90, 1
4, 1707, 1, 1.7, 25, 250, 90, 0
4, 1708, 0, 1.6, 86, NaN, NaN, 1
4, 1709, 1, 1.6, 5, 200, 90, 1
4, 1710, 1, 1.65, 10, 400, 180, 1
4, 1711, 1, 1.65, 11, 300, 0, 0
4, 1712, 1, 1.7, 23, 300, 135, 0
4, 1713, 1, 1.7, 25, 400, 45, 1
4, 1714, 1, 1.65, 18, 400, 135, 1
4, 1715, 1, 1.65, 13, 350, 135, 1
4, 1716, 1, 1.7, 19, 200, 45, 0
4, 1717, 1, 1.7, 22, 150, 270, 0
4, 1718, 1, 1.6, 5, 50, 135, 0
4, 1719, 1, 1.65, 15, 100, 0, 0
4, 1720, 1, 1.6, 1, 150, 315, 1
4, 1721, 1, 1.6, 8, 100, 135, 0
4, 1722, 1, 1.65, 13, 50, 45, 0
4, 1723, 0, 1.65, 169, NaN, NaN, 1
4, 1724, 1, 1.7, 22, 400, 90, 1
4, 1725, 1, 1.7, 23, 400, 135, 1
4, 1726, 1, 1.7, 26, 400, 315, 1
4, 1727, 1, 1.65, 12, 50, 45, 0
4, 1728, 1, 1.7, 21, 400, 225, 1
4, 1729, 1, 1.7, 22, 150, 180, 0
4, 1730, 1, 1.65, 12, 250, 45, 1
4, 1731, 1, 1.6, 9, 400, 180, 1
4, 1732, 1, 1.7, 22, 250, 90, 0
4, 1733, 0, 1.65, 123, NaN, NaN, 1
4, 1734, 0, 1.7, 256, NaN, NaN, 1
4, 1735, 1, 1.7, 26, 350, 0, 1
4, 1736, 1, 1.65, 16, 200, 315, 1
4, 1737, 1, 1.7, 19, 50, 225, 1
4, 1738, 1, 1.6, 9, 350, 180, 1
4, 1739, 0, 1.7, 219, NaN, NaN, 1
4, 1740, 1, 1.65, 14, 250, 45, 1
4, 1741, 1, 1.7, 20, 200, 45, 1
4, 1742, 1, 1.65, 18, 300, 0, 0
4, 1743, 1, 1.7, 26, 350, 270, 0
4, 1744, 1, 1.6, 9, 50, 0, 0
4, 1745, 1, 1.65, 10, 200, 270, 0
4, 1746, 1, 1.65, 10, 300, 45, 0
4, 1747, 1, 1.65, 12, 250, 270, 1
4, 1748, 0, 1.6, 40, NaN, NaN, 1
4, 1749, 1, 1.6, 5, 100, 0, 1
4, 1750, 1, 1.6, 2, 200, 270, 0
4, 1751, 1, 1.6, 5, 100, 225, 0
4, 1752, 1, 1.7, 25, 100, 90, 0
4, 1753, 1, 1.65, 13, 350, 45, 1
4, 1754, 1, 1.65, 13, 400, 90, 1
4, 1755, 1, 1.65, 16, 350, 45, 1
4, 1756, 1, 1.65, 17, 400, 0, 1
4, 1757, 1, 1.65, 17, 250, 180, 1
4, 1758, 1, 1.65, 14, 200, 45, 1
4, 1759, 0, 1.6, 51, NaN, NaN, 1
4, 1760, 1, 1.65, 15, 200, 135, 0
4, 1761, 1, 1.65, 15, 300, 270, 1
4, 1762, 1, 1.65, 13, 300, 225, 1
4, 1763, 1, 1.65, 14, 100, 90, 0
4, 1764, 0, 1.7, 253, NaN, NaN, 1
4, 1765, 1, 1.6, 9, 400, 0, 1
4, 1766, 0, 1.7, 273, NaN, NaN, 1
4, 1767, 1, 1.7, 25, 200, 45, 0
4, 1768, 1, 1.6, 3, 300, 270, 1
4, 1769, 1, 1.7, 20, 50, 225, 0
4, 1770, 1, 1.6, 9, 100, 90, 0
4, 1771, 1, 1.6, 3, 100, 270, 1
4, 1772, 1, 1.65, 17, 400, 315, 0
4, 1773, 1, 1.6, 8, 350, 135, 1
4, 1774, 1, 1.7, 26, 300, 135, 1
4, 1775, 1, 1.65, 16, 300, 270, 0
4, 1776, 1, 1.65, 14, 150, 90, 0
4, 1777, 1, 1.65, 12, 300, 270, 0
4, 1778, 1, 1.65, 12, 100, 225, 0
4, 1779, 1, 1.7, 23, 100, 90, 0
4, 1780, 1, 1.65, 17, 150, 225, 0
4, 1781, 1, 1.6, 4, 250, 225, 1
4, 1782, 1, 1.65, 15, 50, 90, 0
4, 1783, 1, 1.7, 27, 400, 135, 0
4, 1784, 1, 1.65, 17, 150, 135, 0
4, 1785, 1, 1.6, 8, 50, 0, 0
4, 1786, 1, 1.65, 16, 300, 135, 1
4, 1787, 1, 1.7, 21, 150, 180, 1
4, 1788, 0, 1.7, 243, NaN, NaN, 1
4, 1789, 1, 1.6, 2, 350, 270, 1
4, 1790, 1, 1.6, 2, 50, 90, 0
4, 1791, 1, 1.6, 5, 300, 0, 0
4, 1792, 1, 1.6, 5, 150, 90, 1
4, 1793, 1, 1.7, 24, 200, 135, 1
4, 1794, 1, 1.6, 1, 400, 90, 1
4, 1795, 1, 1.6, 7, 100, 135, -1
4, 1796, 1, 1.65, 17, 400, 225, 1
4, 1797, 1, 1.65, 11, 400, 315, 1
4, 1798, 1, 1.7, 23, 400, 45, -1
4, 1799, 1, 1.65, 14, 50, 90, 0
4, 1800, 0, 1.6, 36, NaN, NaN, 1
4, 1801, 0, 1.7, 246, NaN, NaN, 1
4, 1802, 1, 1.65, 14, 300, 225, 1
4, 1803, 1, 1.7, 20, 300, 0, 1
4, 1804, 1, 1.65, 15, 150, 45, 0
4, 1805, 1, 1.6, 5, 300, 315, 1
4, 1806, 1, 1.7, 27, 250, 225, 1
4, 1807, 1, 1.65, 14, 250, 270, 1
4, 1808, 1, 1.65, 13, 400, 225, 1
4, 1809, 1, 1.65, 16, 250, 270, 1
4, 1810, 1, 1.6, 6, 200, 180, 1
4, 1811, 1, 1.65, 14, 100, 45, 1
4, 1812, 0, 1.65, 151, NaN, NaN, 1
4, 1813, 1, 1.7, 19, 100, 0, 0
4, 1814, 1, 1.6, 1, 350, 270, 1
4, 1815, 1, 1.7, 22, 150, 315, 0
4, 1816, 1, 1.7, 24, 400, 0, 0
4, 1817, 1, 1.7, 20, 400, 270, 0
4, 1818, 1, 1.7, 24, 350, 135, 1
4, 1819, 1, 1.7, 25, 400, 0, 0
4, 1820, 1, 1.6, 4, 400, 225, 1
4, 1821, 1, 1.65, 18, 250, 180, 0
4, 1822, 1, 1.7, 20, 400, 0, 0
4, 1823, 1, 1.65, 17, 300, 225, 1
4, 1824, 1, 1.6, 3, 400, 135, 1
4, 1825, 1, 1.6, 5, 350, 270, 1
4, 1826, 0, 1.6, 72, NaN, NaN, 1
4, 1827, 1, 1.65, 14, 50, 225, 0
4, 1828, 1, 1.6, 4, 100, 315, 1
4, 1829, 1, 1.7, 19, 400, 0, 0
4, 1830, 1, 1.7, 21, 150, 225, 0
4, 1831, 1, 1.6, 4, 400, 90, 0
4, 1832, 1, 1.65, 15, 250, 45, 0
4, 1833, 1, 1.6, 2, 50, 0, 0
4, 1834, 0, 1.65, 149, NaN, NaN, 1
4, 1835, 1, 1.6, 2, 400, 180, 1
4, 1836, 1, 1.65, 10, 50, 90, 0
4, 1837, 1, 1.6, 2, 50, 225, 0
4, 1838, 0, 1.65, 148, NaN, NaN, 1
4, 1839, 1, 1.6, 9, 400, 135, 1
4, 1840, 1, 1.7, 26, 150, 225, 0
4, 1841, 1, 1.65, 14, 200, 135, 0
4, 1842, 1, 1.6, 6, 100, 180, 0
4, 1843, 1, 1.65, 12, 200, 225, 1
4, 1844, 1, 1.6, 4, 300, 90, 1
4, 1845, 1, 1.6, 7, 50, 315, 1
4, 1846, 0, 1.6, 37, NaN, NaN, 1
4, 1847, 1, 1.65, 10, 400, 45, 1
4, 1848, 0, 1.6, 32, NaN, NaN, 1
4, 1849, 1, 1.6, 1, 50, 315, 0
4, 1850, 1, 1.6, 7, 350, 180, 1
4, 1851, 1, 1.6, 6, 300, 225, 1
4, 1852, 1, 1.65, 12, 50, 315, 0
4, 1853, 1, 1.6, 9, 100, 135, 0
4, 1854, 1, 1.65, 10, 400, 90, 1
4, 1855, 1, 1.7, 24, 50, 315, 0
4, 1856, 1, 1.6, 9, 350, 45, 1
4, 1857, 0, 1.7, 260, NaN, NaN, 1
4, 1858, 0, 1.7, 271, NaN, NaN, 1
4, 1859, 1, 1.6, 6, 50, 45, 0
4, 1860, 1, 1.65, 14, 400, 0, 1
4, 1861, 1, 1.6, 9, 350, 135, 1
4, 1862, 1, 1.7, 20, 200, 90, 1
4, 1863, 1, 1.65, 17, 150, 45, 0
4, 1864, 1, 1.6, 1, 50, 225, 1
4, 1865, 1, 1.6, 1, 100, 270, -1
4, 1866, 1, 1.65, 17, 250, 225, 1
4, 1867, 1, 1.6, 2, 100, 135, 0
4, 1868, 1, 1.7, 19, 350, 0, 1
4, 1869, 1, 1.6, 9, 350, 315, 1
4, 1870, 1, 1.65, 17, 350, 0, 1
4, 1871, 1, 1.7, 25, 150, 135, 0
4, 1872, 1, 1.6, 5, 350, 90, 1
4, 1873, 1, 1.6, 8, 50, 225, 0
4, 1874, 1, 1.7, 20, 400, 225, 1
4, 1875, 1, 1.65, 11, 400, 45, 1
4, 1876, 1, 1.7, 24, 100, 90, 0
4, 1877, 1, 1.6, 7, 50, 45, 0
4, 1878, 1, 1.65, 15, 100, 315, 0
4, 1879, 1, 1.65, 11, 350, 135, 1
4, 1880, 1, 1.65, 13, 50, 90, 0
4, 1881, 0, 1.65, 114, NaN, NaN, 1
4, 1882, 1, 1.7, 21, 50, 270, 0
4, 1883, 0, 1.6, 49, NaN, NaN, 1
4, 1884, 1, 1.6, 8, 150, 315, 1
4, 1885, 1, 1.65, 16, 50, 90, 0
4, 1886, 1, 1.65, 18, 50, 135, 0
4, 1887, 1, 1.6, 1, 250, 180, 1
4, 1888, 1, 1.65, 10, 150, 270, 0
4, 1889, 0, 1.6, 111, NaN, NaN, 1
4, 1890, 1, 1.65, 16, 350, 135, 1
4, 1891, 1, 1.65, 18, 150, 270, 1
4, 1892, 1, 1.6, 1, 100, 90, 1
4, 1893, 1, 1.6, 3, 200, 0, 1
4, 1894, 1, 1.65, 18, 100, 0, 0
4, 1895, 1, 1.65, 13, 100, 315, 0
4, 1896, 1, 1.6, 3, 50, 180, 0
4, 1897, 1, 1.7, 21, 300, 135, 1
4, 1898, 1, 1.6, 5, 50, 45, 0
4, 1899, 1, 1.6, 6, 100, 90, 0
4, 1900, 1, 1.65, 11, 400, 0, 1
4, 1901, 1, 1.7, 27, 200, 180, 1
4, 1902, 0, 1.6, 106, NaN, NaN, 1
4, 1903, 1, 1.65, 13, 250, 315, 0
4, 1904, 1, 1.7, 19, 50, 270, 0
4, 1905, 0, 1.6, 43, NaN, NaN, 1
4, 1906, 1, 1.7, 23, 50, 225, 0
4, 1907, 1, 1.65, 10, 50, 180, 0
4, 1908, 1, 1.65, 17, 400, 135, 1
4, 1909, 0, 1.7, 269, NaN, NaN, 0
4, 1910, 1, 1.7, 23, 200, 180, 0
4, 1911, 1, 1.65, 18, 300, 180, 1
4, 1912, 1, 1.65, 10, 150, 180, 0
4, 1913, 1, 1.65, 11, 150, 315, 1
4, 1914, 1, 1.7, 26, 250, 90, 0
4, 1915, 1, 1.65, 17, 200, 0, 1
4, 1916, 1, 1.6, 7, 100, 180, 0
4, 1917, 1, 1.65, 11, 300, 315, 1
4, 1918, 1, 1.65, 14, 300, 0, 1
4, 1919, 1, 1.6, 5, 350, 135, 1
4, 1920, 1, 1.65, 16, 200, 180, 1
4, 1921, 1, 1.7, 23, 200, 135, 0
4, 1922, 0, 1.6, 41, NaN, NaN, 1
4, 1923, 0, 1.7, 203, NaN, NaN, 1
4, 1924, 0, 1.65, 115, NaN, NaN, 1
4, 1925, 1, 1.65, 11, 100, 180, 0
4, 1926, 1, 1.7, 25, 250, 270, 0
4, 1927, 1, 1.7, 21, 300, 90, 0
4, 1928, 1, 1.65, 16, 400, 180, 0
4, 1929, 1, 1.6, 4, 250, 0, 1
4, 1930, 1, 1.65, 10, 300, 270, 1
4, 1931, 0, 1.6, 98, NaN, NaN, 1
4, 1932, 1, 1.6, 7, 300, 45, 1
4, 1933, 1, 1.6, 4, 50, 270, 0
4, 1934, 1, 1.7, 23, 350, 90, 1
4, 1935, 1, 1.6, 3, 50, 270, 0
4, 1936, 1, 1.65, 17, 50, 180, 0
4, 1937, 1, 1.65, 14, 300, 90, 1
4, 1938, 1, 1.6, 6, 100, 135, 0
4, 1939, 1, 1.6, 7, 350, 135, 1
4, 1940, 1, 1.7, 24, 150, 225, 0
4, 1941, 1, 1.65, 11, 200, 135, 0
4, 1942, 1, 1.7, 27, 300, 45, 1
4, 1943, 1, 1.65, 15, 100, 45, 0
4, 1944, 1, 1.7, 20, 350, 135, 1
4, 1945, 1, 1.65, 14, 400, 135, 1
4, 1946, 1, 1.65, 18, 50, 180, 0
4, 1947, 0, 1.6, 63, NaN, NaN, 1
4, 1948, 1, 1.6, 1, 400, 0, 1
4, 1949, 1, 1.7, 19, 300, 225, 0
4, 1950, 1, 1.7, 25, 150, 270, 0
4, 1951, 1, 1.7, 26, 250, 270, 0
4, 1952, 1, 1.6, 5, 150, 270, 0
4, 1953, 1, 1.6, 2, 100, 180, 1
4, 1954, 1, 1.65, 13, 300, 315, 0
4, 1955, 1, 1.7, 26, 350, 90, 0
4, 1956, 1, 1.7, 26, 150, 135, 0
4, 1957, 1, 1.65, 15, 350, 225, 1
4, 1958, 1, 1.65, 17, 400, 45, 1
4, 1959, 1, 1.6, 2, 200, 0, 1
4, 1960, 0, 1.7, 258, NaN, NaN, 1
4, 1961, 1, 1.6, 5, 200, 45, 1
4, 1962, 1, 1.65, 16, 250, 0, 0
4, 1963, 1, 1.6, 3, 300, 0, 1
4, 1964, 0, 1.65, 125, NaN, NaN, 1
4, 1965, 1, 1.6, 5, 150, 135, 1
4, 1966, 1, 1.7, 22, 100, 45, 0
4, 1967, 1, 1.65, 11, 300, 45, 1
4, 1968, 1, 1.6, 1, 50, 180, 0
4, 1969, 1, 1.65, 18, 200, 315, 1
4, 1970, 1, 1.65, 10, 400, 225, 1
4, 1971, 1, 1.7, 22, 250, 270, 0
4, 1972, 0, 1.6, 109, NaN, NaN, 1
4, 1973, 1, 1.65, 13, 250, 0, 1
4, 1974, 1, 1.7, 21, 350, 180, 1
4, 1975, 1, 1.7, 23, 400, 225, 1
4, 1976, 1, 1.6, 8, 250, 45, 1
4, 1977, 1, 1.7, 22, 400, 180, 1
4, 1978, 1, 1.65, 17, 400, 180, 0
4, 1979, 1, 1.7, 21, 100, 0, 0
4, 1980, 1, 1.6, 8, 150, 0, 1
4, 1981, 1, 1.65, 12, 100, 135, -1
4, 1982, 1, 1.65, 17, 200, 315, 1
4, 1983, 1, 1.7, 27, 200, 225, 0
4, 1984, 1, 1.6, 5, 50, 315, 0
4, 1985, 1, 1.65, 14, 50, 45, 0
4, 1986, 1, 1.7, 20, 150, 135, 0
