participantNumber, trialNum, TargetPresent, beta, seed, r, phi, respose
5, 1, 1, 1.6, 5, 250, 315, 0
5, 2, 1, 1.6, 5, 350, 315, 0
5, 3, 1, 1.65, 12, 250, 45, 0
5, 4, 1, 1.65, 12, 150, 45, 1
5, 5, 1, 1.6, 5, 350, 0, 0
5, 6, 1, 1.65, 13, 300, 225, 1
5, 7, 1, 1.7, 22, 300, 315, 1
5, 8, 1, 1.7, 21, 100, 315, 1
5, 9, 1, 1.6, 3, 250, 135, 0
5, 10, 1, 1.65, 13, 350, 45, -1
5, 11, 1, 1.65, 11, 400, 315, 1
5, 12, 1, 1.65, 13, 200, 225, 0
5, 13, 1, 1.7, 19, 100, 90, 1
5, 14, 1, 1.7, 25, 350, 135, 1
5, 15, 1, 1.6, 5, 350, 225, 0
5, 16, 1, 1.7, 26, 250, 270, 1
5, 17, 1, 1.65, 11, 250, 135, 1
5, 18, 1, 1.7, 22, 150, 225, 1
5, 19, 1, 1.6, 2, 250, 45, 0
5, 20, 1, 1.65, 13, 400, 225, 0
5, 21, 1, 1.6, 6, 100, 315, 0
5, 22, 1, 1.6, 3, 350, 315, 0
5, 23, 1, 1.7, 24, 200, 90, 1
5, 24, 1, 1.65, 14, 400, 180, 0
5, 25, 1, 1.65, 13, 350, 225, 0
5, 26, 1, 1.65, 15, 150, 135, 1
5, 27, 1, 1.6, 3, 200, 315, 0
5, 28, 1, 1.7, 19, 50, 225, 1
5, 29, 1, 1.65, 15, 400, 0, 0
5, 30, 1, 1.7, 25, 250, 90, 1
5, 31, 1, 1.6, 1, 100, 135, 0
5, 32, 1, 1.7, 21, 50, 270, 1
5, 33, 1, 1.7, 22, 400, 225, 0
5, 34, 1, 1.65, 16, 200, 315, 1
5, 35, 1, 1.7, 21, 350, 270, 0
5, 36, 1, 1.7, 22, 250, 225, 1
5, 37, 1, 1.6, 4, 50, 45, 0
5, 38, 1, 1.6, 6, 100, 135, 0
5, 39, 1, 1.6, 4, 400, 225, 0
5, 40, 1, 1.6, 7, 200, 90, 0
5, 41, 0, 1.65, 180, NaN, NaN, 0
5, 42, 0, 1.6, 78, NaN, NaN, 0
5, 43, 1, 1.65, 13, 50, 90, 1
5, 44, 1, 1.65, 10, 100, 315, 1
5, 45, 1, 1.6, 4, 400, 315, 1
5, 46, 1, 1.7, 23, 200, 45, 1
5, 47, 1, 1.6, 9, 150, 45, 1
5, 48, 1, 1.7, 21, 50, 180, 1
5, 49, 1, 1.65, 18, 100, 180, 1
5, 50, 1, 1.65, 14, 400, 270, 1
5, 51, 1, 1.7, 19, 50, 90, 1
5, 52, 1, 1.7, 26, 400, 45, 0
5, 53, 1, 1.6, 9, 300, 180, 0
5, 54, 1, 1.6, 8, 150, 315, 1
5, 55, 0, 1.7, 263, NaN, NaN, 0
5, 56, 0, 1.6, 108, NaN, NaN, 0
5, 57, 1, 1.65, 10, 200, 225, 1
5, 58, 1, 1.6, 6, 300, 0, 0
5, 59, 0, 1.7, 235, NaN, NaN, 1
5, 60, 1, 1.65, 15, 300, 180, 0
5, 61, 1, 1.7, 21, 50, 135, 1
5, 62, 1, 1.6, 6, 300, 45, 0
5, 63, 1, 1.6, 5, 100, 135, 0
5, 64, 1, 1.7, 19, 350, 45, 1
5, 65, 1, 1.65, 11, 350, 90, 0
5, 66, 1, 1.7, 26, 300, 225, 1
5, 67, 1, 1.65, 18, 400, 225, 0
5, 68, 1, 1.65, 12, 300, 0, 1
5, 69, 1, 1.6, 4, 350, 270, 0
5, 70, 1, 1.65, 10, 200, 180, 1
5, 71, 0, 1.6, 44, NaN, NaN, 0
5, 72, 1, 1.6, 8, 200, 45, 0
5, 73, 1, 1.6, 5, 50, 135, 1
5, 74, 1, 1.65, 14, 150, 315, 1
5, 75, 1, 1.7, 25, 250, 0, 1
5, 76, 1, 1.65, 17, 150, 0, 1
5, 77, 1, 1.7, 25, 300, 135, 1
5, 78, 1, 1.6, 2, 350, 0, 1
5, 79, 1, 1.6, 4, 100, 0, 0
5, 80, 1, 1.7, 23, 400, 45, 1
5, 81, 1, 1.7, 26, 200, 135, 1
5, 82, 1, 1.65, 13, 250, 0, 1
5, 83, 0, 1.6, 106, NaN, NaN, 0
5, 84, 1, 1.65, 13, 400, 315, 0
5, 85, 1, 1.6, 9, 150, 270, 0
5, 86, 0, 1.7, 276, NaN, NaN, 0
5, 87, 1, 1.65, 10, 200, 135, 1
5, 88, 1, 1.7, 21, 400, 135, 1
5, 89, 1, 1.7, 25, 100, 270, 0
5, 90, 1, 1.6, 8, 300, 90, 0
5, 91, 1, 1.65, 17, 150, 45, 1
5, 92, 1, 1.7, 22, 300, 270, 1
5, 93, 1, 1.6, 3, 250, 180, 1
5, 94, 1, 1.65, 14, 350, 270, 1
5, 95, 1, 1.65, 15, 150, 225, 1
5, 96, 1, 1.65, 14, 200, 90, 1
5, 97, 1, 1.7, 21, 200, 270, 0
5, 98, 0, 1.65, 187, NaN, NaN, 1
5, 99, 1, 1.7, 23, 350, 90, 0
5, 100, 1, 1.7, 23, 100, 225, 1
5, 101, 1, 1.65, 12, 150, 270, 1
5, 102, 1, 1.6, 6, 300, 180, 0
5, 103, 1, 1.65, 16, 250, 0, 1
5, 104, 1, 1.6, 1, 300, 180, 0
5, 105, 1, 1.6, 6, 400, 315, 0
5, 106, 1, 1.7, 21, 250, 270, 1
5, 107, 1, 1.65, 15, 250, 315, 1
5, 108, 0, 1.7, 222, NaN, NaN, 0
5, 109, 1, 1.65, 11, 250, 45, 1
5, 110, 1, 1.7, 20, 200, 270, 1
5, 111, 1, 1.6, 7, 400, 0, 0
5, 112, 1, 1.65, 15, 350, 225, 1
5, 113, 1, 1.6, 5, 300, 90, 0
5, 114, 1, 1.65, 18, 100, 135, 1
5, 115, 1, 1.7, 21, 300, 0, 1
5, 116, 0, 1.7, 275, NaN, NaN, 0
5, 117, 1, 1.7, 24, 150, 315, 1
5, 118, 1, 1.7, 19, 50, 45, 1
5, 119, 1, 1.6, 1, 100, 315, 1
5, 120, 0, 1.65, 168, NaN, NaN, 0
5, 121, 1, 1.7, 23, 50, 270, 1
5, 122, 1, 1.7, 26, 50, 315, 1
5, 123, 1, 1.65, 18, 100, 90, 1
5, 124, 1, 1.6, 6, 350, 270, 0
5, 125, 1, 1.7, 27, 350, 90, 1
5, 126, 1, 1.65, 18, 50, 180, 1
5, 127, 1, 1.7, 23, 400, 225, 0
5, 128, 1, 1.7, 27, 150, 90, 1
5, 129, 1, 1.6, 3, 100, 315, 0
5, 130, 1, 1.6, 1, 200, 90, 0
5, 131, 1, 1.65, 17, 200, 225, 0
5, 132, 1, 1.65, 15, 100, 45, 1
5, 133, 1, 1.65, 16, 100, 45, 1
5, 134, 1, 1.7, 25, 150, 270, 1
5, 135, 1, 1.6, 3, 200, 135, 0
5, 136, 1, 1.65, 10, 400, 180, 1
5, 137, 1, 1.7, 20, 250, 90, 1
5, 138, 1, 1.6, 7, 100, 45, 0
5, 139, 1, 1.65, 15, 50, 45, 1
5, 140, 0, 1.65, 158, NaN, NaN, 0
5, 141, 1, 1.7, 26, 200, 45, 1
5, 142, 1, 1.65, 10, 300, 270, 1
5, 143, 1, 1.6, 3, 350, 225, 0
5, 144, 1, 1.65, 14, 300, 135, 1
5, 145, 1, 1.7, 24, 300, 90, 1
5, 146, 1, 1.65, 14, 200, 135, 0
5, 147, 0, 1.65, 120, NaN, NaN, 0
5, 148, 0, 1.6, 86, NaN, NaN, 0
5, 149, 0, 1.65, 141, NaN, NaN, 0
5, 150, 1, 1.6, 9, 200, 315, 0
5, 151, 1, 1.65, 16, 400, 315, 1
5, 152, 0, 1.6, 79, NaN, NaN, 0
5, 153, 1, 1.6, 8, 300, 270, 0
5, 154, 1, 1.7, 27, 50, 0, 1
5, 155, 1, 1.65, 15, 150, 270, 1
5, 156, 1, 1.6, 8, 300, 45, 0
5, 157, 1, 1.6, 5, 350, 45, 0
5, 158, 1, 1.65, 12, 100, 135, 0
5, 159, 1, 1.6, 7, 400, 90, 0
5, 160, 1, 1.6, 4, 400, 180, 0
5, 161, 1, 1.7, 25, 50, 90, 1
5, 162, 0, 1.6, 46, NaN, NaN, 0
5, 163, 1, 1.7, 24, 250, 45, 1
5, 164, 1, 1.6, 8, 250, 135, 0
5, 165, 0, 1.6, 60, NaN, NaN, 0
5, 166, 0, 1.6, 97, NaN, NaN, 0
5, 167, 1, 1.7, 22, 350, 45, 0
5, 168, 1, 1.7, 23, 200, 135, 1
5, 169, 1, 1.65, 12, 250, 90, 0
5, 170, 1, 1.7, 23, 300, 135, 1
5, 171, 1, 1.6, 5, 250, 45, 1
5, 172, 1, 1.65, 11, 50, 270, 1
5, 173, 1, 1.65, 15, 400, 225, 1
5, 174, 1, 1.6, 2, 100, 90, 1
5, 175, 1, 1.65, 17, 250, 315, 1
5, 176, 1, 1.65, 12, 350, 315, 1
5, 177, 1, 1.6, 6, 50, 45, 1
5, 178, 1, 1.65, 18, 300, 225, 1
5, 179, 0, 1.6, 40, NaN, NaN, 0
5, 180, 1, 1.7, 23, 100, 270, 1
5, 181, 1, 1.65, 11, 350, 270, 1
5, 182, 0, 1.6, 36, NaN, NaN, 0
5, 183, 1, 1.7, 22, 150, 0, 1
5, 184, 0, 1.6, 77, NaN, NaN, 0
5, 185, 1, 1.7, 23, 100, 180, 1
5, 186, 1, 1.7, 27, 300, 45, 1
5, 187, 1, 1.6, 7, 250, 45, 0
5, 188, 1, 1.65, 12, 250, 270, 1
5, 189, 1, 1.65, 11, 400, 135, 1
5, 190, 1, 1.7, 26, 400, 315, 1
5, 191, 1, 1.7, 24, 300, 0, 1
5, 192, 1, 1.65, 15, 350, 135, 0
5, 193, 0, 1.65, 157, NaN, NaN, 0
5, 194, 0, 1.65, 145, NaN, NaN, 0
5, 195, 1, 1.7, 23, 100, 45, 1
5, 196, 0, 1.65, 166, NaN, NaN, 0
5, 197, 0, 1.6, 35, NaN, NaN, 0
5, 198, 0, 1.65, 188, NaN, NaN, 0
5, 199, 1, 1.6, 1, 100, 225, 0
5, 200, 1, 1.7, 26, 200, 90, 1
5, 201, 1, 1.6, 8, 200, 270, 1
5, 202, 1, 1.65, 17, 50, 0, 1
5, 203, 1, 1.65, 17, 200, 270, 1
5, 204, 1, 1.65, 18, 200, 135, 0
5, 205, 1, 1.6, 9, 400, 270, 0
5, 206, 1, 1.7, 21, 100, 135, 0
5, 207, 1, 1.7, 23, 300, 315, 1
5, 208, 0, 1.7, 203, NaN, NaN, 0
5, 209, 0, 1.6, 74, NaN, NaN, 0
5, 210, 1, 1.6, 2, 350, 225, 0
5, 211, 1, 1.6, 7, 100, 90, 1
5, 212, 1, 1.65, 17, 400, 315, 0
5, 213, 1, 1.6, 7, 200, 0, 1
5, 214, 1, 1.7, 21, 400, 270, 1
5, 215, 1, 1.6, 6, 50, 135, 1
5, 216, 1, 1.65, 13, 50, 270, 1
5, 217, 1, 1.65, 12, 150, 90, 1
5, 218, 1, 1.7, 21, 50, 315, 1
5, 219, 1, 1.65, 13, 50, 225, 1
5, 220, 1, 1.65, 15, 400, 270, 0
5, 221, 1, 1.7, 26, 100, 180, 1
5, 222, 1, 1.65, 18, 100, 45, 1
5, 223, 1, 1.65, 10, 200, 0, 1
5, 224, 1, 1.65, 18, 250, 225, 1
5, 225, 1, 1.65, 18, 250, 45, 1
5, 226, 1, 1.6, 9, 250, 225, 0
5, 227, 0, 1.65, 115, NaN, NaN, 0
5, 228, 1, 1.7, 27, 150, 135, 1
5, 229, 1, 1.65, 17, 400, 270, 1
5, 230, 1, 1.7, 21, 150, 225, 1
5, 231, 1, 1.6, 5, 250, 135, 0
5, 232, 0, 1.65, 143, NaN, NaN, 0
5, 233, 1, 1.6, 6, 300, 225, 0
5, 234, 1, 1.65, 18, 400, 45, 1
5, 235, 1, 1.7, 25, 300, 45, 1
5, 236, 1, 1.7, 22, 300, 0, 1
5, 237, 1, 1.7, 23, 200, 180, 1
5, 238, 1, 1.6, 5, 50, 270, 1
5, 239, 1, 1.6, 7, 400, 45, 0
5, 240, 1, 1.65, 10, 300, 315, 1
5, 241, 1, 1.7, 27, 250, 135, 1
5, 242, 1, 1.6, 2, 300, 270, 0
5, 243, 1, 1.6, 4, 250, 315, 0
5, 244, 0, 1.7, 233, NaN, NaN, 0
5, 245, 0, 1.7, 208, NaN, NaN, 0
5, 246, 1, 1.7, 27, 150, 270, 1
5, 247, 0, 1.6, 89, NaN, NaN, 0
5, 248, 1, 1.7, 20, 300, 45, 1
5, 249, 1, 1.65, 12, 100, 315, 1
5, 250, 0, 1.7, 280, NaN, NaN, 0
5, 251, 1, 1.6, 1, 250, 225, 0
5, 252, 1, 1.65, 15, 350, 90, 0
5, 253, 1, 1.7, 24, 250, 315, 1
5, 254, 1, 1.6, 4, 400, 0, 1
5, 255, 1, 1.6, 8, 350, 270, 1
5, 256, 1, 1.7, 20, 300, 0, 1
5, 257, 1, 1.7, 19, 350, 270, 1
5, 258, 1, 1.65, 10, 250, 315, 1
5, 259, 1, 1.6, 9, 150, 135, 0
5, 260, 1, 1.7, 25, 400, 0, 1
5, 261, 1, 1.7, 23, 400, 0, 1
5, 262, 1, 1.6, 8, 400, 180, 0
5, 263, 1, 1.6, 7, 350, 180, 0
5, 264, 0, 1.6, 45, NaN, NaN, 0
5, 265, 1, 1.6, 7, 100, 270, 1
5, 266, 0, 1.6, 47, NaN, NaN, 0
5, 267, 1, 1.65, 12, 250, 180, 1
5, 268, 1, 1.6, 3, 400, 270, 0
5, 269, 0, 1.65, 196, NaN, NaN, 0
5, 270, 1, 1.6, 3, 350, 45, 1
5, 271, 1, 1.6, 5, 50, 45, 1
5, 272, 1, 1.6, 3, 50, 0, 1
5, 273, 1, 1.65, 10, 100, 270, 1
5, 274, 1, 1.65, 15, 100, 315, 1
5, 275, 1, 1.6, 3, 100, 90, 0
5, 276, 1, 1.6, 1, 200, 270, 1
5, 277, 0, 1.6, 29, NaN, NaN, 0
5, 278, 1, 1.65, 17, 200, 135, 1
5, 279, 0, 1.6, 28, NaN, NaN, 0
5, 280, 1, 1.65, 10, 150, 180, 1
5, 281, 1, 1.6, 8, 400, 270, 0
5, 282, 1, 1.7, 19, 250, 270, 1
5, 283, 1, 1.7, 24, 300, 225, 1
5, 284, 1, 1.7, 26, 300, 270, 1
5, 285, 1, 1.7, 21, 200, 225, 1
5, 286, 1, 1.65, 18, 400, 0, 1
5, 287, 1, 1.65, 11, 250, 90, 1
5, 288, 1, 1.7, 22, 150, 135, 1
5, 289, 1, 1.7, 26, 350, 0, 1
5, 290, 1, 1.7, 23, 150, 315, 1
5, 291, 1, 1.6, 1, 50, 90, 1
5, 292, 0, 1.7, 250, NaN, NaN, 0
5, 293, 1, 1.65, 15, 200, 180, 0
5, 294, 1, 1.65, 17, 50, 225, 1
5, 295, 1, 1.65, 11, 100, 225, 1
5, 296, 1, 1.6, 7, 200, 225, 0
5, 297, 1, 1.6, 5, 150, 270, 0
5, 298, 1, 1.65, 18, 100, 225, 1
5, 299, 1, 1.6, 1, 250, 270, 0
5, 300, 1, 1.7, 25, 50, 225, 1
5, 301, 1, 1.7, 20, 400, 315, 0
5, 302, 1, 1.6, 3, 100, 45, 1
5, 303, 1, 1.65, 10, 200, 90, 1
5, 304, 1, 1.6, 1, 100, 270, 0
5, 305, 1, 1.65, 10, 350, 315, 0
5, 306, 0, 1.65, 184, NaN, NaN, 0
5, 307, 1, 1.65, 18, 250, 180, 0
5, 308, 1, 1.6, 2, 200, 180, 0
5, 309, 0, 1.6, 94, NaN, NaN, 0
5, 310, 1, 1.65, 16, 350, 45, 1
5, 311, 1, 1.65, 17, 250, 45, 1
5, 312, 1, 1.7, 20, 100, 180, 1
5, 313, 0, 1.65, 134, NaN, NaN, 0
5, 314, 1, 1.7, 21, 350, 0, 1
5, 315, 1, 1.7, 25, 50, 180, 1
5, 316, 0, 1.6, 49, NaN, NaN, 0
5, 317, 1, 1.7, 25, 300, 225, 1
5, 318, 1, 1.6, 8, 50, 225, 1
5, 319, 0, 1.65, 150, NaN, NaN, 0
5, 320, 0, 1.7, 246, NaN, NaN, 0
5, 321, 1, 1.65, 18, 400, 180, 0
5, 322, 1, 1.7, 26, 150, 225, 1
5, 323, 1, 1.7, 24, 400, 270, 1
5, 324, 1, 1.65, 17, 250, 135, 1
5, 325, 1, 1.7, 22, 50, 45, 1
5, 326, 1, 1.65, 18, 350, 90, 0
5, 327, 1, 1.65, 12, 200, 225, 0
5, 328, 0, 1.6, 98, NaN, NaN, 0
5, 329, 1, 1.6, 7, 100, 315, 1
5, 330, 1, 1.6, 2, 400, 225, 0
5, 331, 1, 1.65, 15, 150, 315, 1
5, 332, 1, 1.7, 21, 350, 180, 0
5, 333, 1, 1.7, 22, 350, 315, 1
5, 334, 1, 1.7, 24, 100, 45, 1
5, 335, 0, 1.7, 281, NaN, NaN, 0
5, 336, 1, 1.6, 3, 250, 225, 1
5, 337, 1, 1.65, 14, 200, 225, 0
5, 338, 1, 1.7, 20, 50, 180, 1
5, 339, 1, 1.6, 8, 100, 90, 1
5, 340, 1, 1.6, 9, 50, 45, 1
5, 341, 1, 1.65, 13, 100, 135, 1
5, 342, 1, 1.7, 25, 350, 225, 1
5, 343, 1, 1.6, 2, 150, 315, 0
5, 344, 1, 1.6, 1, 250, 0, 0
5, 345, 1, 1.7, 20, 300, 315, 1
5, 346, 1, 1.6, 4, 150, 45, 1
5, 347, 1, 1.7, 26, 100, 45, 1
5, 348, 1, 1.65, 17, 350, 315, 0
5, 349, 0, 1.65, 144, NaN, NaN, 0
5, 350, 0, 1.7, 236, NaN, NaN, 0
5, 351, 1, 1.7, 27, 350, 45, 1
5, 352, 1, 1.6, 4, 100, 270, 0
5, 353, 1, 1.6, 7, 400, 135, 0
5, 354, 1, 1.6, 1, 50, 225, 1
5, 355, 1, 1.6, 4, 100, 315, 1
5, 356, 1, 1.65, 18, 50, 135, 1
5, 357, 1, 1.65, 15, 250, 135, 1
5, 358, 1, 1.7, 20, 100, 90, 1
5, 359, 1, 1.65, 10, 350, 0, 1
5, 360, 1, 1.7, 22, 50, 0, 1
5, 361, 1, 1.7, 27, 150, 180, 1
5, 362, 1, 1.6, 3, 150, 270, 1
5, 363, 1, 1.6, 9, 300, 135, 0
5, 364, 1, 1.6, 8, 350, 90, 0
5, 365, 1, 1.6, 7, 300, 315, 0
5, 366, 1, 1.65, 14, 250, 45, 0
5, 367, 1, 1.7, 22, 300, 225, 1
5, 368, 1, 1.65, 11, 50, 315, 1
5, 369, 1, 1.65, 14, 50, 180, 1
5, 370, 1, 1.6, 7, 150, 180, 0
5, 371, 1, 1.65, 12, 350, 180, 0
5, 372, 1, 1.6, 8, 50, 315, 1
5, 373, 1, 1.6, 4, 100, 135, 1
5, 374, 0, 1.6, 76, NaN, NaN, 0
5, 375, 1, 1.65, 16, 100, 315, 1
5, 376, 1, 1.65, 13, 50, 0, 1
5, 377, 1, 1.6, 2, 400, 90, 0
5, 378, 1, 1.65, 11, 400, 0, 1
5, 379, 1, 1.6, 3, 350, 180, 0
5, 380, 1, 1.65, 13, 250, 225, 0
5, 381, 0, 1.6, 113, NaN, NaN, 0
5, 382, 1, 1.65, 15, 250, 225, 1
5, 383, 0, 1.6, 63, NaN, NaN, 0
5, 384, 1, 1.7, 25, 350, 270, 0
5, 385, 1, 1.65, 15, 50, 315, 1
5, 386, 1, 1.7, 24, 200, 315, 1
5, 387, 1, 1.6, 5, 400, 315, 0
5, 388, 0, 1.65, 182, NaN, NaN, 0
5, 389, 1, 1.65, 11, 400, 225, 1
5, 390, 1, 1.65, 16, 200, 135, 0
5, 391, 1, 1.7, 22, 50, 180, 1
5, 392, 0, 1.6, 73, NaN, NaN, 0
5, 393, 1, 1.6, 3, 400, 135, 0
5, 394, 0, 1.6, 109, NaN, NaN, 0
5, 395, 1, 1.7, 20, 150, 135, 1
5, 396, 1, 1.65, 14, 150, 0, 0
5, 397, 1, 1.6, 2, 300, 180, 0
5, 398, 1, 1.6, 4, 300, 315, 0
5, 399, 1, 1.7, 20, 350, 180, 0
5, 400, 1, 1.7, 27, 50, 135, 1
5, 401, 1, 1.7, 26, 250, 180, 0
5, 402, 1, 1.6, 2, 350, 180, 0
5, 403, 1, 1.65, 14, 400, 315, 0
5, 404, 1, 1.7, 23, 350, 315, 1
5, 405, 1, 1.65, 13, 150, 135, 1
5, 406, 1, 1.6, 8, 350, 180, 0
5, 407, 1, 1.6, 3, 400, 225, 0
5, 408, 0, 1.65, 199, NaN, NaN, 0
5, 409, 1, 1.65, 14, 50, 45, 1
5, 410, 1, 1.65, 11, 50, 0, 1
5, 411, 0, 1.65, 169, NaN, NaN, 0
5, 412, 1, 1.7, 22, 400, 45, 1
5, 413, 1, 1.65, 11, 100, 315, 1
5, 414, 1, 1.65, 10, 400, 135, 1
5, 415, 1, 1.7, 23, 50, 315, 1
5, 416, 1, 1.7, 21, 350, 90, 1
5, 417, 1, 1.6, 1, 100, 0, 0
5, 418, 1, 1.7, 19, 100, 45, 1
5, 419, 1, 1.6, 1, 300, 0, 0
5, 420, 1, 1.7, 20, 200, 0, 1
5, 421, 1, 1.7, 21, 300, 135, 0
5, 422, 1, 1.7, 23, 400, 180, 1
5, 423, 1, 1.6, 7, 50, 135, 1
5, 424, 1, 1.65, 11, 150, 45, 1
5, 425, 0, 1.7, 231, NaN, NaN, 0
5, 426, 1, 1.65, 13, 350, 90, 0
5, 427, 1, 1.65, 11, 350, 45, 1
5, 428, 1, 1.6, 5, 100, 270, 1
5, 429, 1, 1.65, 11, 100, 45, 1
5, 430, 1, 1.65, 12, 400, 0, 1
5, 431, 1, 1.65, 14, 200, 315, 1
5, 432, 1, 1.65, 15, 200, 0, 1
5, 433, 0, 1.7, 226, NaN, NaN, 0
5, 434, 1, 1.7, 24, 100, 225, 1
5, 435, 1, 1.7, 27, 200, 225, 1
5, 436, 1, 1.65, 14, 200, 0, 1
5, 437, 1, 1.6, 1, 300, 315, 0
5, 438, 1, 1.6, 8, 400, 315, 0
5, 439, 1, 1.65, 17, 250, 180, 0
5, 440, 1, 1.6, 9, 400, 315, 0
5, 441, 1, 1.7, 24, 350, 90, 1
5, 442, 1, 1.65, 11, 200, 45, 1
5, 443, 0, 1.7, 259, NaN, NaN, 0
5, 444, 1, 1.7, 23, 50, 0, 1
5, 445, 1, 1.7, 27, 150, 0, 1
5, 446, 1, 1.6, 7, 350, 270, 0
5, 447, 1, 1.65, 11, 200, 90, 1
5, 448, 1, 1.7, 27, 350, 0, 1
5, 449, 1, 1.7, 19, 50, 135, 1
5, 450, 1, 1.65, 14, 50, 270, 1
5, 451, 0, 1.6, 96, NaN, NaN, 0
5, 452, 1, 1.7, 23, 200, 90, 1
5, 453, 1, 1.65, 17, 50, 180, 1
5, 454, 1, 1.65, 16, 250, 90, 1
5, 455, 1, 1.65, 17, 300, 90, 1
5, 456, 1, 1.6, 3, 100, 270, 0
5, 457, 1, 1.65, 10, 350, 270, 1
5, 458, 1, 1.65, 11, 350, 0, 1
5, 459, 1, 1.7, 27, 250, 315, 1
5, 460, 1, 1.6, 1, 200, 0, 1
5, 461, 1, 1.65, 16, 350, 135, 0
5, 462, 1, 1.65, 14, 200, 45, 1
5, 463, 0, 1.65, 130, NaN, NaN, 1
5, 464, 1, 1.65, 18, 300, 45, 1
5, 465, 0, 1.65, 140, NaN, NaN, 0
5, 466, 1, 1.6, 7, 250, 315, 0
5, 467, 0, 1.6, 105, NaN, NaN, 0
5, 468, 1, 1.65, 11, 100, 135, 1
5, 469, 1, 1.65, 16, 400, 180, 0
5, 470, 1, 1.6, 7, 50, 225, 1
5, 471, 1, 1.65, 14, 350, 90, 0
5, 472, 1, 1.6, 2, 50, 0, 1
5, 473, 1, 1.7, 19, 150, 225, 1
5, 474, 1, 1.65, 15, 100, 225, 1
5, 475, 1, 1.65, 13, 350, 135, 0
5, 476, 0, 1.6, 71, NaN, NaN, 0
5, 477, 1, 1.7, 23, 50, 90, 1
5, 478, 1, 1.65, 12, 200, 0, 1
5, 479, 1, 1.65, 18, 100, 0, 1
5, 480, 0, 1.65, 165, NaN, NaN, 0
5, 481, 1, 1.65, 11, 400, 90, 1
5, 482, 1, 1.65, 17, 100, 270, 1
5, 483, 1, 1.7, 22, 100, 225, 1
5, 484, 1, 1.7, 26, 250, 315, 1
5, 485, 1, 1.6, 6, 150, 225, 1
5, 486, 1, 1.65, 18, 150, 180, 1
5, 487, 1, 1.65, 16, 150, 90, 1
5, 488, 1, 1.6, 4, 400, 45, 0
5, 489, 1, 1.6, 2, 200, 0, 0
5, 490, 1, 1.7, 21, 200, 0, 1
5, 491, 1, 1.6, 7, 350, 225, 0
5, 492, 0, 1.7, 200, NaN, NaN, 0
5, 493, 1, 1.7, 24, 50, 315, 1
5, 494, 1, 1.65, 15, 350, 180, 0
5, 495, 0, 1.65, 178, NaN, NaN, 0
5, 496, 1, 1.7, 24, 350, 270, 0
5, 497, 1, 1.6, 6, 350, 180, 0
5, 498, 1, 1.6, 5, 300, 45, 0
5, 499, 0, 1.7, 211, NaN, NaN, 0
5, 500, 1, 1.65, 12, 200, 270, 1
5, 501, 1, 1.65, 16, 150, 225, 1
5, 502, 1, 1.7, 26, 50, 90, 1
5, 503, 0, 1.6, 81, NaN, NaN, 0
5, 504, 1, 1.6, 2, 150, 45, 1
5, 505, 1, 1.7, 19, 50, 270, 1
5, 506, 1, 1.7, 20, 400, 45, 0
5, 507, 1, 1.6, 5, 100, 315, 0
5, 508, 0, 1.65, 172, NaN, NaN, 0
5, 509, 1, 1.65, 14, 300, 270, 1
5, 510, 1, 1.6, 9, 200, 225, 0
5, 511, 1, 1.7, 26, 150, 90, 1
5, 512, 1, 1.65, 13, 100, 225, 1
5, 513, 0, 1.6, 65, NaN, NaN, 0
5, 514, 1, 1.65, 12, 400, 180, 0
5, 515, 1, 1.7, 24, 100, 135, 1
5, 516, 1, 1.7, 25, 200, 180, 1
5, 517, 1, 1.65, 13, 400, 0, 0
5, 518, 1, 1.65, 16, 50, 270, 1
5, 519, 1, 1.7, 27, 100, 180, 1
5, 520, 1, 1.7, 19, 200, 180, 1
5, 521, 1, 1.65, 14, 150, 180, 0
5, 522, 1, 1.65, 15, 300, 0, 0
5, 523, 1, 1.7, 21, 200, 180, 1
5, 524, 1, 1.7, 23, 200, 315, 0
5, 525, 1, 1.7, 25, 250, 315, 1
5, 526, 1, 1.7, 22, 400, 0, 1
5, 527, 1, 1.65, 15, 250, 90, 0
5, 528, 1, 1.6, 7, 300, 270, 0
5, 529, 0, 1.65, 137, NaN, NaN, 0
5, 530, 1, 1.7, 20, 200, 135, 1
5, 531, 1, 1.65, 15, 150, 180, 0
5, 532, 1, 1.7, 19, 250, 0, 1
5, 533, 1, 1.7, 25, 250, 225, 0
5, 534, 1, 1.7, 20, 150, 315, 1
5, 535, 1, 1.6, 4, 100, 90, 1
5, 536, 1, 1.65, 13, 200, 45, 1
5, 537, 1, 1.6, 5, 400, 90, 1
5, 538, 1, 1.6, 5, 150, 225, 0
5, 539, 1, 1.6, 8, 50, 135, 1
5, 540, 1, 1.6, 3, 50, 45, 1
5, 541, 0, 1.7, 270, NaN, NaN, 0
5, 542, 1, 1.6, 9, 150, 225, 1
5, 543, 1, 1.7, 23, 350, 45, 1
5, 544, 1, 1.6, 9, 150, 90, 1
5, 545, 1, 1.6, 6, 100, 90, 0
5, 546, 0, 1.6, 50, NaN, NaN, 0
5, 547, 1, 1.65, 18, 400, 90, 1
5, 548, 1, 1.65, 17, 150, 180, 0
5, 549, 1, 1.65, 11, 150, 0, 1
5, 550, 1, 1.7, 26, 100, 0, 1
5, 551, 0, 1.7, 243, NaN, NaN, 0
5, 552, 1, 1.65, 14, 350, 0, 0
5, 553, 1, 1.65, 15, 50, 0, 1
5, 554, 0, 1.7, 283, NaN, NaN, 0
5, 555, 0, 1.65, 183, NaN, NaN, 0
5, 556, 1, 1.7, 20, 350, 225, 0
5, 557, 1, 1.6, 6, 100, 180, 1
5, 558, 1, 1.6, 3, 200, 270, 0
5, 559, 1, 1.6, 2, 200, 270, 1
5, 560, 1, 1.6, 1, 200, 135, 0
5, 561, 1, 1.65, 17, 150, 135, 1
5, 562, 1, 1.65, 11, 200, 315, 1
5, 563, 1, 1.6, 5, 200, 315, 1
5, 564, 1, 1.6, 3, 250, 45, 0
5, 565, 1, 1.65, 12, 50, 135, 1
5, 566, 1, 1.65, 16, 300, 225, 0
5, 567, 1, 1.6, 2, 350, 45, 0
5, 568, 1, 1.7, 21, 150, 315, 1
5, 569, 1, 1.6, 3, 200, 180, 0
5, 570, 1, 1.7, 24, 150, 0, 1
5, 571, 1, 1.65, 16, 250, 315, 1
5, 572, 1, 1.6, 5, 50, 225, 1
5, 573, 1, 1.6, 6, 200, 0, 0
5, 574, 0, 1.65, 121, NaN, NaN, 0
5, 575, 1, 1.65, 13, 250, 180, 0
5, 576, 1, 1.6, 8, 150, 270, 0
5, 577, 1, 1.7, 23, 150, 270, 1
5, 578, 1, 1.65, 13, 300, 90, 1
5, 579, 1, 1.7, 26, 400, 270, 0
5, 580, 1, 1.65, 18, 50, 270, 1
5, 581, 1, 1.6, 3, 400, 45, 0
5, 582, 1, 1.65, 10, 300, 0, 1
5, 583, 1, 1.7, 21, 150, 270, 1
5, 584, 1, 1.6, 4, 100, 45, 1
5, 585, 1, 1.6, 2, 250, 90, 1
5, 586, 1, 1.7, 26, 100, 90, 1
5, 587, 1, 1.7, 21, 400, 0, 0
5, 588, 1, 1.65, 10, 100, 45, 1
5, 589, 1, 1.6, 1, 300, 270, 0
5, 590, 1, 1.65, 16, 150, 135, 1
5, 591, 1, 1.65, 12, 350, 270, 0
5, 592, 1, 1.65, 12, 50, 0, 1
5, 593, 1, 1.6, 8, 250, 180, 0
5, 594, 1, 1.6, 6, 400, 90, 0
5, 595, 1, 1.6, 6, 250, 90, 0
5, 596, 0, 1.7, 268, NaN, NaN, 0
5, 597, 1, 1.65, 17, 100, 0, 1
5, 598, 1, 1.6, 2, 100, 135, 0
5, 599, 1, 1.65, 10, 150, 135, 0
5, 600, 1, 1.65, 17, 250, 90, 1
5, 601, 1, 1.6, 2, 50, 45, 1
5, 602, 1, 1.6, 6, 350, 0, 1
5, 603, 1, 1.6, 1, 350, 225, 0
5, 604, 1, 1.7, 22, 100, 45, 1
5, 605, 0, 1.7, 240, NaN, NaN, 0
5, 606, 1, 1.7, 27, 350, 225, 1
5, 607, 1, 1.65, 14, 50, 225, 1
5, 608, 1, 1.7, 24, 400, 225, 1
5, 609, 1, 1.7, 24, 50, 90, 1
5, 610, 1, 1.7, 20, 150, 225, 1
5, 611, 1, 1.7, 20, 50, 270, 1
5, 612, 1, 1.6, 6, 350, 315, 0
5, 613, 1, 1.6, 5, 250, 90, 0
5, 614, 0, 1.6, 101, NaN, NaN, 0
5, 615, 0, 1.6, 80, NaN, NaN, 0
5, 616, 1, 1.65, 12, 200, 135, 1
5, 617, 1, 1.6, 6, 100, 270, 1
5, 618, 0, 1.65, 197, NaN, NaN, 0
5, 619, 1, 1.65, 10, 150, 225, 0
5, 620, 1, 1.7, 19, 200, 270, 1
5, 621, 1, 1.6, 5, 50, 90, 1
5, 622, 1, 1.7, 23, 200, 0, 1
5, 623, 0, 1.65, 155, NaN, NaN, 0
5, 624, 1, 1.6, 1, 400, 180, 0
5, 625, 1, 1.7, 23, 350, 270, 1
5, 626, 1, 1.6, 5, 200, 270, 1
5, 627, 1, 1.7, 26, 200, 180, 1
5, 628, 1, 1.7, 21, 350, 135, 0
5, 629, 1, 1.6, 2, 50, 90, 1
5, 630, 1, 1.6, 4, 150, 270, 0
5, 631, 1, 1.6, 5, 400, 45, 0
5, 632, 1, 1.65, 16, 300, 0, 1
5, 633, 1, 1.7, 22, 400, 270, 1
5, 634, 1, 1.7, 24, 400, 315, 1
5, 635, 1, 1.65, 14, 150, 225, 1
5, 636, 1, 1.7, 20, 150, 45, 1
5, 637, 1, 1.65, 18, 200, 45, 1
5, 638, 1, 1.65, 13, 400, 270, 0
5, 639, 1, 1.7, 19, 200, 0, 1
5, 640, 1, 1.7, 24, 300, 270, 1
5, 641, 1, 1.6, 3, 300, 270, 0
5, 642, 1, 1.65, 13, 150, 90, 1
5, 643, 1, 1.7, 20, 250, 315, 1
5, 644, 1, 1.6, 8, 50, 180, 0
5, 645, 1, 1.65, 14, 400, 90, 1
5, 646, 1, 1.6, 9, 400, 45, 1
5, 647, 1, 1.6, 6, 250, 45, 0
5, 648, 1, 1.7, 20, 250, 45, 1
5, 649, 1, 1.7, 22, 50, 270, 1
5, 650, 1, 1.7, 25, 300, 270, 1
5, 651, 1, 1.65, 14, 250, 135, 1
5, 652, 1, 1.65, 18, 50, 0, 1
5, 653, 1, 1.65, 15, 350, 0, 0
5, 654, 1, 1.7, 19, 300, 45, 1
5, 655, 1, 1.65, 14, 300, 90, 1
5, 656, 1, 1.65, 18, 350, 180, 0
5, 657, 0, 1.7, 247, NaN, NaN, 0
5, 658, 1, 1.65, 17, 400, 90, 1
5, 659, 1, 1.65, 10, 150, 270, 0
5, 660, 1, 1.6, 4, 300, 225, 0
5, 661, 0, 1.7, 215, NaN, NaN, 0
5, 662, 1, 1.6, 1, 350, 0, 0
5, 663, 1, 1.6, 5, 100, 90, 1
5, 664, 1, 1.65, 13, 250, 90, 1
5, 665, 1, 1.65, 14, 300, 180, 0
5, 666, 1, 1.7, 19, 300, 90, 1
5, 667, 1, 1.7, 26, 400, 90, 1
5, 668, 1, 1.65, 12, 400, 225, 1
5, 669, 1, 1.7, 20, 200, 225, 1
5, 670, 1, 1.6, 7, 100, 180, 0
5, 671, 1, 1.65, 16, 200, 90, 1
5, 672, 1, 1.65, 12, 400, 45, 0
5, 673, 1, 1.65, 14, 350, 135, 0
5, 674, 1, 1.6, 3, 100, 135, 0
5, 675, 1, 1.6, 9, 200, 0, 1
5, 676, 1, 1.6, 2, 50, 135, 1
5, 677, 1, 1.6, 1, 150, 270, 0
5, 678, 1, 1.65, 12, 350, 90, 1
5, 679, 1, 1.65, 15, 350, 270, 0
5, 680, 1, 1.7, 27, 150, 225, 1
5, 681, 1, 1.7, 24, 300, 315, 1
5, 682, 1, 1.7, 27, 100, 0, 1
5, 683, 1, 1.7, 22, 200, 180, 1
5, 684, 0, 1.65, 116, NaN, NaN, 0
5, 685, 1, 1.65, 16, 50, 90, 1
5, 686, 0, 1.7, 217, NaN, NaN, 0
5, 687, 1, 1.65, 11, 50, 225, 1
5, 688, 1, 1.7, 19, 100, 0, 1
5, 689, 1, 1.6, 7, 200, 315, 0
5, 690, 1, 1.65, 10, 300, 180, 1
5, 691, 1, 1.65, 14, 300, 45, 0
5, 692, 1, 1.7, 20, 350, 45, 0
5, 693, 1, 1.65, 13, 100, 45, 1
5, 694, 1, 1.65, 15, 50, 90, 1
5, 695, 0, 1.7, 245, NaN, NaN, 0
5, 696, 1, 1.6, 5, 150, 315, 0
5, 697, 0, 1.7, 264, NaN, NaN, 0
5, 698, 1, 1.7, 19, 400, 315, 1
5, 699, 1, 1.7, 27, 300, 90, 1
5, 700, 0, 1.65, 192, NaN, NaN, 0
5, 701, 1, 1.7, 22, 150, 270, 1
5, 702, 0, 1.6, 104, NaN, NaN, 0
5, 703, 1, 1.65, 14, 300, 225, 0
5, 704, 1, 1.7, 20, 200, 315, 1
5, 705, 1, 1.65, 13, 200, 270, 1
5, 706, 1, 1.7, 20, 250, 225, 1
5, 707, 0, 1.6, 93, NaN, NaN, 0
5, 708, 1, 1.6, 2, 100, 0, 0
5, 709, 1, 1.6, 8, 300, 180, 0
5, 710, 1, 1.6, 7, 400, 270, 0
5, 711, 1, 1.7, 21, 400, 45, 0
5, 712, 1, 1.65, 12, 250, 0, 1
5, 713, 1, 1.6, 9, 350, 135, 0
5, 714, 1, 1.65, 16, 100, 0, 1
5, 715, 0, 1.7, 212, NaN, NaN, 0
5, 716, 1, 1.7, 26, 150, 0, 1
5, 717, 1, 1.65, 12, 400, 315, 1
5, 718, 1, 1.65, 14, 100, 180, 0
5, 719, 1, 1.65, 16, 150, 315, 1
5, 720, 1, 1.65, 12, 100, 225, 0
5, 721, 1, 1.7, 26, 300, 90, 1
5, 722, 1, 1.7, 27, 400, 135, 1
5, 723, 1, 1.6, 5, 50, 0, 1
5, 724, 1, 1.65, 12, 300, 315, 1
5, 725, 1, 1.65, 13, 50, 135, 1
5, 726, 0, 1.7, 254, NaN, NaN, 0
5, 727, 0, 1.65, 175, NaN, NaN, 0
5, 728, 1, 1.65, 18, 200, 270, 1
5, 729, 1, 1.6, 2, 200, 45, 0
5, 730, 1, 1.7, 25, 350, 180, 1
5, 731, 1, 1.7, 19, 250, 45, 1
5, 732, 1, 1.7, 27, 300, 0, 1
5, 733, 1, 1.7, 26, 100, 315, 1
5, 734, 1, 1.65, 14, 50, 90, 1
5, 735, 0, 1.65, 190, NaN, NaN, 0
5, 736, 1, 1.7, 25, 350, 315, 1
5, 737, 1, 1.7, 26, 250, 45, 1
5, 738, 1, 1.7, 21, 250, 45, 1
5, 739, 1, 1.65, 15, 400, 315, 0
5, 740, 1, 1.65, 16, 150, 45, 1
5, 741, 1, 1.6, 3, 250, 270, 1
5, 742, 1, 1.6, 4, 50, 225, 1
5, 743, 1, 1.6, 8, 200, 180, 0
5, 744, 1, 1.7, 19, 400, 225, 1
5, 745, 1, 1.6, 9, 100, 315, 1
5, 746, 1, 1.6, 2, 300, 0, 0
5, 747, 1, 1.7, 26, 350, 270, 0
5, 748, 1, 1.7, 20, 250, 135, 1
5, 749, 1, 1.6, 9, 350, 180, 0
5, 750, 1, 1.6, 9, 100, 225, 1
5, 751, 1, 1.6, 4, 350, 45, 0
5, 752, 0, 1.7, 282, NaN, NaN, 0
5, 753, 1, 1.7, 23, 350, 225, 0
5, 754, 1, 1.7, 21, 300, 90, 1
5, 755, 1, 1.65, 12, 300, 90, 1
5, 756, 1, 1.7, 26, 250, 90, 1
5, 757, 1, 1.6, 3, 250, 0, 0
5, 758, 1, 1.7, 27, 150, 315, 1
5, 759, 1, 1.7, 19, 100, 180, 1
5, 760, 1, 1.6, 1, 350, 315, 0
5, 761, 1, 1.7, 22, 50, 315, 1
5, 762, 1, 1.65, 17, 150, 270, 1
5, 763, 1, 1.7, 25, 150, 315, 1
5, 764, 0, 1.6, 103, NaN, NaN, 0
5, 765, 0, 1.7, 278, NaN, NaN, 0
5, 766, 1, 1.7, 19, 300, 135, 1
5, 767, 0, 1.7, 239, NaN, NaN, 0
5, 768, 1, 1.6, 7, 100, 0, 1
5, 769, 1, 1.6, 7, 300, 0, 0
5, 770, 0, 1.6, 75, NaN, NaN, 0
5, 771, 1, 1.6, 6, 400, 225, 0
5, 772, 1, 1.7, 20, 350, 90, 1
5, 773, 1, 1.65, 16, 200, 0, 1
5, 774, 1, 1.7, 25, 350, 45, 0
5, 775, 1, 1.7, 25, 400, 225, 1
5, 776, 1, 1.7, 19, 50, 0, 1
5, 777, 1, 1.65, 17, 300, 315, 1
5, 778, 1, 1.7, 26, 350, 315, 1
5, 779, 1, 1.7, 20, 400, 225, 0
5, 780, 1, 1.6, 1, 400, 135, 0
5, 781, 1, 1.6, 1, 50, 270, 1
5, 782, 1, 1.7, 27, 350, 180, 0
5, 783, 1, 1.7, 19, 250, 225, 1
5, 784, 1, 1.6, 3, 50, 90, 1
5, 785, 1, 1.65, 10, 200, 45, 0
5, 786, 0, 1.7, 257, NaN, NaN, 0
5, 787, 1, 1.6, 7, 200, 270, 0
5, 788, 1, 1.65, 18, 350, 0, 1
5, 789, 1, 1.7, 22, 200, 225, 1
5, 790, 0, 1.65, 142, NaN, NaN, 0
5, 791, 1, 1.65, 15, 150, 45, 1
5, 792, 1, 1.6, 7, 350, 135, 0
5, 793, 1, 1.65, 13, 300, 0, 0
5, 794, 1, 1.7, 23, 350, 0, 1
5, 795, 0, 1.7, 241, NaN, NaN, 0
5, 796, 1, 1.65, 18, 50, 90, 1
5, 797, 1, 1.6, 9, 250, 135, 0
5, 798, 1, 1.7, 25, 150, 0, 1
5, 799, 1, 1.6, 1, 150, 135, 0
5, 800, 1, 1.65, 12, 100, 0, 1
5, 801, 1, 1.6, 9, 250, 315, 0
5, 802, 1, 1.6, 5, 100, 180, 0
5, 803, 1, 1.7, 23, 150, 45, 1
5, 804, 1, 1.6, 4, 150, 135, 1
5, 805, 1, 1.6, 7, 150, 90, 1
5, 806, 1, 1.7, 21, 300, 45, 0
5, 807, 1, 1.6, 1, 250, 45, 0
5, 808, 0, 1.7, 206, NaN, NaN, 0
5, 809, 1, 1.6, 1, 50, 135, 1
5, 810, 1, 1.65, 11, 100, 0, 1
5, 811, 1, 1.7, 20, 250, 270, 1
5, 812, 1, 1.65, 17, 300, 225, 0
5, 813, 0, 1.6, 34, NaN, NaN, 0
5, 814, 0, 1.6, 99, NaN, NaN, 1
5, 815, 1, 1.65, 14, 50, 0, 1
5, 816, 1, 1.65, 10, 400, 225, 1
5, 817, 1, 1.6, 9, 350, 270, 0
5, 818, 1, 1.6, 5, 350, 180, 0
5, 819, 1, 1.7, 19, 400, 180, 0
5, 820, 1, 1.65, 13, 150, 225, 0
5, 821, 1, 1.6, 5, 100, 0, 0
5, 822, 1, 1.65, 15, 400, 180, 0
5, 823, 1, 1.7, 26, 50, 0, 1
5, 824, 1, 1.7, 26, 50, 225, 1
5, 825, 1, 1.65, 16, 250, 225, 0
5, 826, 1, 1.7, 23, 50, 135, 1
5, 827, 1, 1.6, 4, 50, 180, 0
5, 828, 1, 1.7, 23, 250, 90, 1
5, 829, 1, 1.7, 27, 250, 45, 1
5, 830, 1, 1.65, 15, 200, 270, 1
5, 831, 0, 1.7, 262, NaN, NaN, 0
5, 832, 1, 1.7, 24, 250, 180, 1
5, 833, 0, 1.6, 41, NaN, NaN, 0
5, 834, 0, 1.7, 269, NaN, NaN, 0
5, 835, 0, 1.7, 256, NaN, NaN, 0
5, 836, 1, 1.7, 25, 150, 90, 1
5, 837, 1, 1.6, 2, 300, 45, 0
5, 838, 1, 1.65, 17, 100, 135, 1
5, 839, 1, 1.6, 9, 300, 0, 0
5, 840, 1, 1.65, 17, 350, 45, 1
5, 841, 1, 1.6, 5, 250, 0, 0
5, 842, 1, 1.65, 13, 200, 180, 0
5, 843, 1, 1.7, 22, 250, 45, 1
5, 844, 1, 1.65, 14, 150, 135, 0
5, 845, 0, 1.7, 229, NaN, NaN, 0
5, 846, 1, 1.65, 17, 200, 180, 0
5, 847, 1, 1.6, 6, 300, 135, 0
5, 848, 1, 1.65, 13, 50, 45, 1
5, 849, 1, 1.6, 5, 300, 0, 0
5, 850, 1, 1.7, 22, 350, 135, 1
5, 851, 1, 1.7, 22, 350, 180, 0
5, 852, 1, 1.65, 13, 400, 180, 0
5, 853, 1, 1.6, 8, 100, 0, 0
5, 854, 1, 1.7, 24, 200, 180, 1
5, 855, 1, 1.7, 24, 250, 90, 1
5, 856, 1, 1.65, 11, 350, 135, 1
5, 857, 1, 1.6, 4, 300, 90, 0
5, 858, 0, 1.6, 112, NaN, NaN, 0
5, 859, 1, 1.65, 12, 50, 225, 1
5, 860, 1, 1.65, 17, 300, 270, 1
5, 861, 1, 1.65, 18, 350, 270, 1
5, 862, 1, 1.7, 23, 300, 90, 1
5, 863, 1, 1.6, 1, 300, 135, 1
5, 864, 1, 1.7, 20, 50, 0, 1
5, 865, 1, 1.6, 6, 250, 0, 0
5, 866, 1, 1.6, 4, 50, 315, 1
5, 867, 1, 1.65, 10, 300, 90, 0
5, 868, 1, 1.7, 27, 300, 225, 1
5, 869, 0, 1.6, 110, NaN, NaN, 0
5, 870, 1, 1.65, 16, 50, 45, 1
5, 871, 0, 1.65, 162, NaN, NaN, 0
5, 872, 1, 1.6, 6, 200, 135, 0
5, 873, 1, 1.6, 6, 150, 270, 0
5, 874, 0, 1.65, 161, NaN, NaN, 0
5, 875, 1, 1.65, 12, 250, 225, 1
5, 876, 1, 1.6, 1, 350, 90, 0
5, 877, 1, 1.6, 4, 300, 0, 0
5, 878, 1, 1.6, 8, 100, 225, 1
5, 879, 1, 1.65, 15, 100, 135, 1
5, 880, 1, 1.6, 1, 200, 45, 1
5, 881, 1, 1.65, 16, 250, 180, 1
5, 882, 1, 1.65, 10, 400, 45, 1
5, 883, 1, 1.6, 7, 250, 90, 0
5, 884, 1, 1.6, 2, 250, 135, 1
5, 885, 1, 1.65, 10, 250, 270, 1
5, 886, 1, 1.7, 21, 150, 90, 1
5, 887, 1, 1.7, 20, 300, 180, 1
5, 888, 1, 1.65, 15, 50, 135, 1
5, 889, 1, 1.7, 21, 100, 225, 1
5, 890, 1, 1.7, 20, 200, 180, 0
5, 891, 0, 1.6, 51, NaN, NaN, 0
5, 892, 1, 1.65, 14, 400, 225, 0
5, 893, 1, 1.65, 17, 400, 180, 0
5, 894, 0, 1.7, 242, NaN, NaN, 0
5, 895, 1, 1.65, 10, 200, 270, 1
5, 896, 1, 1.6, 8, 150, 180, 0
5, 897, 1, 1.7, 22, 350, 90, 1
5, 898, 1, 1.7, 25, 100, 225, 1
5, 899, 1, 1.7, 20, 250, 0, 1
5, 900, 1, 1.6, 1, 400, 225, 0
5, 901, 1, 1.6, 3, 150, 45, 0
5, 902, 1, 1.7, 22, 100, 135, 1
5, 903, 1, 1.65, 16, 50, 135, 1
5, 904, 1, 1.65, 12, 250, 135, 1
5, 905, 1, 1.7, 26, 250, 225, 1
5, 906, 1, 1.65, 12, 350, 135, 0
5, 907, 1, 1.7, 21, 350, 315, 1
5, 908, 0, 1.65, 148, NaN, NaN, 1
5, 909, 1, 1.7, 22, 300, 180, 0
5, 910, 1, 1.7, 27, 250, 180, 1
5, 911, 1, 1.65, 15, 400, 45, 0
5, 912, 1, 1.6, 5, 250, 225, 0
5, 913, 1, 1.7, 25, 200, 90, 1
5, 914, 1, 1.7, 24, 100, 90, 1
5, 915, 1, 1.7, 26, 250, 0, 1
5, 916, 1, 1.6, 8, 400, 45, 0
5, 917, 1, 1.7, 21, 300, 180, 1
5, 918, 1, 1.6, 8, 350, 45, 0
5, 919, 1, 1.6, 7, 100, 225, 0
5, 920, 1, 1.7, 20, 50, 225, 1
5, 921, 1, 1.65, 11, 200, 180, 1
5, 922, 1, 1.65, 17, 50, 270, 1
5, 923, 1, 1.65, 11, 300, 90, 1
5, 924, 1, 1.6, 8, 400, 90, 0
5, 925, 1, 1.7, 22, 300, 90, 1
5, 926, 1, 1.65, 18, 400, 270, 1
5, 927, 0, 1.65, 177, NaN, NaN, 0
5, 928, 0, 1.65, 185, NaN, NaN, 0
5, 929, 1, 1.7, 19, 150, 45, 1
5, 930, 1, 1.6, 9, 150, 180, 0
5, 931, 1, 1.7, 25, 50, 315, 1
5, 932, 1, 1.65, 16, 150, 180, 0
5, 933, 1, 1.65, 11, 100, 270, 1
5, 934, 1, 1.65, 10, 250, 90, 1
5, 935, 0, 1.7, 213, NaN, NaN, 0
5, 936, 1, 1.7, 26, 300, 45, 1
5, 937, 1, 1.65, 12, 300, 225, 0
5, 938, 1, 1.65, 15, 300, 225, 0
5, 939, 1, 1.65, 13, 250, 45, 0
5, 940, 1, 1.7, 23, 250, 135, 1
5, 941, 1, 1.65, 16, 50, 315, 1
5, 942, 1, 1.6, 8, 200, 135, 0
5, 943, 1, 1.6, 4, 200, 135, 0
5, 944, 1, 1.65, 14, 350, 225, 0
5, 945, 0, 1.6, 85, NaN, NaN, 0
5, 946, 1, 1.6, 6, 250, 315, 0
5, 947, 1, 1.65, 12, 350, 45, 1
5, 948, 1, 1.7, 25, 50, 0, 1
5, 949, 1, 1.65, 16, 350, 270, 1
5, 950, 1, 1.65, 14, 400, 0, 0
5, 951, 1, 1.6, 8, 250, 315, 1
5, 952, 1, 1.65, 11, 200, 135, 1
5, 953, 1, 1.65, 11, 200, 270, 1
5, 954, 1, 1.7, 26, 400, 0, 0
5, 955, 1, 1.7, 21, 250, 0, 1
5, 956, 1, 1.7, 19, 50, 315, 1
5, 957, 1, 1.65, 15, 250, 45, 1
5, 958, 1, 1.65, 16, 400, 45, 0
5, 959, 1, 1.65, 14, 300, 315, 1
5, 960, 1, 1.65, 14, 250, 315, 1
5, 961, 0, 1.65, 122, NaN, NaN, 0
5, 962, 1, 1.65, 17, 400, 135, 0
5, 963, 1, 1.65, 15, 300, 90, 1
5, 964, 0, 1.6, 62, NaN, NaN, 0
5, 965, 1, 1.7, 21, 100, 180, 1
5, 966, 0, 1.6, 42, NaN, NaN, 0
5, 967, 1, 1.7, 25, 300, 90, 1
5, 968, 1, 1.6, 2, 150, 90, 1
5, 969, 1, 1.6, 3, 150, 90, 1
5, 970, 1, 1.7, 24, 150, 90, 1
5, 971, 1, 1.7, 27, 200, 180, 1
5, 972, 1, 1.65, 13, 100, 90, 1
5, 973, 1, 1.6, 3, 50, 135, 1
5, 974, 1, 1.6, 9, 400, 135, 0
5, 975, 1, 1.65, 10, 150, 0, 1
5, 976, 1, 1.65, 14, 350, 180, 0
5, 977, 1, 1.7, 22, 50, 135, 1
5, 978, 1, 1.7, 21, 400, 225, 0
5, 979, 1, 1.6, 8, 100, 45, 0
5, 980, 1, 1.7, 27, 100, 45, 1
5, 981, 1, 1.6, 7, 200, 135, 1
5, 982, 1, 1.6, 5, 150, 90, 0
5, 983, 1, 1.65, 18, 350, 225, 0
5, 984, 1, 1.6, 4, 250, 0, 0
5, 985, 1, 1.65, 15, 300, 270, 0
5, 986, 0, 1.7, 255, NaN, NaN, 0
5, 987, 1, 1.6, 5, 200, 90, 1
5, 988, 1, 1.6, 1, 250, 90, 0
5, 989, 1, 1.65, 14, 350, 45, 0
5, 990, 1, 1.6, 6, 350, 90, 0
5, 991, 1, 1.6, 7, 50, 180, 1
5, 992, 1, 1.6, 7, 150, 270, 0
5, 993, 1, 1.65, 10, 350, 135, 1
5, 994, 1, 1.7, 27, 200, 315, 1
5, 995, 0, 1.7, 219, NaN, NaN, 0
5, 996, 1, 1.6, 6, 100, 0, 0
5, 997, 1, 1.6, 8, 400, 0, 0
5, 998, 1, 1.65, 16, 300, 270, 1
5, 999, 1, 1.65, 15, 150, 0, 0
5, 1000, 1, 1.65, 13, 50, 315, 1
5, 1001, 1, 1.6, 3, 300, 135, 0
5, 1002, 1, 1.7, 19, 350, 315, 1
5, 1003, 1, 1.6, 2, 350, 315, 0
5, 1004, 1, 1.65, 12, 400, 90, 1
5, 1005, 1, 1.7, 21, 150, 135, 1
5, 1006, 1, 1.7, 22, 400, 90, 1
5, 1007, 1, 1.7, 25, 250, 45, 1
5, 1008, 1, 1.6, 7, 100, 135, 0
5, 1009, 1, 1.7, 27, 100, 90, 1
5, 1010, 1, 1.6, 2, 150, 0, 1
5, 1011, 1, 1.6, 3, 300, 225, 0
5, 1012, 0, 1.6, 72, NaN, NaN, 0
5, 1013, 0, 1.6, 43, NaN, NaN, 0
5, 1014, 1, 1.6, 4, 150, 180, 0
5, 1015, 1, 1.6, 5, 200, 0, 0
5, 1016, 1, 1.7, 24, 300, 135, 1
5, 1017, 1, 1.6, 2, 400, 180, 0
5, 1018, 1, 1.65, 15, 250, 180, 1
5, 1019, 1, 1.65, 15, 100, 270, 1
5, 1020, 1, 1.7, 22, 350, 0, 1
5, 1021, 0, 1.7, 284, NaN, NaN, 0
5, 1022, 1, 1.6, 6, 350, 225, 1
5, 1023, 1, 1.6, 5, 350, 270, 0
5, 1024, 1, 1.65, 10, 350, 90, 1
5, 1025, 1, 1.65, 13, 200, 135, 1
5, 1026, 1, 1.65, 12, 150, 180, 1
5, 1027, 1, 1.65, 13, 350, 315, 0
5, 1028, 1, 1.6, 6, 100, 225, 1
5, 1029, 1, 1.7, 26, 400, 135, 0
5, 1030, 1, 1.6, 3, 400, 90, 0
5, 1031, 0, 1.7, 221, NaN, NaN, 0
5, 1032, 1, 1.65, 11, 50, 45, 1
5, 1033, 1, 1.7, 24, 350, 0, 0
5, 1034, 1, 1.6, 9, 50, 225, 1
5, 1035, 1, 1.65, 17, 50, 90, 1
5, 1036, 1, 1.6, 7, 150, 45, 0
5, 1037, 1, 1.6, 8, 250, 45, 0
5, 1038, 1, 1.65, 11, 300, 45, 1
5, 1039, 1, 1.7, 24, 250, 0, 0
5, 1040, 1, 1.6, 9, 250, 90, 0
5, 1041, 1, 1.65, 10, 300, 45, 1
5, 1042, 1, 1.65, 12, 350, 0, 0
5, 1043, 1, 1.7, 27, 300, 270, 1
5, 1044, 1, 1.65, 13, 150, 45, 1
5, 1045, 1, 1.65, 18, 150, 270, 1
5, 1046, 1, 1.7, 27, 350, 270, 1
5, 1047, 0, 1.65, 114, NaN, NaN, 0
5, 1048, 1, 1.6, 6, 250, 135, 0
5, 1049, 1, 1.65, 13, 150, 315, 1
5, 1050, 1, 1.65, 14, 100, 90, 1
5, 1051, 0, 1.65, 125, NaN, NaN, 0
5, 1052, 1, 1.65, 18, 250, 90, 1
5, 1053, 1, 1.65, 11, 350, 180, 0
5, 1054, 0, 1.65, 138, NaN, NaN, 0
5, 1055, 1, 1.65, 12, 300, 180, 0
5, 1056, 0, 1.7, 205, NaN, NaN, 1
5, 1057, 1, 1.7, 26, 350, 135, 1
5, 1058, 0, 1.6, 54, NaN, NaN, 0
5, 1059, 1, 1.7, 27, 250, 225, 1
5, 1060, 0, 1.7, 279, NaN, NaN, 0
5, 1061, 1, 1.6, 3, 100, 0, 1
5, 1062, 1, 1.7, 22, 150, 315, 1
5, 1063, 1, 1.7, 22, 250, 90, 1
5, 1064, 1, 1.65, 10, 300, 135, 1
5, 1065, 1, 1.7, 19, 100, 315, 1
5, 1066, 1, 1.6, 5, 300, 270, 1
5, 1067, 1, 1.6, 9, 150, 315, 1
5, 1068, 1, 1.6, 2, 100, 225, 1
5, 1069, 1, 1.65, 17, 200, 45, 1
5, 1070, 1, 1.6, 5, 150, 45, 1
5, 1071, 1, 1.65, 10, 50, 180, 1
5, 1072, 1, 1.7, 22, 150, 45, 1
5, 1073, 1, 1.65, 17, 100, 45, 1
5, 1074, 1, 1.65, 13, 250, 315, 0
5, 1075, 1, 1.7, 24, 400, 0, 1
5, 1076, 1, 1.6, 7, 50, 0, 0
5, 1077, 1, 1.6, 3, 300, 315, 1
5, 1078, 1, 1.6, 6, 200, 225, 0
5, 1079, 1, 1.7, 22, 200, 0, 1
5, 1080, 1, 1.6, 1, 400, 315, 0
5, 1081, 1, 1.7, 21, 200, 45, 1
5, 1082, 1, 1.7, 26, 350, 225, 0
5, 1083, 1, 1.6, 2, 100, 315, 1
5, 1084, 1, 1.6, 9, 300, 45, 0
5, 1085, 1, 1.7, 20, 150, 270, 1
5, 1086, 1, 1.6, 4, 200, 180, 0
5, 1087, 1, 1.7, 24, 350, 315, 1
5, 1088, 1, 1.65, 16, 400, 225, 0
5, 1089, 1, 1.6, 3, 300, 90, 0
5, 1090, 1, 1.6, 8, 100, 180, 0
5, 1091, 1, 1.7, 24, 350, 135, 1
5, 1092, 1, 1.65, 16, 400, 135, 0
5, 1093, 1, 1.6, 2, 100, 270, 1
5, 1094, 1, 1.6, 1, 50, 315, 1
5, 1095, 1, 1.7, 25, 100, 135, 1
5, 1096, 1, 1.6, 2, 350, 135, 0
5, 1097, 1, 1.65, 10, 250, 45, 0
5, 1098, 1, 1.7, 25, 100, 45, 1
5, 1099, 1, 1.6, 4, 150, 315, 0
5, 1100, 0, 1.7, 285, NaN, NaN, 0
5, 1101, 1, 1.6, 6, 150, 315, 0
5, 1102, 1, 1.7, 25, 400, 315, 1
5, 1103, 1, 1.65, 10, 50, 315, 1
5, 1104, 1, 1.6, 1, 400, 45, 0
5, 1105, 1, 1.6, 1, 400, 270, 0
5, 1106, 1, 1.65, 12, 200, 90, 1
5, 1107, 1, 1.65, 10, 150, 45, 1
5, 1108, 1, 1.7, 24, 200, 225, 1
5, 1109, 1, 1.6, 3, 150, 225, 0
5, 1110, 0, 1.6, 58, NaN, NaN, 0
5, 1111, 1, 1.6, 1, 100, 180, 0
5, 1112, 1, 1.7, 20, 400, 0, 1
5, 1113, 1, 1.6, 3, 400, 180, 0
5, 1114, 1, 1.6, 8, 150, 45, 1
5, 1115, 1, 1.65, 11, 300, 180, 1
5, 1116, 1, 1.65, 14, 200, 270, 1
5, 1117, 1, 1.7, 24, 150, 225, 1
5, 1118, 1, 1.6, 7, 250, 225, 0
5, 1119, 1, 1.7, 19, 200, 90, 1
5, 1120, 1, 1.65, 10, 150, 90, 1
5, 1121, 1, 1.6, 6, 250, 270, 0
5, 1122, 1, 1.6, 9, 250, 180, 1
5, 1123, 1, 1.65, 11, 100, 90, 1
5, 1124, 1, 1.65, 16, 200, 180, 0
5, 1125, 1, 1.7, 20, 350, 135, 0
5, 1126, 1, 1.7, 21, 100, 45, 1
5, 1127, 1, 1.6, 7, 350, 0, 0
5, 1128, 0, 1.6, 55, NaN, NaN, 0
5, 1129, 1, 1.7, 24, 150, 270, 1
5, 1130, 1, 1.7, 24, 50, 270, 1
5, 1131, 1, 1.7, 21, 200, 90, 1
5, 1132, 1, 1.6, 8, 300, 225, 0
5, 1133, 1, 1.65, 10, 250, 180, 1
5, 1134, 1, 1.7, 23, 250, 0, 1
5, 1135, 1, 1.6, 9, 300, 225, 0
5, 1136, 1, 1.6, 1, 300, 225, 0
5, 1137, 1, 1.7, 27, 100, 135, 1
5, 1138, 1, 1.7, 26, 350, 45, 1
5, 1139, 1, 1.65, 12, 150, 225, 1
5, 1140, 1, 1.6, 8, 50, 270, 1
5, 1141, 1, 1.7, 26, 400, 225, 0
5, 1142, 1, 1.7, 21, 100, 0, 1
5, 1143, 1, 1.65, 17, 300, 180, 0
5, 1144, 1, 1.6, 6, 200, 270, 1
5, 1145, 0, 1.65, 146, NaN, NaN, 0
5, 1146, 1, 1.65, 12, 400, 270, 1
5, 1147, 0, 1.65, 179, NaN, NaN, 0
5, 1148, 0, 1.7, 225, NaN, NaN, 0
5, 1149, 1, 1.6, 8, 50, 45, 1
5, 1150, 1, 1.6, 4, 350, 315, 0
5, 1151, 1, 1.65, 13, 150, 180, 1
5, 1152, 1, 1.65, 13, 400, 90, 1
5, 1153, 1, 1.6, 9, 100, 45, 1
5, 1154, 1, 1.6, 4, 250, 225, 0
5, 1155, 1, 1.7, 25, 150, 180, 1
5, 1156, 1, 1.7, 23, 250, 45, 1
5, 1157, 1, 1.6, 1, 50, 180, 1
5, 1158, 1, 1.6, 2, 150, 180, 0
5, 1159, 1, 1.6, 6, 400, 135, 0
5, 1160, 0, 1.65, 167, NaN, NaN, 0
5, 1161, 1, 1.6, 4, 350, 0, 0
5, 1162, 1, 1.65, 13, 400, 45, 0
5, 1163, 1, 1.6, 5, 300, 225, 0
5, 1164, 1, 1.6, 8, 350, 225, 0
5, 1165, 1, 1.6, 9, 50, 180, 1
5, 1166, 1, 1.65, 11, 150, 90, 1
5, 1167, 1, 1.7, 19, 400, 90, 1
5, 1168, 1, 1.6, 2, 250, 315, 1
5, 1169, 1, 1.65, 14, 100, 0, 1
5, 1170, 1, 1.7, 22, 150, 90, 1
5, 1171, 1, 1.7, 25, 200, 225, 0
5, 1172, 1, 1.6, 9, 200, 270, 0
5, 1173, 1, 1.6, 5, 400, 270, 0
5, 1174, 1, 1.7, 26, 150, 315, 1
5, 1175, 1, 1.7, 23, 250, 270, 1
5, 1176, 1, 1.6, 8, 150, 135, 1
5, 1177, 1, 1.7, 27, 400, 180, 1
5, 1178, 1, 1.7, 25, 300, 0, 1
5, 1179, 1, 1.6, 9, 150, 0, 1
5, 1180, 1, 1.7, 26, 50, 270, 1
5, 1181, 0, 1.65, 152, NaN, NaN, 0
5, 1182, 1, 1.7, 27, 200, 135, 0
5, 1183, 1, 1.7, 23, 150, 0, 1
5, 1184, 1, 1.6, 6, 300, 90, 1
5, 1185, 0, 1.65, 126, NaN, NaN, 0
5, 1186, 1, 1.6, 6, 50, 315, 1
5, 1187, 1, 1.65, 12, 150, 135, 1
5, 1188, 0, 1.65, 174, NaN, NaN, 0
5, 1189, 1, 1.7, 26, 150, 270, 1
5, 1190, 1, 1.7, 23, 100, 135, 1
5, 1191, 1, 1.6, 1, 150, 90, 0
5, 1192, 1, 1.7, 21, 200, 315, 1
5, 1193, 1, 1.65, 11, 150, 270, 1
5, 1194, 1, 1.65, 10, 100, 0, 1
5, 1195, 1, 1.7, 25, 50, 45, 1
5, 1196, 0, 1.6, 102, NaN, NaN, 0
5, 1197, 1, 1.6, 6, 200, 315, 0
5, 1198, 1, 1.7, 20, 50, 45, 1
5, 1199, 1, 1.6, 8, 100, 135, 0
5, 1200, 1, 1.6, 2, 300, 135, 0
5, 1201, 1, 1.6, 8, 350, 0, 0
5, 1202, 1, 1.6, 9, 100, 135, 1
5, 1203, 0, 1.7, 230, NaN, NaN, 0
5, 1204, 1, 1.6, 4, 200, 270, 0
5, 1205, 1, 1.7, 20, 350, 270, 1
5, 1206, 0, 1.6, 33, NaN, NaN, 0
5, 1207, 1, 1.65, 13, 300, 45, 0
5, 1208, 1, 1.6, 9, 200, 180, 1
5, 1209, 1, 1.65, 10, 50, 135, 1
5, 1210, 1, 1.6, 8, 50, 90, 1
5, 1211, 1, 1.6, 6, 400, 180, 0
5, 1212, 1, 1.6, 1, 250, 180, 0
5, 1213, 0, 1.7, 266, NaN, NaN, 0
5, 1214, 1, 1.65, 17, 250, 0, 1
5, 1215, 0, 1.65, 135, NaN, NaN, 1
5, 1216, 1, 1.7, 22, 400, 135, 0
5, 1217, 0, 1.65, 153, NaN, NaN, 0
5, 1218, 1, 1.65, 16, 150, 270, 1
5, 1219, 1, 1.65, 11, 300, 135, 1
5, 1220, 1, 1.7, 20, 400, 180, 1
5, 1221, 1, 1.65, 18, 250, 0, 1
5, 1222, 0, 1.6, 88, NaN, NaN, 0
5, 1223, 0, 1.6, 111, NaN, NaN, 0
5, 1224, 1, 1.6, 3, 400, 315, 0
5, 1225, 1, 1.7, 20, 350, 0, 1
5, 1226, 1, 1.65, 13, 100, 180, 1
5, 1227, 1, 1.7, 22, 200, 270, 1
5, 1228, 0, 1.6, 38, NaN, NaN, 0
5, 1229, 1, 1.6, 2, 50, 270, 1
5, 1230, 1, 1.65, 12, 50, 180, 1
5, 1231, 1, 1.6, 2, 150, 270, 1
5, 1232, 1, 1.65, 16, 100, 225, 1
5, 1233, 1, 1.6, 3, 100, 225, 1
5, 1234, 1, 1.65, 12, 400, 135, 1
5, 1235, 1, 1.65, 18, 150, 90, 1
5, 1236, 1, 1.65, 14, 250, 180, 0
5, 1237, 1, 1.65, 13, 100, 315, 1
5, 1238, 1, 1.7, 27, 100, 225, 1
5, 1239, 1, 1.7, 19, 350, 180, 0
5, 1240, 1, 1.65, 18, 350, 45, 0
5, 1241, 1, 1.7, 22, 100, 315, 1
5, 1242, 1, 1.7, 25, 350, 0, 1
5, 1243, 1, 1.65, 17, 400, 0, 1
5, 1244, 1, 1.65, 11, 300, 270, 1
5, 1245, 1, 1.6, 8, 350, 315, 0
5, 1246, 1, 1.65, 13, 300, 180, 1
5, 1247, 1, 1.65, 13, 300, 135, 0
5, 1248, 1, 1.6, 3, 300, 45, 0
5, 1249, 1, 1.6, 5, 200, 45, 0
5, 1250, 1, 1.65, 18, 300, 0, 1
5, 1251, 1, 1.6, 6, 300, 270, 0
5, 1252, 1, 1.65, 17, 300, 45, 1
5, 1253, 0, 1.7, 209, NaN, NaN, 0
5, 1254, 1, 1.7, 27, 300, 135, 0
5, 1255, 1, 1.6, 4, 200, 315, 1
5, 1256, 1, 1.7, 19, 150, 180, 1
5, 1257, 1, 1.65, 14, 250, 270, 0
5, 1258, 0, 1.7, 249, NaN, NaN, 0
5, 1259, 1, 1.6, 8, 100, 315, 0
5, 1260, 1, 1.65, 12, 300, 270, 1
5, 1261, 1, 1.6, 5, 350, 90, 0
5, 1262, 0, 1.6, 83, NaN, NaN, 0
5, 1263, 1, 1.6, 3, 150, 315, 0
5, 1264, 0, 1.65, 123, NaN, NaN, 0
5, 1265, 1, 1.65, 17, 350, 135, 0
5, 1266, 1, 1.65, 18, 100, 315, 1
5, 1267, 1, 1.65, 15, 200, 45, 1
5, 1268, 0, 1.7, 261, NaN, NaN, 0
5, 1269, 1, 1.6, 5, 400, 225, 0
5, 1270, 1, 1.65, 17, 350, 0, 1
5, 1271, 1, 1.6, 9, 400, 180, 0
5, 1272, 1, 1.6, 6, 50, 270, 1
5, 1273, 1, 1.65, 11, 50, 90, 1
5, 1274, 1, 1.6, 7, 250, 0, 1
5, 1275, 1, 1.65, 18, 150, 225, 1
5, 1276, 1, 1.65, 12, 200, 315, 1
5, 1277, 1, 1.65, 18, 50, 315, 1
5, 1278, 1, 1.7, 26, 150, 45, 1
5, 1279, 1, 1.6, 4, 300, 180, 0
5, 1280, 0, 1.65, 170, NaN, NaN, 0
5, 1281, 1, 1.6, 7, 350, 45, 1
5, 1282, 1, 1.65, 16, 300, 180, 1
5, 1283, 0, 1.7, 220, NaN, NaN, 1
5, 1284, 1, 1.6, 2, 50, 180, 1
5, 1285, 1, 1.7, 21, 300, 225, 1
5, 1286, 1, 1.7, 25, 250, 135, 1
5, 1287, 1, 1.6, 6, 150, 90, 0
5, 1288, 1, 1.7, 22, 300, 45, 1
5, 1289, 0, 1.6, 53, NaN, NaN, 0
5, 1290, 1, 1.7, 24, 200, 0, 1
5, 1291, 1, 1.6, 5, 300, 180, 0
5, 1292, 1, 1.7, 24, 150, 180, 1
5, 1293, 1, 1.65, 14, 150, 270, 0
5, 1294, 1, 1.65, 11, 400, 270, 1
5, 1295, 1, 1.65, 15, 50, 225, 1
5, 1296, 1, 1.6, 7, 400, 180, 0
5, 1297, 1, 1.7, 21, 100, 90, 1
5, 1298, 1, 1.65, 18, 250, 135, 1
5, 1299, 1, 1.7, 25, 400, 270, 1
5, 1300, 1, 1.6, 3, 300, 0, 0
5, 1301, 1, 1.6, 1, 150, 225, 0
5, 1302, 1, 1.7, 21, 50, 0, 1
5, 1303, 1, 1.7, 23, 300, 225, 1
5, 1304, 1, 1.7, 21, 400, 180, 0
5, 1305, 1, 1.7, 22, 250, 135, 1
5, 1306, 1, 1.7, 25, 200, 270, 1
5, 1307, 1, 1.65, 10, 250, 225, 0
5, 1308, 1, 1.65, 17, 350, 90, 0
5, 1309, 1, 1.7, 19, 250, 180, 1
5, 1310, 1, 1.65, 16, 300, 135, 0
5, 1311, 1, 1.6, 9, 250, 0, 0
5, 1312, 1, 1.7, 24, 350, 180, 0
5, 1313, 1, 1.6, 3, 50, 180, 1
5, 1314, 1, 1.7, 23, 50, 180, 1
5, 1315, 1, 1.65, 18, 300, 90, 1
5, 1316, 1, 1.65, 15, 400, 90, 1
5, 1317, 1, 1.7, 26, 350, 180, 1
5, 1318, 1, 1.7, 25, 250, 180, 1
5, 1319, 1, 1.65, 11, 300, 225, 1
5, 1320, 1, 1.65, 18, 300, 315, 1
5, 1321, 1, 1.65, 15, 50, 180, 1
5, 1322, 1, 1.6, 2, 200, 135, 0
5, 1323, 1, 1.6, 8, 250, 90, 0
5, 1324, 1, 1.65, 10, 100, 180, 1
5, 1325, 1, 1.6, 4, 200, 0, 0
5, 1326, 1, 1.65, 17, 300, 135, 0
5, 1327, 1, 1.65, 13, 150, 270, 1
5, 1328, 1, 1.65, 17, 400, 45, 1
5, 1329, 1, 1.6, 3, 400, 0, 0
5, 1330, 1, 1.65, 13, 250, 270, 1
5, 1331, 1, 1.7, 27, 50, 225, 1
5, 1332, 0, 1.7, 277, NaN, NaN, 0
5, 1333, 1, 1.6, 7, 400, 225, 0
5, 1334, 0, 1.65, 156, NaN, NaN, 0
5, 1335, 1, 1.65, 16, 400, 270, 1
5, 1336, 1, 1.7, 23, 250, 315, 1
5, 1337, 0, 1.65, 147, NaN, NaN, 0
5, 1338, 1, 1.65, 14, 350, 315, 1
5, 1339, 1, 1.7, 19, 400, 45, 1
5, 1340, 1, 1.7, 24, 50, 45, 1
5, 1341, 1, 1.7, 27, 100, 270, 1
5, 1342, 1, 1.6, 7, 350, 315, 0
5, 1343, 1, 1.6, 2, 400, 0, 0
5, 1344, 0, 1.65, 136, NaN, NaN, 0
5, 1345, 1, 1.7, 23, 50, 225, 1
5, 1346, 1, 1.6, 2, 150, 135, 0
5, 1347, 1, 1.6, 6, 400, 0, 0
5, 1348, 1, 1.65, 13, 350, 270, 1
5, 1349, 1, 1.7, 27, 200, 0, 1
5, 1350, 1, 1.7, 19, 200, 135, 1
5, 1351, 1, 1.6, 1, 150, 180, 0
5, 1352, 1, 1.65, 17, 350, 270, 0
5, 1353, 1, 1.65, 12, 250, 315, 0
5, 1354, 1, 1.7, 23, 200, 270, 1
5, 1355, 1, 1.7, 27, 50, 90, 1
5, 1356, 1, 1.7, 26, 200, 0, 1
5, 1357, 1, 1.7, 27, 400, 90, 1
5, 1358, 1, 1.7, 22, 100, 0, 1
5, 1359, 0, 1.6, 59, NaN, NaN, 0
5, 1360, 1, 1.6, 2, 50, 315, 1
5, 1361, 1, 1.65, 17, 100, 315, 1
5, 1362, 1, 1.7, 25, 300, 180, 0
5, 1363, 1, 1.7, 23, 150, 225, 1
5, 1364, 1, 1.7, 19, 300, 315, 1
5, 1365, 1, 1.65, 18, 350, 135, 0
5, 1366, 0, 1.65, 132, NaN, NaN, 0
5, 1367, 1, 1.6, 7, 50, 45, 1
5, 1368, 1, 1.7, 22, 300, 135, 1
5, 1369, 1, 1.65, 18, 200, 180, 1
5, 1370, 1, 1.7, 27, 250, 90, 1
5, 1371, 1, 1.65, 15, 250, 0, 1
5, 1372, 1, 1.65, 14, 100, 270, 1
5, 1373, 1, 1.65, 11, 400, 180, 1
5, 1374, 1, 1.6, 3, 300, 180, 0
5, 1375, 1, 1.6, 7, 250, 270, 0
5, 1376, 1, 1.6, 5, 300, 315, 0
5, 1377, 1, 1.6, 1, 350, 45, 0
5, 1378, 1, 1.65, 11, 200, 225, 1
5, 1379, 1, 1.7, 26, 150, 135, 1
5, 1380, 1, 1.7, 24, 150, 135, 1
5, 1381, 0, 1.6, 91, NaN, NaN, 0
5, 1382, 0, 1.65, 124, NaN, NaN, 0
5, 1383, 1, 1.7, 20, 100, 135, 1
5, 1384, 1, 1.7, 25, 350, 90, 1
5, 1385, 1, 1.6, 8, 250, 225, 1
5, 1386, 1, 1.65, 11, 50, 135, 1
5, 1387, 1, 1.6, 6, 50, 90, 1
5, 1388, 1, 1.7, 25, 100, 315, 1
5, 1389, 1, 1.6, 1, 100, 45, 1
5, 1390, 1, 1.6, 6, 200, 180, 0
5, 1391, 1, 1.65, 10, 50, 45, 1
5, 1392, 0, 1.65, 151, NaN, NaN, 0
5, 1393, 1, 1.65, 17, 250, 270, 1
5, 1394, 1, 1.65, 14, 100, 135, 1
5, 1395, 1, 1.7, 20, 250, 180, 1
5, 1396, 1, 1.7, 24, 300, 45, 0
5, 1397, 1, 1.65, 16, 100, 270, 1
5, 1398, 1, 1.6, 9, 200, 45, 1
5, 1399, 1, 1.7, 23, 100, 315, 1
5, 1400, 1, 1.65, 14, 400, 45, 0
5, 1401, 1, 1.7, 19, 150, 315, 1
5, 1402, 1, 1.65, 15, 200, 225, 1
5, 1403, 1, 1.6, 4, 400, 90, 0
5, 1404, 1, 1.7, 26, 50, 45, 1
5, 1405, 1, 1.65, 14, 100, 315, 1
5, 1406, 1, 1.65, 11, 100, 180, 1
5, 1407, 1, 1.7, 27, 300, 180, 0
5, 1408, 0, 1.6, 70, NaN, NaN, 0
5, 1409, 0, 1.7, 204, NaN, NaN, 0
5, 1410, 1, 1.7, 19, 150, 270, 1
5, 1411, 0, 1.7, 271, NaN, NaN, 0
5, 1412, 1, 1.6, 2, 400, 315, 0
5, 1413, 1, 1.6, 6, 200, 45, 0
5, 1414, 1, 1.65, 15, 300, 315, 1
5, 1415, 1, 1.7, 27, 400, 270, 1
5, 1416, 1, 1.65, 14, 250, 225, 1
5, 1417, 0, 1.6, 90, NaN, NaN, 0
5, 1418, 1, 1.7, 24, 400, 135, 0
5, 1419, 0, 1.7, 216, NaN, NaN, 0
5, 1420, 1, 1.65, 16, 200, 225, 0
5, 1421, 1, 1.7, 25, 150, 225, 1
5, 1422, 1, 1.6, 4, 150, 225, 0
5, 1423, 1, 1.65, 15, 100, 90, 1
5, 1424, 1, 1.65, 15, 300, 45, 1
5, 1425, 0, 1.7, 260, NaN, NaN, 0
5, 1426, 1, 1.7, 20, 400, 90, 1
5, 1427, 1, 1.7, 20, 100, 225, 1
5, 1428, 1, 1.7, 26, 300, 135, 1
5, 1429, 1, 1.7, 20, 200, 90, 1
5, 1430, 1, 1.7, 25, 100, 180, 1
5, 1431, 1, 1.6, 2, 300, 90, 1
5, 1432, 1, 1.65, 11, 300, 315, 1
5, 1433, 1, 1.6, 2, 250, 180, 0
5, 1434, 1, 1.7, 24, 100, 180, 1
5, 1435, 1, 1.6, 9, 400, 225, 0
5, 1436, 0, 1.7, 238, NaN, NaN, 0
5, 1437, 1, 1.7, 24, 100, 270, 1
5, 1438, 1, 1.7, 26, 350, 90, 1
5, 1439, 0, 1.6, 92, NaN, NaN, 0
5, 1440, 0, 1.65, 131, NaN, NaN, 0
5, 1441, 1, 1.7, 26, 300, 0, 0
5, 1442, 1, 1.6, 5, 400, 0, 0
5, 1443, 1, 1.6, 9, 400, 90, 1
5, 1444, 1, 1.65, 10, 350, 225, 0
5, 1445, 1, 1.7, 21, 100, 270, 1
5, 1446, 0, 1.7, 267, NaN, NaN, 0
5, 1447, 1, 1.6, 7, 300, 225, 0
5, 1448, 1, 1.6, 6, 100, 45, 1
5, 1449, 1, 1.6, 8, 350, 135, 0
5, 1450, 1, 1.6, 5, 200, 225, 1
5, 1451, 1, 1.7, 24, 50, 180, 1
5, 1452, 1, 1.7, 21, 150, 45, 1
5, 1453, 1, 1.65, 17, 200, 0, 1
5, 1454, 1, 1.65, 17, 350, 180, 0
5, 1455, 1, 1.6, 4, 250, 270, 0
5, 1456, 1, 1.65, 17, 150, 90, 1
5, 1457, 1, 1.7, 25, 100, 90, 1
5, 1458, 0, 1.7, 228, NaN, NaN, 0
5, 1459, 1, 1.6, 2, 150, 225, 1
5, 1460, 1, 1.65, 10, 150, 315, 1
5, 1461, 1, 1.7, 26, 100, 135, 1
5, 1462, 1, 1.7, 20, 200, 45, 1
5, 1463, 1, 1.7, 23, 350, 180, 0
5, 1464, 1, 1.7, 21, 250, 90, 1
5, 1465, 1, 1.6, 7, 250, 180, 0
5, 1466, 1, 1.7, 25, 100, 0, 1
5, 1467, 0, 1.7, 214, NaN, NaN, 0
5, 1468, 1, 1.7, 19, 150, 135, 1
5, 1469, 1, 1.6, 7, 150, 315, 1
5, 1470, 1, 1.65, 15, 400, 135, 0
5, 1471, 1, 1.7, 27, 400, 225, 1
5, 1472, 1, 1.7, 22, 250, 270, 1
5, 1473, 1, 1.65, 12, 50, 45, 1
5, 1474, 0, 1.6, 87, NaN, NaN, 0
5, 1475, 1, 1.6, 3, 200, 225, 0
5, 1476, 1, 1.65, 16, 250, 45, 0
5, 1477, 1, 1.6, 7, 150, 0, 0
5, 1478, 1, 1.7, 19, 300, 225, 1
5, 1479, 1, 1.65, 16, 400, 90, 1
5, 1480, 1, 1.65, 16, 200, 45, 1
5, 1481, 0, 1.7, 273, NaN, NaN, 0
5, 1482, 1, 1.6, 7, 200, 180, 0
5, 1483, 1, 1.65, 18, 300, 180, 0
5, 1484, 1, 1.7, 19, 350, 225, 0
5, 1485, 1, 1.65, 14, 50, 135, 1
5, 1486, 1, 1.65, 10, 100, 225, 1
5, 1487, 0, 1.65, 129, NaN, NaN, 0
5, 1488, 1, 1.6, 4, 50, 90, 1
5, 1489, 1, 1.65, 11, 300, 0, 1
5, 1490, 1, 1.65, 13, 100, 270, 1
5, 1491, 1, 1.6, 4, 200, 225, 0
5, 1492, 1, 1.65, 14, 400, 135, 0
5, 1493, 1, 1.65, 18, 400, 315, 0
5, 1494, 1, 1.65, 17, 50, 45, 1
5, 1495, 1, 1.6, 3, 250, 315, 0
5, 1496, 1, 1.7, 20, 150, 180, 1
5, 1497, 1, 1.7, 22, 200, 45, 1
5, 1498, 1, 1.65, 16, 250, 270, 1
5, 1499, 0, 1.7, 218, NaN, NaN, 0
5, 1500, 1, 1.6, 5, 400, 180, 0
5, 1501, 1, 1.7, 21, 400, 90, 1
5, 1502, 1, 1.6, 2, 400, 135, 0
5, 1503, 1, 1.6, 4, 100, 225, 1
5, 1504, 1, 1.7, 20, 150, 0, 1
5, 1505, 0, 1.6, 39, NaN, NaN, 0
5, 1506, 1, 1.6, 1, 400, 90, 0
5, 1507, 1, 1.7, 22, 350, 270, 1
5, 1508, 1, 1.7, 23, 200, 225, 1
5, 1509, 1, 1.6, 3, 100, 180, 0
5, 1510, 1, 1.7, 24, 300, 180, 0
5, 1511, 1, 1.65, 10, 400, 315, 1
5, 1512, 0, 1.7, 258, NaN, NaN, 0
5, 1513, 1, 1.65, 18, 150, 45, 1
5, 1514, 1, 1.65, 16, 300, 45, 1
5, 1515, 1, 1.6, 7, 300, 90, 0
5, 1516, 1, 1.65, 12, 300, 45, 0
5, 1517, 1, 1.6, 9, 200, 135, 1
5, 1518, 1, 1.7, 21, 250, 225, 1
5, 1519, 1, 1.7, 19, 350, 135, 1
5, 1520, 1, 1.7, 25, 50, 270, 1
5, 1521, 1, 1.6, 1, 150, 45, 1
5, 1522, 1, 1.65, 15, 300, 135, 1
5, 1523, 1, 1.7, 20, 350, 315, 1
5, 1524, 1, 1.65, 18, 350, 315, 1
5, 1525, 0, 1.65, 117, NaN, NaN, 0
5, 1526, 1, 1.7, 23, 250, 180, 1
5, 1527, 1, 1.65, 11, 150, 315, 1
5, 1528, 1, 1.6, 1, 350, 180, 0
5, 1529, 0, 1.7, 234, NaN, NaN, 0
5, 1530, 0, 1.65, 163, NaN, NaN, 0
5, 1531, 1, 1.7, 21, 250, 180, 1
5, 1532, 1, 1.7, 23, 300, 0, 1
5, 1533, 1, 1.6, 8, 150, 225, 0
5, 1534, 0, 1.65, 118, NaN, NaN, 0
5, 1535, 1, 1.65, 10, 350, 180, 1
5, 1536, 1, 1.65, 18, 150, 135, 1
5, 1537, 1, 1.7, 25, 200, 45, 0
5, 1538, 1, 1.7, 27, 200, 90, 1
5, 1539, 1, 1.7, 25, 250, 270, 1
5, 1540, 0, 1.65, 193, NaN, NaN, 0
5, 1541, 1, 1.7, 23, 250, 225, 1
5, 1542, 1, 1.65, 18, 250, 315, 1
5, 1543, 1, 1.7, 21, 150, 0, 1
5, 1544, 0, 1.6, 68, NaN, NaN, 0
5, 1545, 1, 1.7, 19, 150, 90, 1
5, 1546, 1, 1.6, 4, 50, 270, 1
5, 1547, 1, 1.6, 9, 100, 180, 0
5, 1548, 1, 1.65, 18, 200, 0, 1
5, 1549, 1, 1.65, 16, 200, 270, 1
5, 1550, 1, 1.7, 19, 400, 0, 1
5, 1551, 1, 1.65, 14, 100, 225, 1
5, 1552, 1, 1.65, 18, 150, 0, 1
5, 1553, 1, 1.7, 26, 50, 135, 1
5, 1554, 1, 1.7, 20, 300, 90, 1
5, 1555, 1, 1.7, 24, 250, 135, 1
5, 1556, 1, 1.6, 3, 50, 270, 1
5, 1557, 1, 1.7, 20, 300, 225, 0
5, 1558, 1, 1.7, 21, 50, 90, 1
5, 1559, 1, 1.6, 3, 250, 90, 0
5, 1560, 1, 1.7, 26, 200, 315, 1
5, 1561, 1, 1.6, 9, 300, 315, 0
5, 1562, 1, 1.7, 19, 100, 225, 1
5, 1563, 1, 1.6, 9, 300, 90, 0
5, 1564, 1, 1.6, 9, 250, 45, 0
5, 1565, 0, 1.6, 67, NaN, NaN, 0
5, 1566, 0, 1.7, 252, NaN, NaN, 0
5, 1567, 1, 1.6, 7, 50, 90, 1
5, 1568, 1, 1.65, 15, 200, 315, 0
5, 1569, 1, 1.6, 8, 300, 135, 0
5, 1570, 1, 1.65, 10, 400, 90, 1
5, 1571, 1, 1.6, 3, 350, 135, 0
5, 1572, 1, 1.6, 7, 200, 45, 1
5, 1573, 1, 1.65, 12, 300, 135, 1
5, 1574, 1, 1.6, 9, 350, 225, 0
5, 1575, 0, 1.7, 202, NaN, NaN, 0
5, 1576, 0, 1.65, 173, NaN, NaN, 0
5, 1577, 1, 1.6, 4, 300, 135, 0
5, 1578, 0, 1.6, 52, NaN, NaN, 0
5, 1579, 1, 1.7, 23, 150, 90, 1
5, 1580, 1, 1.7, 22, 100, 270, 1
5, 1581, 1, 1.7, 27, 400, 0, 1
5, 1582, 1, 1.65, 12, 150, 0, 1
5, 1583, 1, 1.65, 18, 50, 45, 1
5, 1584, 1, 1.6, 2, 400, 45, 0
5, 1585, 1, 1.6, 6, 150, 0, 0
5, 1586, 1, 1.65, 17, 50, 135, 1
5, 1587, 1, 1.6, 5, 400, 135, 0
5, 1588, 0, 1.65, 164, NaN, NaN, 0
5, 1589, 1, 1.7, 24, 400, 90, 1
5, 1590, 1, 1.7, 25, 300, 315, 0
5, 1591, 1, 1.7, 19, 250, 90, 1
5, 1592, 0, 1.6, 48, NaN, NaN, 0
5, 1593, 1, 1.7, 24, 250, 270, 1
5, 1594, 1, 1.65, 18, 200, 225, 1
5, 1595, 1, 1.6, 1, 350, 270, 0
5, 1596, 1, 1.7, 25, 400, 180, 0
5, 1597, 0, 1.65, 149, NaN, NaN, 0
5, 1598, 1, 1.7, 19, 350, 90, 1
5, 1599, 1, 1.7, 20, 300, 135, 1
5, 1600, 0, 1.65, 191, NaN, NaN, 0
5, 1601, 1, 1.65, 12, 100, 270, 1
5, 1602, 1, 1.6, 1, 300, 90, 0
5, 1603, 1, 1.6, 2, 200, 225, 1
5, 1604, 1, 1.7, 19, 100, 135, 1
5, 1605, 1, 1.6, 8, 300, 0, 0
5, 1606, 1, 1.7, 25, 400, 90, 1
5, 1607, 0, 1.7, 227, NaN, NaN, 0
5, 1608, 1, 1.6, 9, 50, 270, 1
5, 1609, 1, 1.7, 24, 50, 0, 1
5, 1610, 1, 1.7, 25, 400, 45, 1
5, 1611, 1, 1.7, 26, 50, 180, 1
5, 1612, 1, 1.7, 26, 100, 270, 1
5, 1613, 1, 1.7, 21, 350, 45, 1
5, 1614, 1, 1.65, 15, 350, 315, 1
5, 1615, 1, 1.7, 21, 200, 135, 0
5, 1616, 1, 1.65, 12, 200, 180, 0
5, 1617, 1, 1.7, 27, 150, 45, 1
5, 1618, 1, 1.65, 16, 50, 225, 1
5, 1619, 0, 1.6, 66, NaN, NaN, 0
5, 1620, 1, 1.7, 21, 400, 315, 1
5, 1621, 1, 1.65, 12, 50, 90, 1
5, 1622, 0, 1.6, 107, NaN, NaN, 0
5, 1623, 0, 1.7, 248, NaN, NaN, 1
5, 1624, 1, 1.7, 21, 300, 270, 1
5, 1625, 0, 1.7, 265, NaN, NaN, 0
5, 1626, 1, 1.65, 17, 150, 225, 1
5, 1627, 1, 1.7, 24, 250, 225, 1
5, 1628, 1, 1.7, 22, 250, 315, 1
5, 1629, 1, 1.6, 5, 50, 315, 1
5, 1630, 1, 1.65, 10, 350, 45, 1
5, 1631, 1, 1.7, 19, 200, 315, 1
5, 1632, 1, 1.65, 18, 250, 270, 1
5, 1633, 1, 1.7, 23, 150, 135, 1
5, 1634, 1, 1.65, 13, 50, 180, 1
5, 1635, 0, 1.6, 31, NaN, NaN, 0
5, 1636, 1, 1.7, 27, 400, 45, 1
5, 1637, 1, 1.6, 1, 400, 0, 0
5, 1638, 1, 1.7, 20, 150, 90, 1
5, 1639, 0, 1.7, 253, NaN, NaN, 0
5, 1640, 1, 1.6, 3, 150, 135, 1
5, 1641, 1, 1.6, 6, 400, 45, 0
5, 1642, 1, 1.7, 26, 300, 315, 1
5, 1643, 1, 1.6, 2, 250, 270, 0
5, 1644, 1, 1.7, 27, 50, 270, 1
5, 1645, 1, 1.6, 6, 50, 225, 1
5, 1646, 1, 1.65, 17, 100, 180, 1
5, 1647, 0, 1.65, 133, NaN, NaN, 0
5, 1648, 1, 1.6, 5, 150, 0, 0
5, 1649, 1, 1.6, 9, 100, 90, 1
5, 1650, 1, 1.65, 17, 200, 90, 0
5, 1651, 1, 1.6, 9, 50, 135, 1
5, 1652, 1, 1.6, 4, 250, 180, 0
5, 1653, 1, 1.7, 21, 150, 180, 1
5, 1654, 1, 1.6, 1, 50, 0, 0
5, 1655, 1, 1.6, 9, 350, 315, 1
5, 1656, 1, 1.6, 6, 150, 45, 1
5, 1657, 1, 1.65, 15, 350, 45, 0
5, 1658, 1, 1.7, 20, 400, 135, 1
5, 1659, 1, 1.6, 4, 300, 45, 0
5, 1660, 1, 1.6, 1, 200, 315, 0
5, 1661, 1, 1.6, 8, 200, 315, 0
5, 1662, 1, 1.65, 15, 150, 90, 1
5, 1663, 1, 1.6, 5, 350, 135, 0
5, 1664, 1, 1.6, 4, 300, 270, 0
5, 1665, 1, 1.6, 9, 50, 0, 1
5, 1666, 1, 1.65, 10, 400, 0, 1
5, 1667, 1, 1.6, 4, 200, 90, 0
5, 1668, 1, 1.6, 2, 100, 45, 1
5, 1669, 1, 1.65, 11, 250, 0, 1
5, 1670, 0, 1.6, 100, NaN, NaN, 0
5, 1671, 1, 1.65, 16, 300, 90, 1
5, 1672, 1, 1.6, 9, 50, 90, 1
5, 1673, 1, 1.65, 15, 200, 135, 1
5, 1674, 1, 1.7, 22, 200, 315, 1
5, 1675, 1, 1.6, 4, 250, 135, 0
5, 1676, 0, 1.6, 30, NaN, NaN, 0
5, 1677, 1, 1.65, 13, 300, 315, 1
5, 1678, 1, 1.7, 20, 50, 135, 1
5, 1679, 1, 1.7, 19, 100, 270, 1
5, 1680, 1, 1.65, 15, 250, 270, 1
5, 1681, 1, 1.6, 9, 350, 0, 0
5, 1682, 1, 1.6, 7, 50, 270, 1
5, 1683, 1, 1.6, 8, 200, 225, 0
5, 1684, 1, 1.6, 1, 250, 315, 0
5, 1685, 1, 1.6, 1, 100, 90, 0
5, 1686, 1, 1.7, 21, 50, 45, 1
5, 1687, 1, 1.6, 2, 200, 315, 0
5, 1688, 1, 1.65, 10, 400, 270, 1
5, 1689, 1, 1.6, 9, 400, 0, 1
5, 1690, 1, 1.7, 19, 400, 135, 0
5, 1691, 1, 1.6, 5, 200, 180, 0
5, 1692, 1, 1.6, 4, 200, 45, 0
5, 1693, 1, 1.6, 6, 250, 180, 0
5, 1694, 1, 1.7, 21, 350, 225, 0
5, 1695, 1, 1.65, 16, 350, 180, 0
5, 1696, 1, 1.6, 8, 150, 0, 0
5, 1697, 1, 1.6, 6, 350, 135, 0
5, 1698, 1, 1.6, 4, 350, 135, 0
5, 1699, 1, 1.65, 10, 100, 135, 1
5, 1700, 0, 1.7, 210, NaN, NaN, 0
5, 1701, 1, 1.7, 21, 50, 225, 1
5, 1702, 1, 1.6, 4, 150, 90, 1
5, 1703, 0, 1.6, 56, NaN, NaN, 0
5, 1704, 1, 1.7, 25, 200, 315, 1
5, 1705, 1, 1.7, 22, 350, 225, 1
5, 1706, 1, 1.6, 7, 50, 315, 1
5, 1707, 1, 1.6, 3, 200, 45, 0
5, 1708, 1, 1.6, 4, 400, 135, 0
5, 1709, 1, 1.7, 19, 50, 180, 1
5, 1710, 1, 1.6, 6, 400, 270, 0
5, 1711, 1, 1.7, 19, 300, 270, 1
5, 1712, 1, 1.6, 4, 150, 0, 1
5, 1713, 1, 1.7, 19, 300, 0, 1
5, 1714, 1, 1.6, 3, 200, 0, 1
5, 1715, 0, 1.65, 189, NaN, NaN, 0
5, 1716, 1, 1.65, 16, 100, 180, 1
5, 1717, 0, 1.6, 95, NaN, NaN, 0
5, 1718, 1, 1.65, 13, 350, 0, 1
5, 1719, 1, 1.7, 24, 200, 135, 1
5, 1720, 0, 1.7, 201, NaN, NaN, 0
5, 1721, 1, 1.65, 11, 50, 180, 1
5, 1722, 1, 1.65, 17, 100, 90, 1
5, 1723, 0, 1.6, 69, NaN, NaN, 0
5, 1724, 1, 1.6, 8, 50, 0, 1
5, 1725, 0, 1.7, 274, NaN, NaN, 0
5, 1726, 1, 1.65, 14, 100, 45, 0
5, 1727, 1, 1.65, 11, 200, 0, 1
5, 1728, 1, 1.6, 4, 350, 225, 1
5, 1729, 1, 1.7, 20, 50, 315, 1
5, 1730, 0, 1.65, 171, NaN, NaN, 0
5, 1731, 1, 1.65, 16, 300, 315, 1
5, 1732, 1, 1.65, 18, 400, 135, 0
5, 1733, 1, 1.65, 11, 150, 180, 1
5, 1734, 1, 1.7, 23, 400, 90, 1
5, 1735, 1, 1.6, 9, 300, 270, 0
5, 1736, 0, 1.65, 159, NaN, NaN, 0
5, 1737, 1, 1.7, 25, 150, 45, 1
5, 1738, 1, 1.65, 12, 100, 45, 1
5, 1739, 1, 1.65, 12, 50, 270, 1
5, 1740, 1, 1.6, 6, 50, 0, 1
5, 1741, 1, 1.7, 19, 400, 270, 1
5, 1742, 0, 1.65, 181, NaN, NaN, 0
5, 1743, 1, 1.7, 20, 100, 270, 1
5, 1744, 0, 1.65, 186, NaN, NaN, 0
5, 1745, 1, 1.6, 4, 250, 90, 0
5, 1746, 1, 1.7, 19, 350, 0, 1
5, 1747, 1, 1.6, 5, 250, 270, 0
5, 1748, 1, 1.6, 7, 300, 45, 0
5, 1749, 1, 1.7, 24, 100, 0, 1
5, 1750, 1, 1.65, 11, 250, 180, 0
5, 1751, 1, 1.65, 10, 50, 225, 1
5, 1752, 1, 1.65, 17, 400, 225, 0
5, 1753, 1, 1.65, 15, 100, 180, 1
5, 1754, 1, 1.7, 21, 300, 315, 1
5, 1755, 1, 1.7, 24, 200, 270, 1
5, 1756, 1, 1.6, 9, 200, 90, 0
5, 1757, 1, 1.7, 24, 400, 45, 0
5, 1758, 0, 1.65, 198, NaN, NaN, 0
5, 1759, 1, 1.7, 20, 400, 270, 1
5, 1760, 1, 1.6, 9, 50, 315, 1
5, 1761, 1, 1.7, 21, 250, 135, 1
5, 1762, 1, 1.65, 10, 50, 270, 1
5, 1763, 1, 1.7, 19, 200, 45, 1
5, 1764, 1, 1.65, 14, 250, 0, 0
5, 1765, 0, 1.65, 127, NaN, NaN, 0
5, 1766, 1, 1.65, 14, 200, 180, 0
5, 1767, 1, 1.7, 20, 100, 45, 1
5, 1768, 1, 1.65, 14, 250, 90, 0
5, 1769, 1, 1.6, 8, 250, 0, 1
5, 1770, 1, 1.6, 6, 300, 315, 0
5, 1771, 0, 1.65, 128, NaN, NaN, 0
5, 1772, 1, 1.6, 8, 200, 0, 1
5, 1773, 0, 1.7, 272, NaN, NaN, 0
5, 1774, 1, 1.7, 26, 200, 225, 1
5, 1775, 1, 1.65, 11, 350, 225, 1
5, 1776, 1, 1.7, 23, 350, 135, 1
5, 1777, 1, 1.65, 13, 200, 0, 1
5, 1778, 0, 1.65, 119, NaN, NaN, 0
5, 1779, 1, 1.65, 13, 200, 315, 1
5, 1780, 1, 1.7, 19, 150, 0, 1
5, 1781, 1, 1.65, 10, 300, 225, 1
5, 1782, 1, 1.6, 7, 150, 225, 0
5, 1783, 1, 1.65, 12, 100, 90, 1
5, 1784, 1, 1.65, 18, 300, 135, 0
5, 1785, 1, 1.7, 23, 100, 90, 1
5, 1786, 1, 1.7, 22, 100, 180, 1
5, 1787, 1, 1.7, 27, 250, 270, 1
5, 1788, 1, 1.65, 16, 350, 0, 1
5, 1789, 1, 1.7, 27, 350, 315, 1
5, 1790, 1, 1.6, 5, 150, 135, 0
5, 1791, 1, 1.6, 1, 50, 45, 1
5, 1792, 1, 1.7, 22, 250, 180, 1
5, 1793, 1, 1.7, 22, 250, 0, 0
5, 1794, 1, 1.65, 18, 200, 90, 1
5, 1795, 0, 1.6, 64, NaN, NaN, 0
5, 1796, 1, 1.65, 10, 100, 90, 1
5, 1797, 1, 1.7, 22, 150, 180, 1
5, 1798, 1, 1.7, 23, 400, 270, 0
5, 1799, 1, 1.7, 27, 300, 315, 1
5, 1800, 1, 1.7, 19, 300, 180, 1
5, 1801, 1, 1.6, 4, 100, 180, 0
5, 1802, 1, 1.7, 22, 200, 135, 1
5, 1803, 1, 1.7, 26, 250, 135, 1
5, 1804, 1, 1.65, 12, 350, 225, 0
5, 1805, 1, 1.6, 6, 200, 90, 0
5, 1806, 1, 1.65, 13, 100, 0, 1
5, 1807, 1, 1.65, 16, 150, 0, 1
5, 1808, 1, 1.65, 11, 150, 135, 1
5, 1809, 1, 1.65, 13, 400, 135, 0
5, 1810, 1, 1.7, 20, 50, 90, 1
5, 1811, 0, 1.6, 32, NaN, NaN, 0
5, 1812, 0, 1.7, 232, NaN, NaN, 0
5, 1813, 1, 1.7, 22, 50, 225, 1
5, 1814, 1, 1.6, 7, 400, 315, 0
5, 1815, 1, 1.65, 11, 350, 315, 1
5, 1816, 1, 1.7, 19, 250, 315, 1
5, 1817, 1, 1.6, 9, 350, 90, 0
5, 1818, 1, 1.65, 13, 300, 270, 0
5, 1819, 1, 1.65, 17, 200, 315, 1
5, 1820, 1, 1.7, 24, 350, 225, 1
5, 1821, 1, 1.6, 2, 350, 90, 0
5, 1822, 1, 1.6, 5, 300, 135, 1
5, 1823, 1, 1.6, 9, 250, 270, 1
5, 1824, 1, 1.6, 2, 300, 315, 1
5, 1825, 1, 1.6, 5, 50, 180, 1
5, 1826, 1, 1.7, 23, 50, 45, 1
5, 1827, 1, 1.6, 4, 50, 135, 1
5, 1828, 0, 1.65, 154, NaN, NaN, 0
5, 1829, 1, 1.7, 27, 100, 315, 1
5, 1830, 1, 1.6, 2, 300, 225, 0
5, 1831, 1, 1.6, 8, 150, 90, 1
5, 1832, 1, 1.65, 14, 50, 315, 1
5, 1833, 1, 1.6, 6, 250, 225, 0
5, 1834, 1, 1.65, 16, 100, 90, 1
5, 1835, 1, 1.6, 5, 100, 225, 1
5, 1836, 1, 1.6, 3, 350, 0, 0
5, 1837, 1, 1.6, 2, 100, 180, 1
5, 1838, 1, 1.65, 13, 250, 135, 1
5, 1839, 1, 1.65, 12, 100, 180, 1
5, 1840, 1, 1.65, 12, 150, 315, 0
5, 1841, 1, 1.7, 20, 100, 315, 1
5, 1842, 1, 1.65, 10, 250, 135, 1
5, 1843, 1, 1.6, 7, 300, 135, 0
5, 1844, 0, 1.7, 237, NaN, NaN, 0
5, 1845, 1, 1.6, 6, 50, 180, 1
5, 1846, 1, 1.6, 2, 50, 225, 1
5, 1847, 1, 1.6, 2, 350, 270, 0
5, 1848, 1, 1.65, 14, 150, 45, 1
5, 1849, 1, 1.7, 23, 300, 270, 1
5, 1850, 1, 1.7, 27, 350, 135, 1
5, 1851, 1, 1.7, 26, 400, 180, 0
5, 1852, 1, 1.6, 8, 300, 315, 0
5, 1853, 1, 1.7, 26, 200, 270, 1
5, 1854, 1, 1.65, 11, 400, 45, 1
5, 1855, 1, 1.65, 17, 250, 225, 1
5, 1856, 1, 1.7, 20, 100, 0, 1
5, 1857, 0, 1.7, 207, NaN, NaN, 1
5, 1858, 1, 1.6, 3, 50, 225, 1
5, 1859, 1, 1.7, 26, 150, 180, 1
5, 1860, 1, 1.65, 17, 350, 225, 1
5, 1861, 0, 1.65, 160, NaN, NaN, 0
5, 1862, 1, 1.7, 19, 200, 225, 1
5, 1863, 1, 1.6, 1, 250, 135, 0
5, 1864, 1, 1.7, 23, 300, 45, 1
5, 1865, 1, 1.6, 4, 400, 270, 0
5, 1866, 1, 1.6, 3, 50, 315, 1
5, 1867, 1, 1.7, 23, 400, 135, 0
5, 1868, 0, 1.7, 244, NaN, NaN, 0
5, 1869, 1, 1.6, 3, 350, 90, 0
5, 1870, 1, 1.7, 27, 200, 45, 1
5, 1871, 1, 1.65, 11, 250, 315, 1
5, 1872, 1, 1.6, 6, 150, 135, 0
5, 1873, 1, 1.65, 14, 300, 0, 0
5, 1874, 1, 1.6, 5, 200, 135, 0
5, 1875, 1, 1.6, 2, 250, 225, 0
5, 1876, 1, 1.65, 18, 100, 270, 1
5, 1877, 1, 1.6, 2, 400, 270, 0
5, 1878, 1, 1.7, 24, 50, 135, 1
5, 1879, 0, 1.6, 37, NaN, NaN, 0
5, 1880, 1, 1.6, 7, 250, 135, 1
5, 1881, 1, 1.6, 8, 200, 90, 0
5, 1882, 1, 1.7, 24, 200, 45, 1
5, 1883, 1, 1.6, 7, 350, 90, 0
5, 1884, 1, 1.6, 9, 350, 45, 1
5, 1885, 1, 1.6, 9, 100, 270, 0
5, 1886, 1, 1.65, 10, 250, 0, 1
5, 1887, 0, 1.6, 82, NaN, NaN, 0
5, 1888, 1, 1.65, 16, 350, 315, 1
5, 1889, 1, 1.7, 27, 50, 45, 1
5, 1890, 1, 1.6, 1, 200, 180, 0
5, 1891, 1, 1.65, 16, 350, 225, 0
5, 1892, 1, 1.7, 23, 150, 180, 1
5, 1893, 0, 1.6, 84, NaN, NaN, 0
5, 1894, 0, 1.7, 251, NaN, NaN, 0
5, 1895, 1, 1.7, 24, 150, 45, 1
5, 1896, 1, 1.65, 10, 50, 0, 1
5, 1897, 1, 1.7, 27, 400, 315, 1
5, 1898, 1, 1.7, 25, 150, 135, 1
5, 1899, 1, 1.6, 3, 150, 0, 0
5, 1900, 1, 1.65, 12, 50, 315, 1
5, 1901, 1, 1.6, 7, 300, 180, 0
5, 1902, 0, 1.65, 139, NaN, NaN, 0
5, 1903, 1, 1.65, 11, 250, 270, 1
5, 1904, 1, 1.7, 27, 50, 180, 1
5, 1905, 0, 1.65, 194, NaN, NaN, 0
5, 1906, 1, 1.65, 13, 150, 0, 1
5, 1907, 1, 1.7, 24, 400, 180, 0
5, 1908, 0, 1.65, 176, NaN, NaN, 0
5, 1909, 1, 1.6, 6, 150, 180, 0
5, 1910, 1, 1.6, 4, 50, 0, 1
5, 1911, 1, 1.65, 14, 150, 90, 1
5, 1912, 1, 1.7, 22, 100, 90, 1
5, 1913, 1, 1.6, 5, 150, 180, 0
5, 1914, 1, 1.7, 22, 400, 180, 0
5, 1915, 1, 1.6, 5, 100, 45, 1
5, 1916, 1, 1.65, 12, 200, 45, 0
5, 1917, 1, 1.65, 17, 50, 315, 1
5, 1918, 1, 1.7, 26, 300, 180, 1
5, 1919, 1, 1.7, 26, 100, 225, 1
5, 1920, 1, 1.6, 5, 250, 180, 0
5, 1921, 1, 1.6, 8, 400, 225, 0
5, 1922, 1, 1.65, 15, 50, 270, 1
5, 1923, 1, 1.65, 13, 350, 180, 0
5, 1924, 1, 1.6, 7, 150, 135, 0
5, 1925, 1, 1.6, 3, 150, 180, 0
5, 1926, 1, 1.6, 4, 250, 45, 0
5, 1927, 0, 1.6, 61, NaN, NaN, 0
5, 1928, 1, 1.65, 11, 250, 225, 1
5, 1929, 0, 1.6, 57, NaN, NaN, 0
5, 1930, 1, 1.7, 25, 200, 135, 1
5, 1931, 1, 1.65, 18, 300, 270, 1
5, 1932, 1, 1.65, 17, 300, 0, 0
5, 1933, 1, 1.6, 8, 400, 135, 0
5, 1934, 1, 1.6, 3, 350, 270, 0
5, 1935, 1, 1.65, 17, 150, 315, 0
5, 1936, 0, 1.7, 224, NaN, NaN, 0
5, 1937, 1, 1.6, 1, 300, 45, 0
5, 1938, 1, 1.65, 11, 150, 225, 1
5, 1939, 1, 1.7, 22, 400, 315, 1
5, 1940, 1, 1.6, 4, 350, 180, 0
5, 1941, 1, 1.7, 20, 300, 270, 1
5, 1942, 1, 1.65, 15, 200, 90, 1
5, 1943, 1, 1.65, 16, 350, 90, 1
5, 1944, 1, 1.6, 1, 200, 225, 0
5, 1945, 1, 1.65, 18, 150, 315, 0
5, 1946, 1, 1.7, 27, 50, 315, 1
5, 1947, 1, 1.65, 15, 100, 0, 1
5, 1948, 1, 1.65, 18, 200, 315, 1
5, 1949, 1, 1.7, 27, 200, 270, 1
5, 1950, 1, 1.65, 17, 100, 225, 0
5, 1951, 1, 1.6, 1, 150, 315, 0
5, 1952, 1, 1.7, 24, 100, 315, 1
5, 1953, 0, 1.7, 223, NaN, NaN, 0
5, 1954, 1, 1.7, 23, 400, 315, 1
5, 1955, 1, 1.6, 8, 250, 270, 1
5, 1956, 1, 1.7, 25, 200, 0, 1
5, 1957, 1, 1.65, 10, 200, 315, 1
5, 1958, 1, 1.6, 2, 200, 90, 0
5, 1959, 1, 1.65, 16, 100, 135, 1
5, 1960, 1, 1.6, 4, 350, 90, 0
5, 1961, 1, 1.65, 13, 200, 90, 1
5, 1962, 1, 1.7, 27, 250, 0, 1
5, 1963, 1, 1.65, 16, 50, 0, 1
5, 1964, 1, 1.65, 16, 250, 135, 1
5, 1965, 0, 1.65, 195, NaN, NaN, 0
5, 1966, 1, 1.7, 21, 250, 315, 1
5, 1967, 1, 1.7, 22, 50, 90, 1
5, 1968, 1, 1.7, 22, 200, 90, 1
5, 1969, 1, 1.6, 1, 150, 0, 0
5, 1970, 1, 1.65, 16, 400, 0, 1
5, 1971, 1, 1.6, 2, 250, 0, 1
5, 1972, 1, 1.7, 23, 100, 0, 1
5, 1973, 1, 1.65, 16, 50, 180, 1
5, 1974, 1, 1.7, 25, 50, 135, 1
5, 1975, 1, 1.65, 10, 50, 90, 1
5, 1976, 1, 1.6, 1, 350, 135, 0
5, 1977, 1, 1.7, 24, 350, 45, 1
5, 1978, 1, 1.7, 19, 250, 135, 1
5, 1979, 1, 1.6, 8, 100, 270, 0
5, 1980, 1, 1.7, 24, 50, 225, 1
5, 1981, 1, 1.7, 25, 400, 135, 1
5, 1982, 1, 1.65, 18, 50, 225, 1
5, 1983, 1, 1.6, 9, 100, 0, 1
5, 1984, 1, 1.6, 3, 200, 90, 0
5, 1985, 1, 1.6, 6, 350, 45, 0
5, 1986, 1, 1.7, 23, 300, 180, 1
