participantNumber, trialNum, TargetPresent, beta, seed, x, y, RT
5, 1, 1, 1.6, 36, 916, 204, 2.440
5, 2, 1, 1.6, 41, 594, 779, 2.168
5, 3, 1, 1.7, 167, 293, 404, 1.063
5, 4, 0, 1.65, 155, NaN, NaN, -1.000
5, 5, 1, 1.65, 142, 719, 95, 1.517
5, 6, 1, 1.65, 108, 407, 424, 1.014
5, 7, 1, 1.7, 163, 180, 636, 1.279
5, 8, 1, 1.65, 86, 165, 894, 1.108
5, 9, 1, 1.6, 18, 312, 195, 4.786
5, 10, 0, 1.6, 75, NaN, NaN, -1.000
5, 11, 1, 1.6, 12, 456, 955, 3.452
5, 12, 1, 1.65, 146, 891, 788, 1.556
5, 13, 1, 1.7, 195, 789, 385, 0.988
5, 14, 1, 1.6, 52, 860, 644, 1.396
5, 15, 1, 1.6, 43, 215, 389, 1.032
5, 16, 1, 1.7, 223, 126, 781, 0.893
5, 17, 1, 1.65, 93, 433, 877, 0.919
5, 18, 1, 1.65, 138, 931, 611, 1.452
5, 19, 1, 1.7, 193, 581, 125, 1.239
5, 20, 1, 1.6, 39, 528, 342, 0.920
5, 21, 1, 1.65, 84, 470, 891, 2.201
5, 22, 1, 1.65, 106, 672, 402, 3.087
5, 23, 1, 1.65, 101, 636, 749, 0.985
5, 24, 1, 1.65, 112, 734, 524, 9.241
5, 25, 1, 1.65, 107, 643, 716, 0.966
5, 26, 0, 1.6, 78, NaN, NaN, -1.000
5, 27, 0, 1.6, 79, NaN, NaN, -1.000
5, 28, 1, 1.65, 99, 813, 943, 1.340
5, 29, 1, 1.6, 38, 292, 481, 6.004
5, 30, 0, 1.65, 158, NaN, NaN, -1.000
5, 31, 1, 1.6, 10, 204, 619, 1.454
5, 32, 1, 1.7, 192, 382, 76, 0.819
5, 33, 0, 1.7, 236, NaN, NaN, -1.000
5, 34, 1, 1.7, 220, 848, 940, 1.131
5, 35, 1, 1.65, 82, 322, 374, 2.343
5, 36, 1, 1.7, 212, 318, 798, 0.876
5, 37, 1, 1.7, 191, 384, 889, 0.666
5, 38, 1, 1.7, 215, 233, 529, 0.821
5, 39, 1, 1.7, 173, 462, 824, 1.038
5, 40, 1, 1.7, 206, 676, 220, 0.931
5, 41, 1, 1.65, 85, 957, 271, 1.339
5, 42, 1, 1.7, 211, 703, 694, 0.775
5, 43, 1, 1.7, 187, 719, 869, 0.872
5, 44, 1, 1.7, 230, 235, 883, 0.841
5, 45, 1, 1.7, 188, 215, 467, 1.921
5, 46, 1, 1.65, 136, 92, 278, 3.404
5, 47, 1, 1.65, 113, 796, 502, 0.986
5, 48, 1, 1.6, 66, 887, 238, 2.368
5, 49, 1, 1.6, 9, 143, 208, 1.239
5, 50, 0, 1.7, 237, NaN, NaN, -1.000
5, 51, 1, 1.6, 65, 280, 261, -1.000
5, 52, 0, 1.7, 232, NaN, NaN, -1.000
5, 53, 1, 1.6, 8, 421, 916, 5.999
5, 54, 1, 1.65, 132, 811, 835, 2.361
5, 55, 1, 1.6, 50, 451, 956, 13.482
5, 56, 1, 1.6, 13, 867, 538, 1.948
5, 57, 1, 1.7, 190, 576, 327, 0.731
5, 58, 1, 1.7, 216, 470, 721, 0.680
5, 59, 1, 1.65, 89, 441, 912, 0.893
5, 60, 1, 1.7, 194, 535, 120, 0.692
5, 61, 1, 1.65, 98, 430, 772, 1.272
5, 62, 1, 1.7, 181, 535, 956, 0.776
5, 63, 1, 1.6, 16, 852, 515, 1.590
5, 64, 1, 1.6, 14, 208, 689, 2.280
5, 65, 0, 1.7, 239, NaN, NaN, -1.000
5, 66, 1, 1.6, 33, 536, 902, 1.026
5, 67, 1, 1.65, 92, 160, 196, 1.573
5, 68, 1, 1.65, 149, 193, 503, 0.882
5, 69, 1, 1.6, 21, 155, 715, 1.169
5, 70, 1, 1.65, 87, 244, 662, 0.984
5, 71, 0, 1.65, 151, NaN, NaN, -1.000
5, 72, 0, 1.6, 80, NaN, NaN, -1.000
5, 73, 0, 1.6, 71, NaN, NaN, -1.000
5, 74, 1, 1.65, 81, 451, 349, 0.845
5, 75, 1, 1.65, 103, 583, 647, 4.204
5, 76, 1, 1.65, 90, 753, 704, 1.230
5, 77, 1, 1.6, 31, 380, 720, 1.212
5, 78, 1, 1.65, 115, 721, 497, 0.831
5, 79, 1, 1.6, 47, 220, 659, 2.458
5, 80, 0, 1.65, 153, NaN, NaN, -1.000
5, 81, 1, 1.6, 54, 622, 646, 13.790
5, 82, 1, 1.6, 61, 158, 692, 1.255
5, 83, 1, 1.7, 210, 553, 639, 1.117
5, 84, 1, 1.7, 203, 637, 574, 0.762
5, 85, 1, 1.65, 150, 420, 475, 0.967
5, 86, 1, 1.65, 109, 671, 858, 0.943
5, 87, 1, 1.65, 147, 455, 636, 0.868
5, 88, 1, 1.6, 11, 279, 204, 7.997
5, 89, 0, 1.6, 74, NaN, NaN, -1.000
5, 90, 1, 1.7, 168, 516, 740, 0.914
5, 91, 1, 1.6, 34, 278, 259, 2.173
5, 92, 0, 1.7, 235, NaN, NaN, -1.000
5, 93, 1, 1.6, 2, 913, 781, 1.218
5, 94, 1, 1.7, 189, 84, 872, 0.915
5, 95, 1, 1.65, 131, 920, 773, 0.843
5, 96, 1, 1.7, 214, 696, 77, 0.894
5, 97, 1, 1.7, 184, 917, 294, 0.859
5, 98, 1, 1.6, 20, 311, 555, 2.680
5, 99, 1, 1.65, 91, 355, 171, 2.380
5, 100, 1, 1.7, 224, 740, 668, 0.729
5, 101, 1, 1.7, 183, 461, 177, 0.702
5, 102, 1, 1.7, 170, 742, 289, 0.772
5, 103, 1, 1.7, 229, 478, 936, 0.942
5, 104, 1, 1.7, 221, 116, 832, 0.831
5, 105, 1, 1.7, 204, 250, 842, 0.655
5, 106, 1, 1.7, 169, 314, 115, 0.763
5, 107, 0, 1.6, 76, NaN, NaN, -1.000
5, 108, 1, 1.65, 104, 241, 562, 2.419
5, 109, 1, 1.6, 53, 137, 213, 19.680
5, 110, 1, 1.65, 126, 751, 433, 1.078
5, 111, 0, 1.65, 152, NaN, NaN, -1.000
5, 112, 1, 1.6, 23, 875, 608, 1.399
5, 113, 1, 1.65, 148, 254, 362, 2.320
5, 114, 1, 1.6, 25, 842, 661, 6.126
5, 115, 1, 1.65, 102, 199, 927, 0.798
5, 116, 1, 1.7, 166, 316, 422, 0.692
5, 117, 1, 1.6, 56, 700, 96, 1.328
5, 118, 1, 1.6, 46, 426, 313, 2.231
5, 119, 1, 1.7, 202, 135, 98, 0.833
5, 120, 1, 1.7, 213, 315, 949, 0.883
5, 121, 1, 1.65, 119, 369, 562, 0.636
5, 122, 1, 1.7, 199, 65, 271, 0.815
5, 123, 1, 1.6, 48, 745, 422, 9.943
5, 124, 1, 1.65, 110, 381, 436, 0.632
5, 125, 1, 1.7, 197, 105, 67, 2.092
5, 126, 1, 1.7, 227, 430, 219, 1.447
5, 127, 1, 1.6, 32, 712, 637, 1.090
5, 128, 1, 1.6, 3, 842, 456, 4.017
5, 129, 1, 1.65, 100, 865, 377, 1.295
5, 130, 1, 1.65, 133, 687, 206, 2.063
5, 131, 0, 1.7, 231, NaN, NaN, -1.000
5, 132, 1, 1.65, 83, 403, 606, 0.714
5, 133, 1, 1.6, 28, 350, 547, 1.084
5, 134, 1, 1.65, 118, 581, 843, 0.765
5, 135, 1, 1.65, 88, 141, 839, 1.999
5, 136, 1, 1.6, 63, 124, 462, 1.347
5, 137, 1, 1.7, 182, 731, 234, 0.916
5, 138, 1, 1.7, 162, 322, 623, 0.608
5, 139, 1, 1.6, 24, 509, 922, 2.832
5, 140, 1, 1.7, 209, 652, 175, 1.011
5, 141, 1, 1.65, 137, 419, 486, 0.809
5, 142, 1, 1.6, 29, 745, 317, 1.992
5, 143, 1, 1.7, 219, 790, 322, 0.570
5, 144, 1, 1.7, 198, 240, 956, 0.764
5, 145, 1, 1.7, 196, 296, 911, 0.656
5, 146, 1, 1.65, 117, 375, 144, 1.190
5, 147, 1, 1.6, 64, 734, 915, 3.903
5, 148, 1, 1.7, 200, 511, 298, 0.631
5, 149, 1, 1.6, 30, 859, 582, 5.464
5, 150, 1, 1.65, 140, 612, 166, 2.931
5, 151, 1, 1.6, 19, 199, 699, 2.092
5, 152, 1, 1.7, 176, 736, 583, 1.134
5, 153, 1, 1.6, 57, 377, 647, 0.956
5, 154, 1, 1.6, 45, 814, 61, 2.023
5, 155, 1, 1.6, 69, 657, 196, 9.782
5, 156, 1, 1.7, 171, 269, 726, 1.276
5, 157, 1, 1.6, 40, 444, 232, 7.601
5, 158, 1, 1.6, 67, 825, 931, 5.184
5, 159, 1, 1.65, 96, 410, 204, 2.451
5, 160, 1, 1.65, 114, 191, 718, 1.339
5, 161, 1, 1.65, 111, 609, 580, 0.729
5, 162, 1, 1.7, 172, 485, 925, 0.679
5, 163, 1, 1.6, 37, 306, 678, 1.076
5, 164, 1, 1.6, 60, 453, 362, 2.336
5, 165, 1, 1.6, 27, 351, 297, 0.759
5, 166, 0, 1.6, 72, NaN, NaN, -1.000
5, 167, 1, 1.65, 127, 567, 299, 1.038
5, 168, 1, 1.6, 42, 543, 656, 0.999
5, 169, 1, 1.6, 49, 763, 275, 2.006
5, 170, 1, 1.65, 128, 879, 344, 1.291
5, 171, 1, 1.6, 1, 622, 498, 0.976
5, 172, 1, 1.6, 6, 181, 416, 5.903
5, 173, 0, 1.7, 233, NaN, NaN, -1.000
5, 174, 0, 1.65, 160, NaN, NaN, -1.000
5, 175, 1, 1.7, 175, 404, 534, 0.656
5, 176, 1, 1.65, 139, 337, 490, 0.672
5, 177, 1, 1.7, 178, 376, 310, 0.644
5, 178, 1, 1.65, 97, 641, 751, 0.832
5, 179, 1, 1.65, 130, 632, 117, 3.122
5, 180, 1, 1.7, 225, 773, 680, 0.713
5, 181, 1, 1.7, 161, 626, 73, 0.690
5, 182, 1, 1.65, 123, 823, 86, 1.124
5, 183, 1, 1.65, 129, 366, 511, 0.793
5, 184, 1, 1.6, 17, 727, 440, 0.852
5, 185, 1, 1.65, 125, 895, 526, 0.731
5, 186, 1, 1.6, 4, 631, 811, 17.527
5, 187, 1, 1.65, 95, 710, 666, 0.727
5, 188, 1, 1.65, 120, 269, 612, 0.995
5, 189, 1, 1.6, 70, 865, 179, 1.018
5, 190, 1, 1.6, 59, 87, 466, 8.032
5, 191, 1, 1.7, 208, 676, 188, 1.282
5, 192, 0, 1.65, 159, NaN, NaN, -1.000
5, 193, 1, 1.6, 51, 700, 218, 1.037
5, 194, 0, 1.6, 77, NaN, NaN, -1.000
5, 195, 1, 1.6, 62, 716, 745, 5.204
5, 196, 1, 1.65, 134, 280, 642, 0.979
5, 197, 0, 1.65, 154, NaN, NaN, -1.000
5, 198, 1, 1.7, 179, 873, 778, 0.797
5, 199, 0, 1.65, 157, NaN, NaN, -1.000
5, 200, 1, 1.7, 186, 135, 964, 1.900
5, 201, 1, 1.7, 177, 90, 455, 0.621
5, 202, 1, 1.7, 185, 258, 956, 1.008
5, 203, 1, 1.7, 201, 785, 683, 0.677
5, 204, 1, 1.6, 44, 803, 698, 1.009
5, 205, 1, 1.65, 141, 832, 625, 0.707
5, 206, 1, 1.7, 180, 228, 721, 0.842
5, 207, 1, 1.6, 58, 735, 710, 1.431
5, 208, 1, 1.7, 226, 905, 279, 1.143
5, 209, 1, 1.65, 143, 436, 385, 1.095
5, 210, 1, 1.65, 145, 859, 463, 0.925
5, 211, 1, 1.7, 218, 389, 284, 0.709
5, 212, 1, 1.65, 135, 550, 61, 3.689
5, 213, 1, 1.6, 68, 238, 246, 2.100
5, 214, 1, 1.65, 105, 954, 344, 1.419
5, 215, 1, 1.6, 35, 897, 756, 20.926
5, 216, 1, 1.7, 217, 77, 198, 0.860
5, 217, 1, 1.7, 228, 871, 349, 0.733
5, 218, 1, 1.65, 116, 118, 681, 0.687
5, 219, 1, 1.6, 22, 388, 881, 5.928
5, 220, 1, 1.7, 205, 270, 772, 0.714
5, 221, 1, 1.7, 174, 849, 171, 1.124
5, 222, 1, 1.6, 7, 958, 939, 1.338
5, 223, 1, 1.65, 121, 769, 758, 0.776
5, 224, 0, 1.7, 238, NaN, NaN, -1.000
5, 225, 0, 1.7, 234, NaN, NaN, -1.000
5, 226, 1, 1.65, 122, 443, 650, 0.651
5, 227, 1, 1.6, 15, 698, 389, 0.988
5, 228, 1, 1.65, 94, 503, 836, 1.159
5, 229, 1, 1.6, 26, 838, 677, 0.766
5, 230, 1, 1.65, 144, 171, 854, 0.997
5, 231, 0, 1.7, 240, NaN, NaN, -1.000
5, 232, 1, 1.7, 164, 252, 602, 0.776
5, 233, 1, 1.65, 124, 617, 260, 1.921
5, 234, 1, 1.6, 55, 380, 589, 0.620
5, 235, 1, 1.7, 222, 931, 161, 1.395
5, 236, 0, 1.6, 73, NaN, NaN, -1.000
5, 237, 1, 1.7, 165, 350, 412, 0.537
5, 238, 1, 1.6, 5, 944, 756, 1.451
5, 239, 0, 1.65, 156, NaN, NaN, -1.000
5, 240, 1, 1.7, 207, 617, 620, 0.641
