participantNumber, trialNum, TargetPresent, beta, seed, x, y, RT
7, 1, 1, 1.7, 178, 376, 310, 0.584
7, 2, 1, 1.6, 14, 208, 689, 2.143
7, 3, 1, 1.65, 148, 254, 362, 4.242
7, 4, 1, 1.7, 193, 581, 125, 0.932
7, 5, 1, 1.65, 147, 455, 636, 0.971
7, 6, 1, 1.6, 69, 657, 196, 31.852
7, 7, 0, 1.6, 74, NaN, NaN, -1.000
7, 8, 0, 1.6, 80, NaN, NaN, -1.000
7, 9, 1, 1.65, 114, 191, 718, 3.602
7, 10, 1, 1.6, 61, 158, 692, 3.400
7, 11, 1, 1.65, 92, 160, 196, 0.804
7, 12, 0, 1.65, 158, NaN, NaN, -1.000
7, 13, 1, 1.65, 96, 410, 204, 2.303
7, 14, 1, 1.65, 130, 632, 117, 12.552
7, 15, 1, 1.65, 121, 769, 758, 0.778
7, 16, 1, 1.7, 201, 785, 683, 0.598
7, 17, 1, 1.7, 167, 293, 404, 0.634
7, 18, 1, 1.65, 109, 671, 858, 1.438
7, 19, 1, 1.65, 127, 567, 299, 0.993
7, 20, 0, 1.65, 157, NaN, NaN, -1.000
7, 21, 1, 1.65, 123, 823, 86, 2.188
7, 22, 1, 1.6, 46, 426, 313, 0.734
7, 23, 1, 1.6, 34, 278, 259, 2.008
7, 24, 1, 1.65, 113, 796, 502, 1.211
7, 25, 1, 1.7, 194, 535, 120, 0.770
7, 26, 1, 1.7, 225, 773, 680, 0.673
7, 27, 1, 1.6, 27, 351, 297, 1.413
7, 28, 1, 1.65, 91, 355, 171, 8.982
7, 29, 1, 1.6, 23, 875, 608, 2.034
7, 30, 1, 1.6, 38, 292, 481, 19.406
7, 31, 0, 1.7, 239, NaN, NaN, -1.000
7, 32, 0, 1.6, 71, NaN, NaN, -1.000
7, 33, 1, 1.7, 209, 652, 175, 0.613
7, 34, 1, 1.65, 82, 322, 374, 0.815
7, 35, 1, 1.7, 191, 384, 889, 0.739
7, 36, 1, 1.7, 163, 180, 636, 0.722
7, 37, 1, 1.65, 144, 171, 854, 0.869
7, 38, 0, 1.7, 238, NaN, NaN, -1.000
7, 39, 1, 1.6, 47, 220, 659, 1.132
7, 40, 1, 1.7, 219, 790, 322, 0.992
7, 41, 0, 1.7, 233, NaN, NaN, -1.000
7, 42, 1, 1.6, 4, 631, 811, 1.319
7, 43, 1, 1.6, 57, 377, 647, 1.232
7, 44, 1, 1.65, 117, 375, 144, 11.450
7, 45, 1, 1.6, 70, 865, 179, 1.543
7, 46, 1, 1.65, 119, 369, 562, 0.684
7, 47, 1, 1.65, 129, 366, 511, 0.918
7, 48, 1, 1.7, 214, 696, 77, 1.008
7, 49, 0, 1.65, 160, NaN, NaN, -1.000
7, 50, 1, 1.6, 35, 897, 756, 13.668
7, 51, 1, 1.65, 84, 470, 891, 2.597
7, 52, 1, 1.6, 11, 279, 204, 6.421
7, 53, 1, 1.6, 44, 803, 698, 5.117
7, 54, 1, 1.65, 141, 832, 625, 1.320
7, 55, 1, 1.6, 16, 852, 515, 1.593
7, 56, 1, 1.7, 168, 516, 740, 0.946
7, 57, 1, 1.7, 217, 77, 198, 2.705
7, 58, 1, 1.65, 90, 753, 704, 1.567
7, 59, 1, 1.65, 124, 617, 260, 0.884
7, 60, 1, 1.6, 45, 814, 61, 5.706
7, 61, 1, 1.6, 8, 421, 916, 3.763
7, 62, 1, 1.65, 104, 241, 562, 2.267
7, 63, 1, 1.7, 224, 740, 668, 0.900
7, 64, 1, 1.7, 182, 731, 234, 0.863
7, 65, 1, 1.65, 139, 337, 490, 0.900
7, 66, 1, 1.6, 17, 727, 440, 0.751
7, 67, 1, 1.65, 102, 199, 927, 1.116
7, 68, 1, 1.7, 229, 478, 936, 0.741
7, 69, 1, 1.7, 213, 315, 949, 1.234
7, 70, 1, 1.65, 108, 407, 424, 1.043
7, 71, 1, 1.65, 107, 643, 716, 0.708
7, 72, 1, 1.65, 83, 403, 606, 0.707
7, 73, 0, 1.65, 153, NaN, NaN, -1.000
7, 74, 1, 1.6, 65, 280, 261, 12.836
7, 75, 1, 1.65, 137, 419, 486, 0.626
7, 76, 1, 1.7, 161, 626, 73, 0.902
7, 77, 0, 1.6, 79, NaN, NaN, -1.000
7, 78, 1, 1.7, 170, 742, 289, 1.772
7, 79, 1, 1.65, 138, 931, 611, 3.699
7, 80, 1, 1.6, 32, 712, 637, 1.177
7, 81, 1, 1.65, 125, 895, 526, 1.103
7, 82, 1, 1.6, 9, 143, 208, 3.117
7, 83, 1, 1.65, 145, 859, 463, 2.144
7, 84, 1, 1.65, 101, 636, 749, 0.898
7, 85, 1, 1.6, 48, 745, 422, 1.935
7, 86, 1, 1.6, 56, 700, 96, 1.896
7, 87, 1, 1.6, 68, 238, 246, 0.972
7, 88, 1, 1.7, 171, 269, 726, 0.755
7, 89, 1, 1.6, 53, 137, 213, 5.645
7, 90, 1, 1.65, 81, 451, 349, 0.827
7, 91, 1, 1.65, 110, 381, 436, 0.803
7, 92, 1, 1.7, 177, 90, 455, 0.853
7, 93, 1, 1.65, 140, 612, 166, 0.862
7, 94, 1, 1.65, 116, 118, 681, 1.075
7, 95, 1, 1.65, 143, 436, 385, 3.357
7, 96, 1, 1.6, 2, 913, 781, 1.938
7, 97, 1, 1.6, 7, 958, 939, 2.647
7, 98, 1, 1.65, 122, 443, 650, 0.786
7, 99, 1, 1.65, 100, 865, 377, 1.869
7, 100, 1, 1.65, 88, 141, 839, 1.166
7, 101, 1, 1.65, 132, 811, 835, 2.464
7, 102, 1, 1.65, 146, 891, 788, 0.865
7, 103, 1, 1.6, 60, 453, 362, 1.746
7, 104, 0, 1.65, 159, NaN, NaN, 0.433
7, 105, 1, 1.6, 54, 622, 646, -1.000
7, 106, 1, 1.6, 42, 543, 656, 1.217
7, 107, 1, 1.65, 85, 957, 271, 1.627
7, 108, 1, 1.6, 15, 698, 389, 0.886
7, 109, 1, 1.6, 36, 916, 204, 1.939
7, 110, 1, 1.6, 3, 842, 456, 0.981
7, 111, 1, 1.6, 10, 204, 619, 1.447
7, 112, 1, 1.65, 93, 433, 877, 1.053
7, 113, 1, 1.7, 184, 917, 294, 1.627
7, 114, 1, 1.6, 50, 451, 956, 24.715
7, 115, 1, 1.6, 1, 622, 498, 1.678
7, 116, 1, 1.65, 142, 719, 95, 11.536
7, 117, 1, 1.7, 220, 848, 940, 1.288
7, 118, 1, 1.7, 176, 736, 583, 1.060
7, 119, 1, 1.65, 131, 920, 773, 1.042
7, 120, 0, 1.7, 231, NaN, NaN, -1.000
7, 121, 0, 1.7, 237, NaN, NaN, -1.000
7, 122, 1, 1.65, 150, 420, 475, 0.912
7, 123, 1, 1.7, 210, 553, 639, 0.901
7, 124, 1, 1.6, 26, 838, 677, 1.419
7, 125, 0, 1.65, 151, NaN, NaN, -1.000
7, 126, 1, 1.6, 29, 745, 317, 1.081
7, 127, 1, 1.7, 189, 84, 872, 2.274
7, 128, 1, 1.7, 204, 250, 842, 0.933
7, 129, 1, 1.7, 227, 430, 219, 0.826
7, 130, 1, 1.6, 24, 509, 922, 2.929
7, 131, 1, 1.6, 6, 181, 416, 27.414
7, 132, 1, 1.7, 180, 228, 721, 0.863
7, 133, 1, 1.65, 149, 193, 503, 0.877
7, 134, 1, 1.6, 41, 594, 779, 1.036
7, 135, 1, 1.6, 5, 944, 756, 6.100
7, 136, 1, 1.65, 97, 641, 751, 0.927
7, 137, 1, 1.6, 37, 306, 678, 0.801
7, 138, 1, 1.65, 112, 734, 524, 1.867
7, 139, 1, 1.7, 205, 270, 772, 0.818
7, 140, 1, 1.7, 172, 485, 925, 0.977
7, 141, 0, 1.65, 155, NaN, NaN, -1.000
7, 142, 1, 1.6, 18, 312, 195, 1.461
7, 143, 1, 1.7, 207, 617, 620, 0.721
7, 144, 0, 1.65, 152, NaN, NaN, -1.000
7, 145, 1, 1.6, 59, 87, 466, 1.663
7, 146, 0, 1.6, 75, NaN, NaN, -1.000
7, 147, 1, 1.6, 43, 215, 389, 0.683
7, 148, 0, 1.6, 76, NaN, NaN, -1.000
7, 149, 1, 1.7, 175, 404, 534, 0.598
7, 150, 1, 1.7, 183, 461, 177, 0.849
7, 151, 1, 1.7, 190, 576, 327, 0.841
7, 152, 0, 1.7, 240, NaN, NaN, -1.000
7, 153, 1, 1.7, 230, 235, 883, 0.892
7, 154, 1, 1.6, 22, 388, 881, 2.407
7, 155, 1, 1.7, 226, 905, 279, 2.072
7, 156, 0, 1.6, 78, NaN, NaN, -1.000
7, 157, 1, 1.7, 208, 676, 188, 0.874
7, 158, 1, 1.7, 166, 316, 422, 0.688
7, 159, 1, 1.65, 98, 430, 772, 0.780
7, 160, 1, 1.7, 211, 703, 694, 0.786
7, 161, 0, 1.6, 72, NaN, NaN, -1.000
7, 162, 1, 1.7, 223, 126, 781, 0.683
7, 163, 1, 1.6, 39, 528, 342, 0.743
7, 164, 1, 1.65, 134, 280, 642, 0.913
7, 165, 1, 1.7, 196, 296, 911, 0.886
7, 166, 1, 1.7, 215, 233, 529, 0.767
7, 167, 1, 1.6, 40, 444, 232, 3.659
7, 168, 0, 1.7, 236, NaN, NaN, -1.000
7, 169, 1, 1.7, 173, 462, 824, 1.106
7, 170, 1, 1.6, 52, 860, 644, 2.873
7, 171, 0, 1.65, 156, NaN, NaN, -1.000
7, 172, 1, 1.6, 55, 380, 589, 0.676
7, 173, 1, 1.6, 58, 735, 710, 1.059
7, 174, 1, 1.6, 67, 825, 931, 11.416
7, 175, 1, 1.7, 186, 135, 964, 1.163
7, 176, 1, 1.7, 200, 511, 298, 0.672
7, 177, 1, 1.6, 63, 124, 462, 1.624
7, 178, 1, 1.7, 195, 789, 385, 0.806
7, 179, 1, 1.6, 62, 716, 745, 2.284
7, 180, 1, 1.7, 188, 215, 467, 0.973
7, 181, 1, 1.6, 20, 311, 555, 1.166
7, 182, 1, 1.65, 103, 583, 647, 1.178
7, 183, 1, 1.7, 162, 322, 623, 1.224
7, 184, 1, 1.65, 135, 550, 61, 4.758
7, 185, 1, 1.6, 19, 199, 699, 1.693
7, 186, 1, 1.65, 115, 721, 497, 1.320
7, 187, 1, 1.7, 222, 931, 161, 1.249
7, 188, 1, 1.65, 136, 92, 278, 1.321
7, 189, 1, 1.6, 25, 842, 661, 2.040
7, 190, 1, 1.65, 128, 879, 344, 1.240
7, 191, 0, 1.7, 234, NaN, NaN, -1.000
7, 192, 1, 1.6, 12, 456, 955, 10.674
7, 193, 1, 1.65, 106, 672, 402, 3.113
7, 194, 1, 1.7, 199, 65, 271, 1.121
7, 195, 1, 1.6, 31, 380, 720, 1.144
7, 196, 1, 1.7, 187, 719, 869, 1.122
7, 197, 1, 1.7, 221, 116, 832, 0.842
7, 198, 1, 1.7, 206, 676, 220, 1.347
7, 199, 1, 1.65, 105, 954, 344, 1.658
7, 200, 1, 1.6, 33, 536, 902, 1.085
7, 201, 1, 1.7, 179, 873, 778, 1.156
7, 202, 1, 1.6, 28, 350, 547, 1.300
7, 203, 1, 1.7, 185, 258, 956, 2.287
7, 204, 0, 1.6, 77, NaN, NaN, -1.000
7, 205, 1, 1.6, 49, 763, 275, 4.048
7, 206, 1, 1.65, 99, 813, 943, 1.732
7, 207, 1, 1.7, 192, 382, 76, 0.656
7, 208, 0, 1.6, 73, NaN, NaN, -1.000
7, 209, 1, 1.6, 66, 887, 238, 5.054
7, 210, 1, 1.65, 87, 244, 662, 0.626
7, 211, 0, 1.7, 235, NaN, NaN, -1.000
7, 212, 1, 1.65, 95, 710, 666, 0.806
7, 213, 1, 1.7, 212, 318, 798, 0.818
7, 214, 1, 1.7, 218, 389, 284, 0.749
7, 215, 1, 1.65, 126, 751, 433, 1.017
7, 216, 1, 1.65, 120, 269, 612, 0.756
7, 217, 0, 1.7, 232, NaN, NaN, -1.000
7, 218, 1, 1.7, 198, 240, 956, 0.639
7, 219, 1, 1.65, 86, 165, 894, 1.047
7, 220, 1, 1.7, 216, 470, 721, 0.701
7, 221, 1, 1.6, 13, 867, 538, 1.696
7, 222, 1, 1.6, 21, 155, 715, 1.507
7, 223, 1, 1.65, 89, 441, 912, 1.828
7, 224, 1, 1.65, 118, 581, 843, 0.687
7, 225, 1, 1.65, 94, 503, 836, 3.073
7, 226, 1, 1.6, 64, 734, 915, 10.056
7, 227, 1, 1.7, 174, 849, 171, 1.192
7, 228, 1, 1.7, 203, 637, 574, 0.751
7, 229, 1, 1.6, 51, 700, 218, 0.980
7, 230, 0, 1.65, 154, NaN, NaN, -1.000
7, 231, 1, 1.65, 133, 687, 206, 0.760
7, 232, 1, 1.7, 164, 252, 602, 0.696
7, 233, 1, 1.7, 169, 314, 115, 1.207
7, 234, 1, 1.7, 228, 871, 349, 0.783
7, 235, 1, 1.65, 111, 609, 580, 0.592
7, 236, 1, 1.6, 30, 859, 582, 2.117
7, 237, 1, 1.7, 181, 535, 956, 0.960
7, 238, 1, 1.7, 202, 135, 98, 0.842
7, 239, 1, 1.7, 165, 350, 412, 3.583
7, 240, 1, 1.7, 197, 105, 67, 0.683
