participantNumber, trialNum, TargetPresent, beta, seed, r, phi, respose
6, 1, 1, 1.6, 3, 200, 315, 0
6, 2, 1, 1.7, 24, 400, 315, 0
6, 3, 1, 1.65, 16, 400, 90, 0
6, 4, 1, 1.7, 22, 250, 90, 0
6, 5, 1, 1.7, 25, 50, 90, 1
6, 6, 1, 1.7, 29, 300, 315, 0
6, 7, 0, 1.65, 219, NaN, NaN, 1
6, 8, 1, 1.7, 29, 150, 90, 1
6, 9, 1, 1.65, 13, 100, 180, 1
6, 10, 0, 1.65, 197, NaN, NaN, 0
6, 11, 1, 1.7, 21, 50, 225, 1
6, 12, 1, 1.6, 9, 150, 270, 0
6, 13, 1, 1.65, 19, 350, 90, 1
6, 14, 1, 1.6, 9, 100, 135, 1
6, 15, 1, 1.6, 6, 350, 315, 0
6, 16, 1, 1.6, 1, 100, 225, 1
6, 17, 1, 1.7, 25, 250, 225, 1
6, 18, 1, 1.65, 12, 200, 180, 1
6, 19, 1, 1.6, 8, 200, 315, 0
6, 20, 1, 1.65, 10, 200, 270, 1
6, 21, 0, 1.6, 77, NaN, NaN, 0
6, 22, 1, 1.65, 11, 400, 180, 0
6, 23, 1, 1.65, 17, 300, 180, 1
6, 24, 0, 1.65, 127, NaN, NaN, 0
6, 25, 1, 1.7, 28, 200, 180, 1
6, 26, 1, 1.7, 26, 300, 270, 1
6, 27, 0, 1.6, 89, NaN, NaN, 0
6, 28, 0, 1.65, 165, NaN, NaN, 0
6, 29, 1, 1.65, 20, 250, 180, 1
6, 30, 1, 1.6, 5, 200, 0, 0
6, 31, 1, 1.6, 7, 300, 135, 1
6, 32, 1, 1.6, 5, 200, 180, 1
6, 33, 1, 1.65, 16, 100, 135, 1
6, 34, 1, 1.65, 11, 200, 180, 1
6, 35, 1, 1.6, 3, 200, 0, 1
6, 36, 1, 1.65, 14, 100, 0, 1
6, 37, 1, 1.6, 1, 250, 315, 0
6, 38, 1, 1.65, 18, 150, 135, 1
6, 39, 1, 1.7, 30, 300, 225, 1
6, 40, 1, 1.7, 23, 300, 45, 0
6, 41, 1, 1.7, 19, 150, 225, 1
6, 42, 1, 1.6, 5, 50, 90, 0
6, 43, 1, 1.65, 10, 100, 135, 1
6, 44, 1, 1.6, 3, 300, 270, 0
6, 45, 1, 1.6, 10, 250, 180, 0
6, 46, 1, 1.7, 22, 150, 225, 1
6, 47, 1, 1.6, 7, 150, 180, 1
6, 48, 1, 1.7, 21, 350, 0, 0
6, 49, 1, 1.6, 9, 250, 0, 1
6, 50, 1, 1.7, 27, 150, 225, -1
6, 51, 1, 1.7, 30, 400, 0, -1
6, 52, 1, 1.65, 15, 200, 45, 1
6, 53, 1, 1.7, 29, 150, 0, 1
6, 54, 1, 1.6, 2, 300, 180, 0
6, 55, 1, 1.65, 17, 200, 90, 0
6, 56, 1, 1.6, 8, 350, 45, 0
6, 57, 1, 1.6, 6, 250, 315, 1
6, 58, 1, 1.6, 4, 100, 180, 0
6, 59, 1, 1.65, 18, 50, 90, 1
6, 60, 1, 1.6, 6, 100, 0, 0
6, 61, 1, 1.6, 8, 300, 135, 0
6, 62, 1, 1.65, 11, 250, 135, 1
6, 63, 1, 1.7, 24, 250, 135, 1
6, 64, 1, 1.6, 4, 250, 45, 0
6, 65, 1, 1.65, 18, 200, 90, 1
6, 66, 0, 1.6, 58, NaN, NaN, -1
6, 67, 1, 1.6, 5, 400, 90, 0
6, 68, 1, 1.6, 8, 400, 90, 0
6, 69, 0, 1.6, 84, NaN, NaN, 0
6, 70, 1, 1.6, 6, 50, 225, 1
6, 71, 1, 1.7, 25, 400, 135, 1
6, 72, 1, 1.7, 23, 200, 135, 1
6, 73, 1, 1.7, 28, 350, 135, 1
6, 74, 1, 1.65, 10, 350, 135, 1
6, 75, 1, 1.7, 25, 200, 135, 1
6, 76, 1, 1.65, 16, 250, 225, 1
6, 77, 1, 1.6, 10, 200, 225, 0
6, 78, 1, 1.6, 3, 300, 0, 0
6, 79, 1, 1.7, 25, 400, 315, 1
6, 80, 1, 1.7, 22, 50, 0, 1
6, 81, 1, 1.7, 28, 250, 270, 0
6, 82, 1, 1.6, 4, 300, 180, 0
6, 83, 1, 1.65, 20, 300, 135, 1
6, 84, 1, 1.65, 14, 250, 315, 0
6, 85, 1, 1.7, 29, 150, 270, 1
6, 86, 1, 1.65, 19, 100, 135, 1
6, 87, 1, 1.6, 10, 100, 90, 1
6, 88, 0, 1.6, 50, NaN, NaN, 1
6, 89, 1, 1.65, 11, 250, 225, 1
6, 90, 1, 1.6, 4, 50, 135, 1
6, 91, 1, 1.7, 26, 150, 270, 1
6, 92, 1, 1.65, 17, 400, 0, 0
6, 93, 1, 1.65, 11, 150, 135, 1
6, 94, 1, 1.7, 27, 200, 315, 1
6, 95, 1, 1.7, 30, 300, 315, 1
6, 96, 1, 1.65, 10, 350, 0, 0
6, 97, 0, 1.65, 189, NaN, NaN, 0
6, 98, 0, 1.7, 216, NaN, NaN, 0
6, 99, 1, 1.65, 13, 350, 45, 0
6, 100, 1, 1.7, 23, 350, 225, 1
6, 101, 1, 1.7, 27, 50, 180, 1
6, 102, 1, 1.6, 1, 350, 315, 0
6, 103, 1, 1.6, 9, 200, 180, 1
6, 104, 1, 1.7, 19, 200, 180, 1
6, 105, 1, 1.7, 21, 250, 45, 1
6, 106, 1, 1.65, 10, 50, 135, 1
6, 107, 1, 1.65, 15, 100, 45, 0
6, 108, 0, 1.6, 119, NaN, NaN, 1
6, 109, 1, 1.65, 16, 300, 0, 1
6, 110, 1, 1.7, 24, 100, 0, 1
6, 111, 1, 1.7, 21, 250, 270, 1
6, 112, 1, 1.6, 7, 50, 180, 1
6, 113, 1, 1.6, 8, 250, 180, 0
6, 114, 1, 1.7, 22, 150, 90, 1
6, 115, 0, 1.65, 206, NaN, NaN, 0
6, 116, 1, 1.7, 28, 300, 45, 1
6, 117, 1, 1.65, 10, 400, 45, 0
6, 118, 1, 1.6, 7, 50, 45, 1
6, 119, 1, 1.65, 18, 100, 0, -1
6, 120, 1, 1.6, 3, 50, 270, 1
6, 121, 1, 1.6, 5, 100, 0, 0
6, 122, 1, 1.6, 6, 200, 225, 0
6, 123, 1, 1.6, 3, 250, 45, 0
6, 124, 1, 1.65, 10, 400, 225, 1
6, 125, 1, 1.6, 2, 300, 135, 0
6, 126, 1, 1.6, 7, 250, 315, 0
6, 127, 1, 1.7, 28, 400, 270, 0
6, 128, 1, 1.65, 12, 100, 315, 1
6, 129, 1, 1.65, 11, 200, 225, 0
6, 130, 1, 1.6, 9, 400, 135, 1
6, 131, 1, 1.65, 16, 200, 45, 1
6, 132, 1, 1.6, 9, 350, 315, 0
6, 133, 1, 1.7, 30, 400, 90, 0
6, 134, 1, 1.65, 12, 150, 225, 0
6, 135, 1, 1.6, 8, 400, 225, 1
6, 136, 1, 1.7, 27, 150, 0, 1
6, 137, 1, 1.7, 28, 250, 180, 1
6, 138, 1, 1.7, 29, 200, 90, 1
6, 139, 1, 1.7, 29, 100, 270, 1
6, 140, 1, 1.6, 3, 350, 225, 1
6, 141, 1, 1.7, 24, 50, 90, 1
6, 142, 1, 1.6, 9, 250, 45, 1
6, 143, 0, 1.7, 234, NaN, NaN, 0
6, 144, 1, 1.65, 12, 350, 135, 1
6, 145, 1, 1.7, 24, 200, 45, 1
6, 146, 1, 1.7, 26, 400, 135, 1
6, 147, 1, 1.6, 3, 200, 225, 0
6, 148, 1, 1.65, 15, 400, 315, 0
6, 149, 1, 1.7, 29, 200, 135, 0
6, 150, 1, 1.65, 12, 400, 180, 0
6, 151, 1, 1.65, 14, 350, 45, 0
6, 152, 1, 1.7, 27, 150, 90, 1
6, 153, 1, 1.65, 14, 200, 225, 1
6, 154, 1, 1.7, 26, 350, 270, 0
6, 155, 1, 1.6, 1, 300, 45, 0
6, 156, 0, 1.65, 211, NaN, NaN, 0
6, 157, 1, 1.65, 19, 300, 270, 1
6, 158, 0, 1.6, 38, NaN, NaN, 1
6, 159, 0, 1.6, 45, NaN, NaN, 0
6, 160, 1, 1.65, 16, 50, 315, 1
6, 161, 1, 1.7, 21, 150, 225, 1
6, 162, 1, 1.65, 16, 150, 315, 1
6, 163, 1, 1.7, 20, 350, 45, 0
6, 164, 1, 1.65, 20, 400, 135, 1
6, 165, 1, 1.7, 21, 50, 180, 1
6, 166, 1, 1.65, 13, 150, 270, 1
6, 167, 1, 1.7, 28, 50, 225, 1
6, 168, 1, 1.6, 3, 200, 90, 0
6, 169, 1, 1.65, 20, 100, 90, 1
6, 170, 1, 1.6, 5, 100, 45, 0
6, 171, 1, 1.7, 21, 250, 315, 1
6, 172, 1, 1.6, 6, 400, 90, 0
6, 173, 1, 1.6, 1, 250, 0, 0
6, 174, 1, 1.6, 10, 350, 270, 0
6, 175, 1, 1.7, 19, 300, 270, 1
6, 176, 1, 1.65, 18, 150, 270, 0
6, 177, 1, 1.65, 11, 200, 315, 1
6, 178, 1, 1.65, 20, 200, 0, 1
6, 179, 1, 1.65, 12, 100, 90, 1
6, 180, 1, 1.7, 20, 250, 135, 1
6, 181, 1, 1.7, 28, 100, 90, 1
6, 182, 1, 1.7, 27, 200, 180, 1
6, 183, 0, 1.6, 121, NaN, NaN, 0
6, 184, 1, 1.65, 16, 250, 45, 0
6, 185, 1, 1.7, 30, 200, 270, 1
6, 186, 0, 1.6, 48, NaN, NaN, 0
6, 187, 1, 1.65, 11, 300, 180, 1
6, 188, 1, 1.65, 12, 300, 180, 0
6, 189, 0, 1.7, 279, NaN, NaN, 0
6, 190, 0, 1.6, 93, NaN, NaN, 1
6, 191, 1, 1.65, 10, 100, 90, 1
6, 192, 1, 1.7, 27, 50, 135, 1
6, 193, 1, 1.65, 10, 400, 90, 1
6, 194, 1, 1.6, 4, 200, 45, 1
6, 195, 1, 1.65, 18, 400, 270, 0
6, 196, 1, 1.7, 21, 350, 90, 1
6, 197, 1, 1.6, 4, 200, 0, 0
6, 198, 1, 1.65, 19, 400, 225, 1
6, 199, 1, 1.65, 13, 400, 90, 0
6, 200, 0, 1.6, 51, NaN, NaN, 1
6, 201, 1, 1.6, 9, 350, 135, 1
6, 202, 1, 1.65, 19, 200, 135, 0
6, 203, 1, 1.7, 29, 300, 45, 0
6, 204, 1, 1.6, 3, 50, 180, 1
6, 205, 1, 1.6, 7, 400, 135, 0
6, 206, 1, 1.6, 3, 50, 135, 1
6, 207, 1, 1.7, 30, 150, 270, 1
6, 208, 1, 1.7, 30, 50, 225, 1
6, 209, 1, 1.65, 12, 250, 225, 1
6, 210, 0, 1.65, 191, NaN, NaN, 0
6, 211, 1, 1.7, 22, 50, 90, 1
6, 212, 1, 1.7, 30, 50, 315, 1
6, 213, 1, 1.7, 23, 150, 315, 1
6, 214, 1, 1.7, 21, 200, 225, 1
6, 215, 1, 1.7, 20, 300, 90, 1
6, 216, 1, 1.65, 12, 50, 45, 1
6, 217, 1, 1.6, 6, 150, 45, 1
6, 218, 1, 1.6, 7, 200, 315, 0
6, 219, 1, 1.7, 29, 50, 135, 1
6, 220, 1, 1.6, 8, 400, 0, 0
6, 221, 1, 1.7, 24, 250, 225, 1
6, 222, 1, 1.7, 23, 250, 315, 1
6, 223, 1, 1.6, 6, 200, 270, -1
6, 224, 1, 1.7, 26, 50, 315, 1
6, 225, 1, 1.7, 23, 400, 225, 1
6, 226, 1, 1.7, 23, 250, 135, 1
6, 227, 1, 1.65, 11, 350, 225, 1
6, 228, 1, 1.65, 13, 150, 180, 1
6, 229, 0, 1.65, 188, NaN, NaN, 0
6, 230, 1, 1.6, 4, 250, 0, 0
6, 231, 1, 1.7, 24, 350, 90, 0
6, 232, 1, 1.6, 2, 350, 90, 0
6, 233, 1, 1.65, 17, 150, 225, 1
6, 234, 1, 1.6, 5, 50, 135, 1
6, 235, 1, 1.7, 24, 150, 180, 1
6, 236, 1, 1.6, 5, 150, 225, 0
6, 237, 1, 1.6, 1, 50, 45, 0
6, 238, 1, 1.6, 10, 150, 0, 1
6, 239, 0, 1.7, 239, NaN, NaN, 1
6, 240, 1, 1.65, 17, 250, 135, 1
6, 241, 1, 1.65, 11, 150, 180, 1
6, 242, 1, 1.65, 17, 300, 315, 0
6, 243, 1, 1.65, 15, 150, 90, 0
6, 244, 0, 1.65, 131, NaN, NaN, 0
6, 245, 1, 1.7, 21, 50, 0, 0
6, 246, 1, 1.6, 3, 400, 0, 0
6, 247, 1, 1.65, 19, 350, 225, 1
6, 248, 0, 1.6, 39, NaN, NaN, 1
6, 249, 0, 1.7, 290, NaN, NaN, 0
6, 250, 1, 1.65, 19, 350, 45, 1
6, 251, 1, 1.6, 1, 200, 135, 1
6, 252, 1, 1.65, 11, 250, 45, 1
6, 253, 1, 1.7, 29, 350, 180, 1
6, 254, 1, 1.65, 15, 250, 270, 1
6, 255, 0, 1.6, 33, NaN, NaN, 0
6, 256, 1, 1.6, 10, 400, 90, 1
6, 257, 1, 1.65, 15, 350, 45, 0
6, 258, 0, 1.6, 47, NaN, NaN, 0
6, 259, 1, 1.7, 25, 200, 225, 1
6, 260, 1, 1.7, 27, 300, 180, 1
6, 261, 1, 1.65, 20, 100, 0, 0
6, 262, 1, 1.6, 7, 100, 180, 1
6, 263, 1, 1.6, 6, 200, 0, 0
6, 264, 1, 1.6, 10, 400, 270, 0
6, 265, 1, 1.65, 14, 50, 45, 1
6, 266, 1, 1.7, 30, 400, 135, 1
6, 267, 1, 1.7, 29, 200, 270, 1
6, 268, 1, 1.65, 13, 50, 270, 1
6, 269, 1, 1.6, 3, 400, 45, 0
6, 270, 1, 1.65, 19, 250, 315, 1
6, 271, 1, 1.7, 30, 50, 0, 1
6, 272, 1, 1.65, 10, 250, 45, 1
6, 273, 0, 1.7, 235, NaN, NaN, 0
6, 274, 1, 1.6, 4, 350, 45, 0
6, 275, 1, 1.6, 6, 400, 315, 0
6, 276, 1, 1.6, 8, 250, 225, 1
6, 277, 1, 1.65, 12, 150, 135, 1
6, 278, 1, 1.6, 4, 100, 315, 1
6, 279, 1, 1.65, 18, 300, 180, 1
6, 280, 1, 1.65, 10, 100, 315, 1
6, 281, 1, 1.65, 14, 300, 135, 0
6, 282, 1, 1.6, 8, 100, 135, 1
6, 283, 1, 1.7, 22, 250, 225, 1
6, 284, 1, 1.65, 17, 100, 270, 0
6, 285, 0, 1.65, 124, NaN, NaN, 0
6, 286, 1, 1.65, 15, 50, 270, 1
6, 287, 1, 1.6, 4, 100, 135, 0
6, 288, 1, 1.6, 8, 250, 45, 1
6, 289, 1, 1.6, 7, 250, 0, 1
6, 290, 1, 1.65, 19, 200, 315, 1
6, 291, 1, 1.6, 5, 150, 45, 1
6, 292, 1, 1.6, 2, 300, 225, 0
6, 293, 1, 1.65, 12, 350, 270, 1
6, 294, 0, 1.6, 55, NaN, NaN, 0
6, 295, 1, 1.6, 1, 150, 45, 1
6, 296, 1, 1.65, 18, 250, 315, 1
6, 297, 1, 1.7, 19, 200, 270, 1
6, 298, 1, 1.65, 14, 250, 0, 1
6, 299, 1, 1.65, 18, 50, 270, 1
6, 300, 1, 1.7, 30, 400, 225, 1
6, 301, 0, 1.7, 236, NaN, NaN, 0
6, 302, 1, 1.6, 1, 350, 225, 1
6, 303, 1, 1.6, 5, 400, 225, 1
6, 304, 1, 1.6, 3, 200, 180, 0
6, 305, 1, 1.65, 15, 300, 180, 1
6, 306, 1, 1.7, 19, 100, 315, 1
6, 307, 1, 1.6, 2, 300, 0, 0
6, 308, 1, 1.7, 21, 200, 315, 1
6, 309, 0, 1.7, 287, NaN, NaN, 0
6, 310, 1, 1.7, 22, 400, 90, 1
6, 311, 1, 1.7, 30, 250, 45, 1
6, 312, 1, 1.6, 4, 350, 0, 0
6, 313, 1, 1.7, 30, 200, 315, 1
6, 314, 1, 1.6, 10, 350, 180, 0
6, 315, 1, 1.6, 1, 350, 0, 0
6, 316, 1, 1.7, 25, 100, 270, 1
6, 317, 1, 1.6, 4, 400, 315, 0
6, 318, 1, 1.7, 28, 50, 135, 1
6, 319, 1, 1.65, 20, 50, 180, 1
6, 320, 1, 1.7, 20, 200, 225, 0
6, 321, 1, 1.6, 7, 400, 0, 0
6, 322, 1, 1.7, 25, 350, 315, 1
6, 323, 1, 1.65, 20, 350, 135, 0
6, 324, 1, 1.6, 10, 150, 45, 1
6, 325, 0, 1.7, 208, NaN, NaN, 0
6, 326, 1, 1.65, 11, 300, 0, 0
6, 327, 1, 1.65, 12, 300, 90, 0
6, 328, 1, 1.65, 15, 400, 180, 0
6, 329, 1, 1.7, 22, 250, 270, 1
6, 330, 0, 1.65, 160, NaN, NaN, 0
6, 331, 1, 1.6, 7, 200, 180, 0
6, 332, 1, 1.7, 25, 350, 0, 0
6, 333, 0, 1.65, 114, NaN, NaN, 1
6, 334, 0, 1.7, 212, NaN, NaN, 0
6, 335, 1, 1.65, 12, 350, 90, 1
6, 336, 1, 1.6, 2, 100, 180, 0
6, 337, 1, 1.65, 16, 100, 180, 1
6, 338, 1, 1.7, 27, 100, 225, 1
6, 339, 1, 1.65, 12, 150, 270, 1
6, 340, 1, 1.7, 25, 100, 45, 1
6, 341, 1, 1.65, 11, 400, 0, 1
6, 342, 0, 1.65, 115, NaN, NaN, 1
6, 343, 1, 1.7, 20, 150, 225, 1
6, 344, 1, 1.6, 10, 400, 225, 0
6, 345, 1, 1.7, 25, 50, 225, 1
6, 346, 1, 1.6, 8, 200, 0, 0
6, 347, 0, 1.65, 217, NaN, NaN, 1
6, 348, 1, 1.7, 28, 200, 270, 1
6, 349, 1, 1.7, 30, 150, 180, 1
6, 350, 1, 1.65, 16, 300, 225, 1
6, 351, 1, 1.65, 11, 400, 90, 1
6, 352, 1, 1.6, 1, 400, 0, 1
6, 353, 1, 1.65, 17, 50, 225, 1
6, 354, 1, 1.7, 27, 150, 135, 1
6, 355, 1, 1.7, 22, 100, 45, 1
6, 356, 0, 1.7, 294, NaN, NaN, 0
6, 357, 1, 1.7, 26, 100, 270, 1
6, 358, 1, 1.7, 21, 300, 180, 1
6, 359, 1, 1.6, 1, 200, 315, 0
6, 360, 1, 1.7, 24, 150, 270, 1
6, 361, 0, 1.7, 304, NaN, NaN, 0
6, 362, 1, 1.6, 4, 150, 45, 1
6, 363, 1, 1.7, 25, 150, 0, 1
6, 364, 0, 1.6, 72, NaN, NaN, 0
6, 365, 1, 1.7, 25, 50, 135, 1
6, 366, 1, 1.6, 6, 400, 225, 0
6, 367, 1, 1.7, 26, 50, 0, 1
6, 368, 1, 1.65, 12, 400, 315, 0
6, 369, 1, 1.65, 14, 100, 45, 0
6, 370, 1, 1.65, 20, 400, 0, 0
6, 371, 1, 1.65, 17, 350, 135, 0
6, 372, 1, 1.6, 5, 250, 270, 0
6, 373, 1, 1.7, 20, 50, 225, 1
6, 374, 0, 1.6, 95, NaN, NaN, 0
6, 375, 1, 1.7, 23, 200, 315, 0
6, 376, 0, 1.65, 213, NaN, NaN, 0
6, 377, 1, 1.7, 30, 100, 135, 1
6, 378, 1, 1.65, 13, 150, 45, 0
6, 379, 0, 1.7, 273, NaN, NaN, 1
6, 380, 1, 1.7, 23, 250, 180, 1
6, 381, 1, 1.7, 23, 300, 90, 1
6, 382, 1, 1.65, 10, 50, 0, 1
6, 383, 1, 1.65, 10, 150, 270, 1
6, 384, 1, 1.7, 28, 50, 0, 1
6, 385, 1, 1.6, 7, 350, 315, 0
6, 386, 0, 1.65, 164, NaN, NaN, 1
6, 387, 1, 1.7, 23, 250, 0, 0
6, 388, 1, 1.7, 23, 350, 270, 0
6, 389, 1, 1.6, 4, 300, 45, 0
6, 390, 1, 1.6, 3, 100, 270, 1
6, 391, 1, 1.65, 17, 400, 315, 0
6, 392, 1, 1.6, 1, 350, 180, 0
6, 393, 0, 1.7, 267, NaN, NaN, 0
6, 394, 1, 1.7, 20, 400, 180, 1
6, 395, 1, 1.65, 11, 100, 315, 1
6, 396, 1, 1.6, 9, 250, 180, 1
6, 397, 1, 1.6, 10, 250, 0, 1
6, 398, 1, 1.65, 20, 200, 270, 1
6, 399, 0, 1.7, 201, NaN, NaN, 0
6, 400, 1, 1.65, 16, 250, 315, 1
6, 401, 1, 1.7, 19, 100, 180, 1
6, 402, 1, 1.65, 14, 50, 225, 1
6, 403, 0, 1.6, 99, NaN, NaN, 0
6, 404, 1, 1.7, 29, 100, 0, 1
6, 405, 1, 1.65, 12, 250, 180, 1
6, 406, 1, 1.7, 25, 100, 135, 1
6, 407, 1, 1.65, 18, 400, 135, 1
6, 408, 1, 1.6, 1, 100, 315, 1
6, 409, 1, 1.65, 18, 300, 315, 1
6, 410, 1, 1.65, 15, 400, 0, 1
6, 411, 1, 1.6, 10, 200, 180, 1
6, 412, 1, 1.7, 20, 50, 45, 1
6, 413, 1, 1.7, 28, 100, 180, 0
6, 414, 1, 1.65, 17, 250, 225, 1
6, 415, 1, 1.65, 18, 200, 135, 0
6, 416, 1, 1.65, 15, 50, 180, 1
6, 417, 1, 1.7, 30, 300, 270, 1
6, 418, 1, 1.7, 23, 300, 0, 0
6, 419, 1, 1.65, 19, 300, 315, 0
6, 420, 1, 1.65, 15, 200, 180, 0
6, 421, 1, 1.7, 22, 350, 225, 1
6, 422, 1, 1.6, 5, 150, 180, 0
6, 423, 1, 1.65, 11, 300, 270, -1
6, 424, 0, 1.7, 215, NaN, NaN, 0
6, 425, 1, 1.65, 16, 150, 135, 1
6, 426, 1, 1.65, 16, 150, 45, 0
6, 427, 1, 1.65, 15, 150, 270, 0
6, 428, 0, 1.7, 310, NaN, NaN, 0
6, 429, 1, 1.6, 6, 200, 90, 0
6, 430, 0, 1.65, 120, NaN, NaN, 0
6, 431, 1, 1.65, 10, 200, 225, 1
6, 432, 1, 1.6, 3, 350, 45, 0
6, 433, 1, 1.65, 16, 50, 135, 1
6, 434, 0, 1.65, 155, NaN, NaN, 0
6, 435, 1, 1.65, 19, 300, 225, 0
6, 436, 1, 1.7, 29, 350, 90, 1
6, 437, 1, 1.65, 18, 400, 180, -1
6, 438, 1, 1.7, 28, 350, 270, 0
6, 439, 1, 1.65, 12, 100, 180, 1
6, 440, 1, 1.65, 14, 300, 315, 0
6, 441, 0, 1.65, 147, NaN, NaN, 0
6, 442, 1, 1.6, 8, 300, 225, 0
6, 443, 0, 1.6, 63, NaN, NaN, 0
6, 444, 1, 1.6, 5, 350, 0, 0
6, 445, 1, 1.7, 22, 100, 135, -1
6, 446, 1, 1.6, 3, 50, 90, 1
6, 447, 1, 1.7, 21, 150, 90, 1
6, 448, 1, 1.6, 2, 350, 45, 1
6, 449, 1, 1.7, 24, 400, 90, 1
6, 450, 1, 1.6, 8, 150, 270, 1
6, 451, 1, 1.7, 28, 50, 270, 1
6, 452, 1, 1.6, 10, 50, 0, 1
6, 453, 1, 1.6, 8, 250, 135, -1
6, 454, 0, 1.7, 261, NaN, NaN, 0
6, 455, 1, 1.65, 20, 200, 90, 1
6, 456, 1, 1.7, 21, 300, 270, 1
6, 457, 1, 1.7, 29, 300, 180, 1
6, 458, 1, 1.65, 15, 350, 225, 1
6, 459, 1, 1.7, 28, 50, 45, 1
6, 460, 1, 1.6, 10, 300, 90, 0
6, 461, 1, 1.65, 19, 150, 180, 1
6, 462, 0, 1.65, 163, NaN, NaN, 0
6, 463, 1, 1.6, 4, 200, 90, 1
6, 464, 1, 1.6, 3, 100, 180, 1
6, 465, 1, 1.65, 12, 50, 90, 1
6, 466, 1, 1.7, 21, 50, 90, 1
6, 467, 1, 1.65, 10, 250, 270, 1
6, 468, 0, 1.7, 249, NaN, NaN, 1
6, 469, 1, 1.7, 22, 200, 45, -1
6, 470, 1, 1.6, 9, 250, 90, 1
6, 471, 1, 1.7, 29, 50, 270, 1
6, 472, 1, 1.65, 13, 400, 0, 0
6, 473, 1, 1.7, 19, 50, 90, 1
6, 474, 1, 1.65, 20, 50, 90, 1
6, 475, 1, 1.65, 19, 250, 225, 1
6, 476, 1, 1.65, 14, 350, 0, 0
6, 477, 1, 1.65, 11, 350, 0, -1
6, 478, 1, 1.7, 27, 100, 135, 1
6, 479, 1, 1.65, 18, 400, 90, 0
6, 480, 1, 1.6, 3, 200, 45, 0
6, 481, 1, 1.65, 20, 350, 90, 1
6, 482, 1, 1.7, 20, 150, 0, 1
6, 483, 1, 1.7, 22, 50, 225, 1
6, 484, 1, 1.7, 20, 150, 270, 1
6, 485, 1, 1.65, 13, 350, 90, 0
6, 486, 1, 1.6, 10, 150, 315, 0
6, 487, 1, 1.65, 18, 50, 180, 1
6, 488, 1, 1.6, 2, 200, 45, 0
6, 489, 1, 1.6, 9, 150, 90, -1
6, 490, 1, 1.65, 16, 50, 270, 1
6, 491, 1, 1.65, 20, 200, 180, 1
6, 492, 1, 1.65, 11, 250, 315, 0
6, 493, 1, 1.7, 23, 50, 45, 1
6, 494, 0, 1.7, 299, NaN, NaN, 1
6, 495, 1, 1.7, 27, 400, 315, 1
6, 496, 0, 1.6, 83, NaN, NaN, 0
6, 497, 1, 1.6, 7, 200, 135, 0
6, 498, 1, 1.65, 10, 400, 135, 1
6, 499, 1, 1.6, 1, 200, 0, 0
6, 500, 1, 1.6, 1, 50, 270, 0
6, 501, 1, 1.7, 26, 200, 90, 0
6, 502, 1, 1.7, 27, 50, 315, 1
6, 503, 1, 1.6, 6, 50, 90, 0
6, 504, 1, 1.7, 29, 100, 90, 0
6, 505, 1, 1.65, 10, 100, 0, 1
6, 506, 1, 1.65, 17, 400, 270, 1
6, 507, 1, 1.7, 21, 350, 135, 1
6, 508, 1, 1.6, 2, 350, 180, 0
6, 509, 1, 1.7, 21, 100, 45, 1
6, 510, 1, 1.65, 18, 400, 315, 0
6, 511, 0, 1.65, 170, NaN, NaN, 0
6, 512, 1, 1.6, 2, 350, 270, 1
6, 513, 1, 1.6, 9, 150, 45, 0
6, 514, 1, 1.65, 13, 250, 180, 0
6, 515, 0, 1.7, 285, NaN, NaN, 1
6, 516, 1, 1.7, 26, 100, 315, 1
6, 517, 1, 1.65, 19, 350, 270, 0
6, 518, 1, 1.65, 11, 350, 270, 1
6, 519, 1, 1.7, 30, 300, 90, 1
6, 520, 1, 1.7, 26, 400, 225, 1
6, 521, 1, 1.65, 14, 300, 0, 1
6, 522, 1, 1.65, 14, 200, 0, 0
6, 523, 1, 1.65, 17, 400, 180, 0
6, 524, 1, 1.6, 9, 100, 315, -1
6, 525, 1, 1.6, 4, 50, 45, 1
6, 526, 1, 1.65, 16, 350, 45, 0
6, 527, 1, 1.65, 11, 400, 270, 1
6, 528, 1, 1.7, 19, 400, 270, 0
6, 529, 1, 1.7, 28, 150, 135, 1
6, 530, 0, 1.65, 148, NaN, NaN, 1
6, 531, 1, 1.6, 5, 250, 90, 1
6, 532, 1, 1.7, 21, 100, 0, 1
6, 533, 1, 1.65, 14, 400, 180, 1
6, 534, 1, 1.65, 13, 100, 270, 1
6, 535, 1, 1.7, 25, 400, 225, 1
6, 536, 1, 1.7, 28, 250, 0, 1
6, 537, 1, 1.7, 25, 300, 180, 1
6, 538, 1, 1.6, 9, 200, 90, 1
6, 539, 1, 1.7, 21, 100, 315, 1
6, 540, 1, 1.6, 2, 150, 135, 1
6, 541, 1, 1.6, 4, 300, 135, 0
6, 542, 1, 1.65, 11, 250, 90, 0
6, 543, 1, 1.65, 18, 250, 0, -1
6, 544, 1, 1.65, 17, 200, 45, 1
6, 545, 1, 1.7, 29, 300, 225, 0
6, 546, 1, 1.7, 19, 300, 315, 1
6, 547, 0, 1.6, 124, NaN, NaN, 0
6, 548, 1, 1.6, 8, 200, 270, 1
6, 549, 1, 1.6, 2, 400, 0, 0
6, 550, 1, 1.6, 5, 300, 180, 0
6, 551, 1, 1.6, 6, 300, 225, 0
6, 552, 1, 1.65, 16, 200, 90, 1
6, 553, 0, 1.6, 76, NaN, NaN, 0
6, 554, 1, 1.7, 26, 300, 225, 1
6, 555, 1, 1.65, 16, 350, 90, 1
6, 556, 1, 1.65, 19, 100, 45, 1
6, 557, 1, 1.65, 15, 300, 0, 0
6, 558, 1, 1.7, 19, 50, 0, 1
6, 559, 0, 1.7, 206, NaN, NaN, 1
6, 560, 1, 1.7, 19, 200, 135, 1
6, 561, 1, 1.7, 29, 50, 315, 1
6, 562, 1, 1.65, 17, 150, 135, 1
6, 563, 1, 1.7, 19, 300, 135, 1
6, 564, 0, 1.7, 200, NaN, NaN, 0
6, 565, 0, 1.65, 145, NaN, NaN, 0
6, 566, 1, 1.7, 23, 100, 180, 1
6, 567, 1, 1.65, 14, 150, 0, 1
6, 568, 0, 1.65, 200, NaN, NaN, 0
6, 569, 1, 1.65, 14, 350, 90, 1
6, 570, 0, 1.65, 142, NaN, NaN, 0
6, 571, 0, 1.65, 136, NaN, NaN, 0
6, 572, 1, 1.65, 13, 250, 225, 0
6, 573, 1, 1.7, 30, 350, 0, 1
6, 574, 1, 1.7, 29, 350, 315, 0
6, 575, 1, 1.6, 1, 150, 180, 1
6, 576, 1, 1.7, 19, 400, 90, 1
6, 577, 1, 1.6, 2, 100, 270, 1
6, 578, 1, 1.65, 13, 250, 315, 1
6, 579, 1, 1.6, 7, 50, 0, 1
6, 580, 0, 1.65, 193, NaN, NaN, 0
6, 581, 0, 1.6, 42, NaN, NaN, 0
6, 582, 1, 1.65, 10, 250, 135, 0
6, 583, 1, 1.7, 30, 100, 225, 1
6, 584, 1, 1.7, 25, 300, 135, 0
6, 585, 1, 1.6, 3, 150, 315, 0
6, 586, 0, 1.6, 110, NaN, NaN, 0
6, 587, 1, 1.7, 24, 150, 315, 1
6, 588, 1, 1.7, 21, 400, 0, 1
6, 589, 1, 1.65, 14, 50, 0, 1
6, 590, 1, 1.7, 20, 50, 180, 1
6, 591, 0, 1.7, 246, NaN, NaN, -1
6, 592, 1, 1.6, 7, 300, 225, 0
6, 593, 1, 1.7, 29, 400, 0, 0
6, 594, 1, 1.6, 10, 400, 135, 1
6, 595, 1, 1.7, 23, 400, 45, 1
6, 596, 1, 1.6, 9, 50, 0, 1
6, 597, 0, 1.6, 81, NaN, NaN, 0
6, 598, 1, 1.65, 12, 50, 270, 1
6, 599, 1, 1.65, 19, 400, 270, 0
6, 600, 1, 1.6, 9, 400, 180, 1
6, 601, 1, 1.65, 12, 400, 225, 1
6, 602, 1, 1.7, 25, 50, 315, 1
6, 603, 0, 1.65, 181, NaN, NaN, 0
6, 604, 1, 1.7, 30, 300, 180, 1
6, 605, 1, 1.7, 23, 200, 90, 1
6, 606, 0, 1.6, 120, NaN, NaN, 0
6, 607, 1, 1.6, 5, 250, 180, 0
6, 608, 1, 1.6, 1, 250, 90, 0
6, 609, 1, 1.7, 29, 200, 180, 1
6, 610, 1, 1.6, 9, 300, 45, 0
6, 611, 1, 1.7, 20, 50, 135, 1
6, 612, 1, 1.6, 10, 350, 45, 0
6, 613, 1, 1.7, 19, 150, 315, 1
6, 614, 1, 1.65, 14, 100, 90, 1
6, 615, 1, 1.7, 19, 350, 225, 1
6, 616, 0, 1.7, 219, NaN, NaN, 1
6, 617, 1, 1.65, 13, 350, 315, 0
6, 618, 1, 1.65, 20, 150, 225, 0
6, 619, 1, 1.6, 9, 50, 45, 1
6, 620, 1, 1.65, 14, 250, 135, 1
6, 621, 1, 1.6, 6, 100, 270, 1
6, 622, 1, 1.7, 22, 200, 90, 1
6, 623, 1, 1.6, 4, 50, 180, 1
6, 624, 1, 1.7, 27, 400, 270, 1
6, 625, 1, 1.7, 19, 300, 0, 1
6, 626, 1, 1.65, 18, 150, 225, 0
6, 627, 1, 1.7, 19, 350, 315, 0
6, 628, 1, 1.7, 27, 200, 225, 1
6, 629, 1, 1.6, 7, 150, 270, 0
6, 630, 0, 1.7, 205, NaN, NaN, 0
6, 631, 1, 1.7, 19, 50, 180, 1
6, 632, 1, 1.65, 15, 250, 90, 0
6, 633, 1, 1.6, 2, 200, 90, 0
6, 634, 1, 1.7, 20, 100, 90, 1
6, 635, 1, 1.65, 17, 350, 225, 0
6, 636, 0, 1.7, 296, NaN, NaN, 0
6, 637, 1, 1.65, 19, 400, 90, 0
6, 638, 1, 1.7, 29, 250, 225, 1
6, 639, 0, 1.65, 129, NaN, NaN, 0
6, 640, 1, 1.65, 20, 150, 45, 1
6, 641, 1, 1.6, 6, 300, 315, 0
6, 642, 1, 1.65, 13, 250, 90, 1
6, 643, 1, 1.6, 10, 250, 315, 0
6, 644, 1, 1.65, 11, 300, 45, 1
6, 645, 1, 1.7, 25, 150, 180, 1
6, 646, 1, 1.65, 11, 150, 0, 0
6, 647, 1, 1.7, 23, 150, 270, 1
6, 648, 1, 1.7, 25, 400, 0, 1
6, 649, 1, 1.6, 8, 150, 180, 0
6, 650, 1, 1.65, 18, 350, 315, 0
6, 651, 1, 1.6, 6, 300, 135, 1
6, 652, 1, 1.7, 24, 400, 270, 1
6, 653, 0, 1.7, 240, NaN, NaN, 0
6, 654, 1, 1.65, 12, 100, 0, 1
6, 655, 1, 1.7, 22, 150, 135, 1
6, 656, 1, 1.6, 10, 300, 135, 1
6, 657, 1, 1.6, 7, 50, 135, 1
6, 658, 1, 1.6, 3, 300, 315, 1
6, 659, 0, 1.6, 40, NaN, NaN, 0
6, 660, 1, 1.65, 11, 50, 135, 1
6, 661, 0, 1.6, 28, NaN, NaN, 0
6, 662, 1, 1.7, 21, 100, 135, 1
6, 663, 1, 1.65, 16, 350, 180, 1
6, 664, 1, 1.6, 10, 200, 135, 0
6, 665, 1, 1.6, 1, 150, 0, 1
6, 666, 1, 1.6, 5, 300, 90, 0
6, 667, 1, 1.6, 1, 400, 225, 0
6, 668, 1, 1.6, 8, 50, 90, 1
6, 669, 1, 1.7, 27, 100, 315, 1
6, 670, 1, 1.6, 3, 400, 135, 0
6, 671, 1, 1.7, 27, 400, 225, 1
6, 672, 1, 1.7, 24, 300, 270, 1
6, 673, 1, 1.6, 10, 200, 90, 1
6, 674, 0, 1.65, 138, NaN, NaN, 0
6, 675, 1, 1.6, 10, 350, 315, 1
6, 676, 1, 1.6, 7, 100, 315, 0
6, 677, 1, 1.65, 17, 300, 270, 1
6, 678, 1, 1.7, 19, 50, 225, 1
6, 679, 1, 1.65, 15, 300, 90, 1
6, 680, 1, 1.7, 24, 150, 135, 1
6, 681, 1, 1.6, 3, 400, 90, 0
6, 682, 1, 1.65, 20, 150, 315, 0
6, 683, 1, 1.6, 2, 250, 90, 1
6, 684, 1, 1.65, 14, 200, 180, 1
6, 685, 1, 1.7, 24, 200, 270, 1
6, 686, 1, 1.65, 15, 300, 45, 1
6, 687, 1, 1.7, 26, 150, 90, 1
6, 688, 1, 1.7, 26, 250, 225, 0
6, 689, 1, 1.65, 10, 350, 45, 1
6, 690, 1, 1.6, 10, 350, 225, 1
6, 691, 1, 1.6, 5, 350, 315, 0
6, 692, 1, 1.7, 30, 350, 90, 1
6, 693, 1, 1.6, 10, 400, 315, 1
6, 694, 1, 1.7, 22, 350, 315, 1
6, 695, 1, 1.65, 12, 400, 90, 1
6, 696, 1, 1.7, 23, 400, 270, 0
6, 697, 1, 1.65, 14, 200, 45, 1
6, 698, 1, 1.7, 24, 50, 315, 1
6, 699, 1, 1.7, 24, 200, 180, 1
6, 700, 1, 1.6, 3, 250, 225, 0
6, 701, 1, 1.65, 14, 50, 135, 1
6, 702, 1, 1.7, 28, 100, 270, 1
6, 703, 1, 1.7, 28, 400, 225, 1
6, 704, 1, 1.65, 15, 250, 225, 1
6, 705, 1, 1.7, 26, 100, 0, 1
6, 706, 1, 1.6, 4, 250, 225, 0
6, 707, 1, 1.7, 28, 400, 135, 0
6, 708, 1, 1.6, 7, 150, 0, 0
6, 709, 1, 1.6, 8, 350, 90, 1
6, 710, 0, 1.6, 88, NaN, NaN, 0
6, 711, 1, 1.6, 2, 300, 90, 1
6, 712, 1, 1.7, 21, 50, 270, 1
6, 713, 1, 1.6, 4, 150, 180, 0
6, 714, 1, 1.7, 20, 100, 45, 1
6, 715, 1, 1.6, 3, 350, 270, 0
6, 716, 0, 1.7, 247, NaN, NaN, 1
6, 717, 1, 1.6, 1, 100, 270, 0
6, 718, 1, 1.65, 18, 100, 90, 1
6, 719, 1, 1.6, 8, 100, 225, 0
6, 720, 1, 1.6, 2, 250, 270, 0
6, 721, 1, 1.7, 27, 100, 90, 1
6, 722, 1, 1.65, 11, 50, 225, 1
6, 723, 1, 1.65, 14, 400, 135, -1
6, 724, 0, 1.7, 217, NaN, NaN, 0
6, 725, 1, 1.7, 28, 150, 315, 1
6, 726, 1, 1.65, 16, 150, 90, 0
6, 727, 0, 1.6, 104, NaN, NaN, 0
6, 728, 1, 1.65, 14, 100, 180, 0
6, 729, 1, 1.7, 26, 200, 270, 0
6, 730, 1, 1.6, 2, 400, 135, 0
6, 731, 1, 1.7, 29, 300, 270, 1
6, 732, 1, 1.7, 28, 300, 180, 0
6, 733, 1, 1.6, 9, 50, 225, 1
6, 734, 1, 1.65, 13, 200, 315, 0
6, 735, 1, 1.65, 20, 400, 90, 0
6, 736, 1, 1.7, 25, 300, 45, 0
6, 737, 1, 1.7, 30, 250, 0, 1
6, 738, 1, 1.65, 17, 50, 45, 1
6, 739, 1, 1.6, 5, 400, 45, 0
6, 740, 1, 1.65, 16, 150, 180, 1
6, 741, 1, 1.7, 28, 300, 90, 1
6, 742, 1, 1.6, 9, 300, 135, 1
6, 743, 1, 1.7, 27, 200, 270, 1
6, 744, 1, 1.65, 14, 250, 90, 1
6, 745, 1, 1.6, 5, 250, 45, 0
6, 746, 1, 1.7, 30, 400, 270, 0
6, 747, 1, 1.6, 5, 50, 315, 0
6, 748, 0, 1.6, 92, NaN, NaN, 0
6, 749, 1, 1.7, 19, 400, 315, 0
6, 750, 1, 1.7, 25, 400, 90, 0
6, 751, 1, 1.65, 15, 200, 90, 1
6, 752, 1, 1.7, 29, 50, 45, 1
6, 753, 1, 1.65, 18, 200, 315, 1
6, 754, 0, 1.6, 82, NaN, NaN, 0
6, 755, 1, 1.65, 15, 100, 315, 1
6, 756, 1, 1.6, 5, 100, 180, 0
6, 757, 1, 1.65, 19, 250, 270, 1
6, 758, 1, 1.65, 16, 50, 225, 1
6, 759, 1, 1.6, 4, 100, 0, 0
6, 760, 1, 1.7, 19, 200, 45, 0
6, 761, 1, 1.7, 27, 300, 90, 1
6, 762, 1, 1.6, 2, 400, 90, 0
6, 763, 1, 1.65, 12, 300, 225, 1
6, 764, 1, 1.6, 1, 300, 270, 0
6, 765, 1, 1.7, 24, 400, 45, 1
6, 766, 1, 1.7, 24, 350, 315, 1
6, 767, 1, 1.65, 19, 400, 0, 0
6, 768, 0, 1.6, 115, NaN, NaN, 0
6, 769, 1, 1.7, 22, 200, 225, 1
6, 770, 1, 1.65, 10, 300, 45, 0
6, 771, 1, 1.65, 10, 200, 180, 1
6, 772, 1, 1.65, 16, 400, 180, 1
6, 773, 1, 1.65, 14, 300, 90, 1
6, 774, 1, 1.65, 17, 400, 45, 0
6, 775, 1, 1.65, 10, 250, 315, 0
6, 776, 1, 1.6, 10, 50, 315, 1
6, 777, 1, 1.65, 18, 250, 90, 1
6, 778, 1, 1.6, 6, 400, 45, 0
6, 779, 1, 1.65, 14, 250, 45, 1
6, 780, 0, 1.7, 315, NaN, NaN, 0
6, 781, 1, 1.6, 5, 350, 180, 1
6, 782, 1, 1.65, 13, 50, 225, 1
6, 783, 0, 1.6, 125, NaN, NaN, 0
6, 784, 1, 1.6, 6, 200, 315, 1
6, 785, 1, 1.6, 10, 300, 180, 0
6, 786, 0, 1.65, 168, NaN, NaN, 0
6, 787, 1, 1.7, 23, 400, 180, 1
6, 788, 1, 1.7, 28, 100, 225, 1
6, 789, 1, 1.65, 18, 100, 180, 1
6, 790, 1, 1.65, 19, 150, 90, 0
6, 791, 1, 1.6, 1, 250, 135, 0
6, 792, 1, 1.6, 6, 350, 225, 0
6, 793, 1, 1.7, 20, 400, 90, 1
6, 794, 1, 1.6, 9, 300, 270, 1
6, 795, 1, 1.7, 27, 250, 180, 0
6, 796, 1, 1.65, 15, 50, 315, 0
6, 797, 1, 1.6, 2, 200, 135, 0
6, 798, 1, 1.7, 29, 150, 45, 1
6, 799, 0, 1.65, 207, NaN, NaN, 0
6, 800, 0, 1.65, 171, NaN, NaN, 0
6, 801, 1, 1.65, 16, 400, 270, 0
6, 802, 1, 1.6, 10, 350, 0, 1
6, 803, 1, 1.6, 4, 350, 90, 1
6, 804, 0, 1.65, 117, NaN, NaN, 1
6, 805, 1, 1.65, 12, 250, 315, 1
6, 806, 1, 1.7, 21, 200, 270, 0
6, 807, 1, 1.65, 18, 100, 135, 1
6, 808, 0, 1.6, 69, NaN, NaN, 0
6, 809, 1, 1.7, 27, 150, 270, 1
6, 810, 1, 1.7, 23, 50, 315, 1
6, 811, 1, 1.7, 19, 250, 315, 1
6, 812, 1, 1.6, 10, 200, 270, 1
6, 813, 1, 1.65, 11, 50, 90, 1
6, 814, 1, 1.7, 28, 400, 0, 1
6, 815, 1, 1.6, 10, 300, 45, 1
6, 816, 1, 1.6, 5, 300, 0, 1
6, 817, 1, 1.65, 10, 100, 45, 1
6, 818, 0, 1.7, 271, NaN, NaN, 0
6, 819, 1, 1.7, 21, 300, 135, 1
6, 820, 0, 1.7, 253, NaN, NaN, 0
6, 821, 1, 1.7, 22, 150, 0, 1
6, 822, 1, 1.6, 5, 400, 315, 0
6, 823, 1, 1.65, 17, 300, 45, 0
6, 824, 1, 1.6, 8, 150, 315, 0
6, 825, 0, 1.6, 52, NaN, NaN, 0
6, 826, 1, 1.7, 25, 150, 90, 1
6, 827, 1, 1.65, 12, 400, 45, 0
6, 828, 1, 1.6, 8, 100, 315, 1
6, 829, 1, 1.6, 9, 200, 315, 1
6, 830, 0, 1.65, 178, NaN, NaN, 0
6, 831, 1, 1.7, 28, 150, 90, 0
6, 832, 1, 1.65, 19, 150, 135, 1
6, 833, 1, 1.7, 25, 50, 0, 1
6, 834, 0, 1.6, 100, NaN, NaN, 0
6, 835, 0, 1.7, 284, NaN, NaN, 0
6, 836, 0, 1.6, 117, NaN, NaN, 0
6, 837, 1, 1.65, 13, 400, 45, 1
6, 838, 1, 1.7, 20, 150, 315, 1
6, 839, 1, 1.7, 24, 350, 135, 0
6, 840, 1, 1.7, 29, 400, 270, 1
6, 841, 1, 1.65, 16, 250, 90, 1
6, 842, 0, 1.7, 306, NaN, NaN, 0
6, 843, 1, 1.7, 26, 50, 45, 1
6, 844, 1, 1.7, 24, 350, 225, 0
6, 845, 1, 1.7, 30, 350, 315, 1
6, 846, 1, 1.65, 18, 50, 45, 1
6, 847, 1, 1.65, 11, 200, 0, 1
6, 848, 1, 1.65, 19, 50, 135, 1
6, 849, 1, 1.65, 18, 150, 45, 0
6, 850, 1, 1.7, 19, 50, 135, 1
6, 851, 1, 1.6, 8, 150, 135, 0
6, 852, 1, 1.65, 14, 400, 0, 1
6, 853, 1, 1.6, 2, 50, 45, 1
6, 854, 1, 1.6, 4, 100, 90, 1
6, 855, 1, 1.6, 4, 350, 180, 0
6, 856, 0, 1.65, 210, NaN, NaN, 0
6, 857, 1, 1.65, 12, 250, 45, 0
6, 858, 1, 1.65, 19, 250, 180, 1
6, 859, 1, 1.7, 23, 350, 45, 0
6, 860, 1, 1.65, 19, 300, 180, 1
6, 861, 1, 1.65, 12, 350, 180, 0
6, 862, 1, 1.65, 19, 400, 45, 1
6, 863, 1, 1.65, 10, 400, 270, 1
6, 864, 1, 1.7, 26, 100, 90, 1
6, 865, 1, 1.65, 17, 350, 45, 0
6, 866, 1, 1.6, 10, 150, 270, 1
6, 867, 0, 1.7, 286, NaN, NaN, 0
6, 868, 0, 1.7, 218, NaN, NaN, 0
6, 869, 1, 1.7, 25, 250, 180, 0
6, 870, 0, 1.7, 280, NaN, NaN, 0
6, 871, 1, 1.6, 8, 300, 0, 1
6, 872, 1, 1.6, 9, 100, 90, 1
6, 873, 0, 1.6, 31, NaN, NaN, 1
6, 874, 1, 1.7, 22, 300, 0, 1
6, 875, 1, 1.7, 19, 250, 225, 1
6, 876, 1, 1.65, 11, 350, 90, 0
6, 877, 1, 1.7, 20, 250, 225, 1
6, 878, 1, 1.65, 10, 100, 270, 1
6, 879, 1, 1.7, 28, 200, 90, 0
6, 880, 0, 1.65, 198, NaN, NaN, 0
6, 881, 1, 1.7, 20, 100, 135, 1
6, 882, 1, 1.7, 20, 100, 270, 1
6, 883, 1, 1.7, 28, 200, 225, 1
6, 884, 1, 1.6, 4, 250, 315, 0
6, 885, 1, 1.7, 19, 400, 135, 1
6, 886, 1, 1.65, 12, 150, 45, 1
6, 887, 1, 1.7, 25, 250, 135, 0
6, 888, 1, 1.6, 6, 50, 315, 1
6, 889, 1, 1.65, 16, 100, 225, 0
6, 890, 0, 1.6, 106, NaN, NaN, 1
6, 891, 1, 1.7, 19, 100, 270, 0
6, 892, 1, 1.7, 29, 250, 270, 1
6, 893, 1, 1.6, 6, 100, 180, 0
6, 894, 1, 1.7, 23, 150, 180, 0
6, 895, 1, 1.65, 16, 350, 0, 0
6, 896, 0, 1.65, 185, NaN, NaN, 0
6, 897, 1, 1.65, 18, 100, 45, 1
6, 898, 1, 1.6, 8, 50, 270, 1
6, 899, 1, 1.6, 8, 250, 0, 0
6, 900, 1, 1.6, 7, 400, 270, 0
6, 901, 1, 1.65, 15, 400, 135, 1
6, 902, 1, 1.7, 24, 400, 225, 1
6, 903, 1, 1.7, 24, 250, 0, 1
6, 904, 1, 1.65, 13, 400, 180, 1
6, 905, 1, 1.6, 7, 100, 135, 1
6, 906, 0, 1.6, 112, NaN, NaN, 1
6, 907, 1, 1.6, 4, 150, 225, 0
6, 908, 1, 1.65, 16, 400, 315, 0
6, 909, 1, 1.7, 26, 300, 90, 1
6, 910, 0, 1.65, 192, NaN, NaN, 0
6, 911, 0, 1.65, 177, NaN, NaN, 0
6, 912, 1, 1.65, 19, 50, 270, 1
6, 913, 1, 1.65, 12, 400, 135, 1
6, 914, 1, 1.6, 10, 50, 270, 1
6, 915, 0, 1.6, 111, NaN, NaN, 0
6, 916, 1, 1.7, 29, 400, 135, 1
6, 917, 1, 1.6, 6, 250, 45, 0
6, 918, 1, 1.65, 12, 350, 315, 0
6, 919, 0, 1.65, 162, NaN, NaN, 0
6, 920, 1, 1.7, 27, 50, 270, 0
6, 921, 1, 1.6, 6, 300, 0, 1
6, 922, 1, 1.65, 19, 400, 135, 1
6, 923, 1, 1.6, 7, 400, 180, 0
6, 924, 1, 1.7, 19, 400, 225, 1
6, 925, 1, 1.7, 26, 150, 180, 1
6, 926, 1, 1.6, 7, 300, 270, 0
6, 927, 1, 1.65, 10, 300, 90, 1
6, 928, 1, 1.6, 9, 350, 0, 0
6, 929, 1, 1.7, 25, 300, 270, 1
6, 930, 1, 1.7, 19, 400, 180, 0
6, 931, 1, 1.6, 2, 250, 135, 1
6, 932, 1, 1.65, 14, 400, 90, 1
6, 933, 1, 1.6, 2, 50, 180, 1
6, 934, 1, 1.7, 28, 100, 315, 1
6, 935, 1, 1.6, 7, 100, 0, 0
6, 936, 0, 1.7, 237, NaN, NaN, 0
6, 937, 1, 1.6, 8, 300, 45, 0
6, 938, 1, 1.65, 17, 100, 315, 1
6, 939, 1, 1.7, 21, 200, 90, 0
6, 940, 1, 1.6, 2, 150, 90, 1
6, 941, 1, 1.6, 5, 350, 225, 0
6, 942, 1, 1.65, 11, 350, 135, 1
6, 943, 1, 1.6, 7, 150, 225, 0
6, 944, 1, 1.6, 5, 300, 315, 0
6, 945, 1, 1.65, 20, 150, 0, 1
6, 946, 1, 1.65, 10, 200, 315, 1
6, 947, 1, 1.6, 8, 400, 315, 0
6, 948, 1, 1.65, 16, 300, 45, 0
6, 949, 1, 1.7, 22, 100, 180, 1
6, 950, 1, 1.7, 23, 300, 270, 1
6, 951, 1, 1.65, 19, 150, 0, 0
6, 952, 1, 1.65, 11, 400, 225, 0
6, 953, 1, 1.7, 24, 50, 180, 1
6, 954, 1, 1.65, 20, 150, 135, 0
6, 955, 0, 1.6, 44, NaN, NaN, 0
6, 956, 1, 1.65, 13, 300, 270, 1
6, 957, 0, 1.65, 137, NaN, NaN, 0
6, 958, 1, 1.6, 7, 150, 45, 0
6, 959, 1, 1.6, 4, 300, 315, 0
6, 960, 1, 1.65, 10, 150, 0, 1
6, 961, 1, 1.65, 15, 250, 45, 1
6, 962, 1, 1.65, 19, 100, 225, 1
6, 963, 1, 1.65, 20, 400, 315, 0
6, 964, 1, 1.65, 13, 250, 0, 0
6, 965, 1, 1.65, 20, 300, 0, 1
6, 966, 1, 1.6, 10, 100, 0, 1
6, 967, 1, 1.6, 5, 400, 135, 0
6, 968, 1, 1.65, 17, 250, 90, 1
6, 969, 1, 1.7, 23, 250, 45, 0
6, 970, 1, 1.65, 10, 50, 45, 1
6, 971, 1, 1.65, 11, 150, 90, 1
6, 972, 1, 1.7, 30, 100, 0, 1
6, 973, 1, 1.7, 26, 300, 0, 0
6, 974, 1, 1.6, 5, 100, 225, 0
6, 975, 1, 1.6, 8, 350, 0, 0
6, 976, 1, 1.65, 15, 400, 225, 1
6, 977, 1, 1.7, 19, 400, 0, 1
6, 978, 0, 1.65, 141, NaN, NaN, 0
6, 979, 1, 1.6, 10, 200, 315, 1
6, 980, 1, 1.7, 23, 150, 0, 1
6, 981, 1, 1.7, 20, 100, 225, 1
6, 982, 1, 1.6, 10, 100, 45, 1
6, 983, 0, 1.6, 86, NaN, NaN, 0
6, 984, 1, 1.7, 29, 100, 135, 1
6, 985, 0, 1.65, 199, NaN, NaN, 0
6, 986, 1, 1.65, 10, 200, 90, 1
6, 987, 0, 1.6, 85, NaN, NaN, 0
6, 988, 1, 1.7, 27, 250, 0, 1
6, 989, 1, 1.6, 8, 150, 225, 0
6, 990, 1, 1.7, 29, 300, 135, 1
6, 991, 1, 1.65, 11, 300, 225, 1
6, 992, 1, 1.7, 21, 200, 135, 0
6, 993, 1, 1.7, 20, 200, 45, 0
6, 994, 1, 1.65, 14, 350, 225, 1
6, 995, 1, 1.65, 12, 50, 180, 0
6, 996, 1, 1.6, 3, 350, 180, 0
6, 997, 1, 1.6, 4, 300, 270, 0
6, 998, 1, 1.7, 21, 150, 135, 0
6, 999, 1, 1.65, 20, 50, 0, 1
6, 1000, 1, 1.65, 10, 250, 90, 1
6, 1001, 1, 1.7, 20, 100, 0, 1
6, 1002, 0, 1.65, 215, NaN, NaN, 0
6, 1003, 1, 1.65, 19, 150, 315, 1
6, 1004, 1, 1.7, 27, 200, 45, 1
6, 1005, 1, 1.65, 14, 150, 90, 1
6, 1006, 1, 1.6, 5, 300, 135, 0
6, 1007, 1, 1.6, 8, 400, 270, 0
6, 1008, 1, 1.6, 6, 50, 0, 0
6, 1009, 1, 1.6, 6, 300, 45, 0
6, 1010, 1, 1.6, 1, 350, 135, 0
6, 1011, 1, 1.7, 25, 100, 90, 1
6, 1012, 1, 1.65, 16, 200, 315, 1
6, 1013, 1, 1.7, 21, 300, 0, 1
6, 1014, 1, 1.7, 21, 350, 180, 1
6, 1015, 0, 1.65, 156, NaN, NaN, 0
6, 1016, 1, 1.6, 1, 50, 315, 1
6, 1017, 1, 1.7, 20, 400, 315, 0
6, 1018, 0, 1.6, 78, NaN, NaN, 0
6, 1019, 1, 1.65, 17, 50, 135, 1
6, 1020, 1, 1.6, 10, 100, 315, 1
6, 1021, 1, 1.7, 30, 250, 270, 0
6, 1022, 1, 1.7, 20, 250, 0, 1
6, 1023, 1, 1.7, 30, 300, 0, 1
6, 1024, 1, 1.7, 23, 100, 315, 1
6, 1025, 1, 1.6, 5, 200, 270, 0
6, 1026, 1, 1.65, 17, 50, 180, 1
6, 1027, 0, 1.7, 223, NaN, NaN, 0
6, 1028, 1, 1.6, 10, 250, 90, 0
6, 1029, 1, 1.7, 27, 100, 180, 1
6, 1030, 1, 1.65, 19, 300, 90, 1
6, 1031, 1, 1.65, 17, 100, 45, 1
6, 1032, 1, 1.65, 19, 300, 0, 1
6, 1033, 1, 1.6, 3, 100, 135, 1
6, 1034, 0, 1.65, 122, NaN, NaN, 0
6, 1035, 1, 1.7, 20, 100, 315, 1
6, 1036, 1, 1.65, 16, 100, 0, 0
6, 1037, 1, 1.7, 24, 250, 315, 1
6, 1038, 1, 1.65, 19, 50, 0, 1
6, 1039, 0, 1.7, 314, NaN, NaN, 0
6, 1040, 0, 1.7, 258, NaN, NaN, 0
6, 1041, 1, 1.6, 6, 350, 135, 0
6, 1042, 1, 1.6, 8, 150, 90, 0
6, 1043, 0, 1.7, 241, NaN, NaN, 0
6, 1044, 1, 1.65, 16, 250, 270, 0
6, 1045, 1, 1.65, 20, 250, 270, 1
6, 1046, 1, 1.7, 20, 50, 315, 1
6, 1047, 1, 1.7, 25, 100, 0, 1
6, 1048, 1, 1.65, 14, 350, 315, 0
6, 1049, 1, 1.65, 19, 100, 0, 1
6, 1050, 1, 1.7, 23, 300, 315, 1
6, 1051, 1, 1.6, 10, 300, 225, 1
6, 1052, 1, 1.6, 8, 350, 180, 0
6, 1053, 1, 1.65, 12, 150, 90, 1
6, 1054, 0, 1.7, 291, NaN, NaN, 0
6, 1055, 1, 1.7, 26, 350, 90, 1
6, 1056, 1, 1.6, 1, 150, 270, 0
6, 1057, 1, 1.65, 20, 300, 315, 1
6, 1058, 1, 1.7, 20, 350, 270, 0
6, 1059, 1, 1.7, 24, 50, 0, 1
6, 1060, 1, 1.65, 10, 250, 225, 1
6, 1061, 1, 1.7, 30, 100, 270, 1
6, 1062, 0, 1.65, 187, NaN, NaN, 0
6, 1063, 1, 1.65, 15, 300, 315, 1
6, 1064, 1, 1.65, 17, 100, 180, 1
6, 1065, 1, 1.6, 2, 150, 0, 1
6, 1066, 1, 1.65, 16, 300, 180, 1
6, 1067, 1, 1.6, 8, 100, 45, 0
6, 1068, 1, 1.65, 10, 50, 270, 1
6, 1069, 0, 1.7, 259, NaN, NaN, 0
6, 1070, 0, 1.6, 46, NaN, NaN, 0
6, 1071, 0, 1.65, 190, NaN, NaN, 0
6, 1072, 1, 1.65, 13, 200, 225, 0
6, 1073, 1, 1.7, 23, 300, 225, 1
6, 1074, 0, 1.7, 248, NaN, NaN, 0
6, 1075, 1, 1.65, 20, 150, 180, 0
6, 1076, 1, 1.7, 29, 350, 0, 1
6, 1077, 1, 1.6, 7, 200, 90, 0
6, 1078, 0, 1.6, 94, NaN, NaN, 0
6, 1079, 1, 1.7, 22, 400, 45, 1
6, 1080, 1, 1.65, 19, 300, 45, 1
6, 1081, 1, 1.7, 27, 50, 0, 1
6, 1082, 0, 1.65, 125, NaN, NaN, 0
6, 1083, 0, 1.65, 222, NaN, NaN, 0
6, 1084, 1, 1.7, 20, 250, 180, 0
6, 1085, 0, 1.6, 36, NaN, NaN, 0
6, 1086, 0, 1.7, 233, NaN, NaN, 1
6, 1087, 1, 1.7, 27, 300, 225, 1
6, 1088, 1, 1.7, 27, 400, 135, 1
6, 1089, 1, 1.6, 9, 250, 270, 1
6, 1090, 1, 1.7, 23, 250, 90, 1
6, 1091, 1, 1.65, 17, 150, 270, 0
6, 1092, 1, 1.65, 13, 200, 45, 0
6, 1093, 1, 1.65, 18, 150, 315, 1
6, 1094, 1, 1.65, 18, 100, 225, 1
6, 1095, 0, 1.65, 194, NaN, NaN, 0
6, 1096, 1, 1.6, 6, 250, 135, 0
6, 1097, 1, 1.7, 25, 250, 0, 1
6, 1098, 1, 1.6, 1, 300, 90, 0
6, 1099, 1, 1.7, 28, 250, 135, 1
6, 1100, 1, 1.6, 4, 350, 135, 1
6, 1101, 1, 1.65, 10, 200, 0, 1
6, 1102, 1, 1.6, 1, 100, 0, 1
6, 1103, 1, 1.7, 23, 250, 225, 1
6, 1104, 0, 1.65, 201, NaN, NaN, 0
6, 1105, 1, 1.7, 26, 200, 135, 1
6, 1106, 0, 1.7, 244, NaN, NaN, 0
6, 1107, 1, 1.7, 19, 300, 225, 0
6, 1108, 0, 1.6, 35, NaN, NaN, 1
6, 1109, 0, 1.65, 167, NaN, NaN, 0
6, 1110, 0, 1.6, 98, NaN, NaN, 0
6, 1111, 1, 1.6, 4, 400, 225, 1
6, 1112, 1, 1.65, 20, 150, 90, 0
6, 1113, 1, 1.65, 18, 50, 135, 0
6, 1114, 1, 1.6, 9, 50, 315, 1
6, 1115, 1, 1.6, 4, 300, 0, 0
6, 1116, 1, 1.65, 10, 300, 0, 1
6, 1117, 1, 1.7, 26, 100, 135, 1
6, 1118, 1, 1.7, 24, 200, 0, 0
6, 1119, 1, 1.7, 23, 150, 225, 1
6, 1120, 1, 1.6, 6, 200, 180, 1
6, 1121, 1, 1.6, 2, 250, 0, 0
6, 1122, 1, 1.7, 30, 200, 0, 0
6, 1123, 0, 1.65, 208, NaN, NaN, 0
6, 1124, 1, 1.6, 10, 250, 45, 0
6, 1125, 1, 1.7, 26, 300, 315, 1
6, 1126, 1, 1.6, 8, 250, 315, 0
6, 1127, 1, 1.7, 30, 150, 90, 1
6, 1128, 0, 1.6, 126, NaN, NaN, 0
6, 1129, 1, 1.7, 20, 350, 0, 0
6, 1130, 1, 1.7, 26, 150, 135, 1
6, 1131, 1, 1.7, 29, 50, 180, 1
6, 1132, 1, 1.65, 19, 150, 45, 1
6, 1133, 1, 1.65, 13, 150, 90, 1
6, 1134, 0, 1.65, 154, NaN, NaN, 0
6, 1135, 0, 1.65, 166, NaN, NaN, 0
6, 1136, 1, 1.6, 4, 50, 90, 1
6, 1137, 1, 1.65, 17, 200, 315, 0
6, 1138, 0, 1.7, 228, NaN, NaN, 1
6, 1139, 1, 1.6, 7, 400, 45, 0
6, 1140, 0, 1.65, 169, NaN, NaN, 0
6, 1141, 1, 1.7, 28, 50, 180, 1
6, 1142, 1, 1.7, 26, 200, 45, 0
6, 1143, 1, 1.65, 14, 300, 180, 1
6, 1144, 0, 1.65, 205, NaN, NaN, 0
6, 1145, 1, 1.65, 12, 200, 270, 0
6, 1146, 1, 1.6, 5, 400, 180, 0
6, 1147, 1, 1.7, 25, 250, 270, 1
6, 1148, 1, 1.6, 5, 150, 90, 0
6, 1149, 0, 1.6, 29, NaN, NaN, 0
6, 1150, 1, 1.7, 19, 250, 0, 1
6, 1151, 1, 1.7, 21, 400, 180, 1
6, 1152, 1, 1.6, 5, 400, 0, 1
6, 1153, 1, 1.6, 5, 350, 270, 1
6, 1154, 1, 1.65, 18, 150, 180, 1
6, 1155, 1, 1.7, 26, 350, 180, 1
6, 1156, 1, 1.7, 25, 250, 315, 0
6, 1157, 1, 1.7, 29, 300, 0, 1
6, 1158, 1, 1.7, 30, 400, 315, 0
6, 1159, 1, 1.7, 23, 100, 90, 1
6, 1160, 1, 1.65, 18, 200, 180, 1
6, 1161, 1, 1.6, 5, 50, 225, 1
6, 1162, 1, 1.65, 18, 350, 45, 0
6, 1163, 1, 1.7, 27, 250, 135, 1
6, 1164, 1, 1.65, 14, 300, 270, 1
6, 1165, 1, 1.7, 19, 250, 180, 1
6, 1166, 1, 1.65, 15, 150, 315, 0
6, 1167, 1, 1.6, 3, 250, 0, 0
6, 1168, 1, 1.65, 15, 250, 180, 0
6, 1169, 1, 1.6, 6, 300, 180, 1
6, 1170, 1, 1.65, 20, 50, 45, 1
6, 1171, 1, 1.7, 22, 300, 180, 0
6, 1172, 1, 1.6, 7, 150, 135, 0
6, 1173, 1, 1.7, 27, 100, 270, 1
6, 1174, 1, 1.7, 30, 300, 45, 1
6, 1175, 1, 1.7, 25, 200, 270, 1
6, 1176, 1, 1.7, 22, 50, 180, 1
6, 1177, 1, 1.7, 26, 200, 0, 0
6, 1178, 1, 1.7, 30, 350, 270, 0
6, 1179, 1, 1.7, 20, 400, 225, 0
6, 1180, 1, 1.65, 13, 150, 135, 0
6, 1181, 1, 1.65, 12, 100, 45, 1
6, 1182, 1, 1.7, 29, 150, 180, 1
6, 1183, 1, 1.7, 19, 300, 45, 1
6, 1184, 0, 1.65, 220, NaN, NaN, 0
6, 1185, 0, 1.6, 96, NaN, NaN, 0
6, 1186, 1, 1.6, 2, 300, 315, 1
6, 1187, 1, 1.65, 11, 350, 315, 1
6, 1188, 0, 1.65, 150, NaN, NaN, 0
6, 1189, 1, 1.65, 20, 350, 225, 0
6, 1190, 0, 1.7, 268, NaN, NaN, 0
6, 1191, 1, 1.7, 28, 400, 180, 0
6, 1192, 1, 1.7, 27, 400, 90, 0
6, 1193, 1, 1.7, 26, 350, 0, 1
6, 1194, 1, 1.7, 24, 350, 270, 0
6, 1195, 1, 1.7, 29, 100, 315, 1
6, 1196, 1, 1.7, 21, 200, 45, 1
6, 1197, 1, 1.65, 19, 100, 180, 1
6, 1198, 1, 1.6, 10, 50, 90, 1
6, 1199, 1, 1.7, 25, 150, 45, 1
6, 1200, 1, 1.65, 10, 300, 135, 1
6, 1201, 1, 1.7, 24, 300, 45, 1
6, 1202, 1, 1.6, 1, 150, 225, 0
6, 1203, 1, 1.7, 30, 350, 225, 0
6, 1204, 1, 1.7, 28, 350, 180, 1
6, 1205, 0, 1.7, 203, NaN, NaN, 1
6, 1206, 1, 1.6, 7, 250, 180, 0
6, 1207, 0, 1.65, 195, NaN, NaN, 1
6, 1208, 0, 1.7, 202, NaN, NaN, 0
6, 1209, 1, 1.65, 15, 350, 270, 0
6, 1210, 1, 1.7, 25, 150, 315, 1
6, 1211, 1, 1.6, 3, 100, 0, 0
6, 1212, 0, 1.7, 302, NaN, NaN, 0
6, 1213, 1, 1.6, 5, 150, 135, 0
6, 1214, 0, 1.65, 196, NaN, NaN, 0
6, 1215, 1, 1.6, 6, 250, 225, 0
6, 1216, 1, 1.65, 18, 300, 90, 1
6, 1217, 1, 1.6, 1, 200, 90, 1
6, 1218, 1, 1.7, 28, 100, 135, 1
6, 1219, 1, 1.6, 7, 400, 90, 1
6, 1220, 1, 1.7, 23, 350, 180, 0
6, 1221, 1, 1.6, 10, 200, 0, 0
6, 1222, 0, 1.6, 59, NaN, NaN, 0
6, 1223, 1, 1.65, 19, 250, 90, 1
6, 1224, 1, 1.7, 29, 400, 90, 0
6, 1225, 1, 1.7, 19, 150, 270, 1
6, 1226, 1, 1.7, 21, 100, 180, 1
6, 1227, 1, 1.6, 4, 200, 315, 1
6, 1228, 0, 1.7, 231, NaN, NaN, 0
6, 1229, 1, 1.6, 6, 150, 90, 0
6, 1230, 1, 1.6, 3, 50, 315, 1
6, 1231, 0, 1.6, 123, NaN, NaN, 0
6, 1232, 0, 1.7, 207, NaN, NaN, 0
6, 1233, 1, 1.65, 13, 100, 135, 1
6, 1234, 1, 1.7, 24, 350, 45, 0
6, 1235, 1, 1.65, 20, 400, 225, 0
6, 1236, 1, 1.6, 7, 200, 270, 0
6, 1237, 1, 1.7, 27, 50, 90, 1
6, 1238, 1, 1.7, 21, 300, 225, 0
6, 1239, 0, 1.7, 220, NaN, NaN, 0
6, 1240, 1, 1.7, 22, 100, 225, 1
6, 1241, 1, 1.7, 19, 300, 90, 1
6, 1242, 1, 1.7, 20, 350, 135, 0
6, 1243, 1, 1.65, 15, 200, 135, 1
6, 1244, 1, 1.6, 1, 400, 45, 0
6, 1245, 1, 1.65, 16, 100, 45, 1
6, 1246, 1, 1.7, 28, 300, 315, 1
6, 1247, 1, 1.7, 22, 350, 0, 0
6, 1248, 1, 1.7, 20, 200, 0, 1
6, 1249, 1, 1.7, 30, 200, 225, 1
6, 1250, 1, 1.6, 6, 150, 0, 0
6, 1251, 1, 1.7, 20, 150, 180, 1
6, 1252, 1, 1.65, 15, 50, 135, 1
6, 1253, 1, 1.6, 2, 100, 225, 1
6, 1254, 0, 1.7, 311, NaN, NaN, 1
6, 1255, 1, 1.7, 21, 150, 45, 0
6, 1256, 1, 1.7, 27, 50, 225, 1
6, 1257, 1, 1.65, 14, 300, 225, 0
6, 1258, 1, 1.7, 28, 400, 45, 1
6, 1259, 1, 1.6, 4, 400, 180, 0
6, 1260, 1, 1.6, 5, 100, 315, 0
6, 1261, 1, 1.7, 28, 250, 225, 0
6, 1262, 1, 1.7, 29, 400, 45, 0
6, 1263, 1, 1.65, 16, 150, 270, 0
6, 1264, 0, 1.7, 283, NaN, NaN, 0
6, 1265, 1, 1.6, 6, 150, 315, 0
6, 1266, 1, 1.6, 5, 300, 225, 0
6, 1267, 1, 1.7, 25, 350, 45, 0
6, 1268, 0, 1.7, 214, NaN, NaN, 0
6, 1269, 1, 1.7, 20, 50, 90, 1
6, 1270, 1, 1.65, 13, 50, 90, 1
6, 1271, 1, 1.6, 6, 350, 90, 0
6, 1272, 1, 1.6, 7, 350, 0, 0
6, 1273, 1, 1.65, 14, 350, 180, 1
6, 1274, 1, 1.7, 22, 200, 315, 1
6, 1275, 1, 1.6, 6, 250, 90, 0
6, 1276, 0, 1.65, 216, NaN, NaN, 0
6, 1277, 0, 1.6, 73, NaN, NaN, 0
6, 1278, 1, 1.6, 1, 200, 180, 0
6, 1279, 1, 1.7, 26, 400, 45, 1
6, 1280, 1, 1.7, 26, 350, 225, 0
6, 1281, 1, 1.7, 30, 50, 180, 1
6, 1282, 1, 1.65, 12, 250, 0, 1
6, 1283, 1, 1.65, 15, 350, 0, 0
6, 1284, 1, 1.7, 20, 300, 315, 1
6, 1285, 1, 1.7, 20, 250, 45, 1
6, 1286, 1, 1.6, 10, 350, 90, 1
6, 1287, 1, 1.6, 6, 400, 180, -1
6, 1288, 1, 1.6, 6, 100, 45, 1
6, 1289, 1, 1.7, 30, 200, 180, 1
6, 1290, 1, 1.65, 16, 300, 90, 1
6, 1291, 1, 1.65, 14, 400, 270, 1
6, 1292, 1, 1.65, 11, 250, 180, 1
6, 1293, 0, 1.7, 238, NaN, NaN, 0
6, 1294, 1, 1.6, 9, 200, 225, 0
6, 1295, 1, 1.65, 17, 150, 45, 1
6, 1296, 1, 1.7, 22, 200, 0, 1
6, 1297, 1, 1.6, 2, 200, 180, 0
6, 1298, 1, 1.7, 25, 200, 90, 1
6, 1299, 0, 1.7, 252, NaN, NaN, 0
6, 1300, 1, 1.7, 19, 150, 180, 1
6, 1301, 1, 1.6, 2, 200, 225, 1
6, 1302, 1, 1.65, 17, 200, 270, 1
6, 1303, 1, 1.7, 22, 50, 315, 1
6, 1304, 1, 1.6, 7, 400, 225, 0
6, 1305, 0, 1.6, 122, NaN, NaN, 0
6, 1306, 0, 1.65, 119, NaN, NaN, 0
6, 1307, 1, 1.65, 19, 100, 270, 1
6, 1308, 1, 1.7, 30, 150, 0, 1
6, 1309, 1, 1.7, 30, 100, 315, 1
6, 1310, 1, 1.65, 11, 200, 135, 0
6, 1311, 1, 1.6, 3, 350, 315, 0
6, 1312, 1, 1.65, 17, 150, 180, 1
6, 1313, 1, 1.7, 27, 200, 0, 1
6, 1314, 1, 1.65, 14, 150, 135, 1
6, 1315, 1, 1.6, 2, 50, 135, 1
6, 1316, 1, 1.7, 22, 400, 270, 0
6, 1317, 1, 1.6, 7, 50, 270, 1
6, 1318, 1, 1.6, 3, 400, 180, 0
6, 1319, 1, 1.6, 8, 200, 45, 0
6, 1320, 0, 1.7, 308, NaN, NaN, 0
6, 1321, 0, 1.65, 175, NaN, NaN, 0
6, 1322, 1, 1.7, 23, 250, 270, 1
6, 1323, 1, 1.65, 14, 400, 315, 0
6, 1324, 0, 1.7, 272, NaN, NaN, 0
6, 1325, 1, 1.7, 23, 200, 45, 1
6, 1326, 1, 1.6, 4, 150, 0, 0
6, 1327, 1, 1.65, 19, 350, 135, 0
6, 1328, 1, 1.6, 3, 150, 225, 0
6, 1329, 1, 1.65, 11, 200, 270, 0
6, 1330, 1, 1.6, 4, 300, 90, 0
6, 1331, 1, 1.6, 2, 300, 45, 0
6, 1332, 1, 1.6, 8, 250, 90, 0
6, 1333, 1, 1.65, 10, 350, 90, 1
6, 1334, 1, 1.6, 10, 50, 135, 1
6, 1335, 1, 1.7, 30, 400, 45, 0
6, 1336, 0, 1.6, 109, NaN, NaN, 0
6, 1337, 1, 1.7, 23, 50, 225, 1
6, 1338, 1, 1.6, 7, 200, 0, 0
6, 1339, 1, 1.7, 25, 300, 90, 1
6, 1340, 1, 1.7, 30, 100, 90, 1
6, 1341, 1, 1.65, 18, 250, 225, -1
6, 1342, 0, 1.65, 179, NaN, NaN, 0
6, 1343, 1, 1.65, 13, 150, 315, 1
6, 1344, 1, 1.7, 30, 50, 45, 1
6, 1345, 0, 1.65, 140, NaN, NaN, 0
6, 1346, 0, 1.6, 32, NaN, NaN, 0
6, 1347, 1, 1.6, 3, 250, 135, 0
6, 1348, 1, 1.7, 25, 350, 180, 1
6, 1349, 1, 1.65, 13, 50, 315, 1
6, 1350, 1, 1.7, 22, 250, 135, 1
6, 1351, 1, 1.65, 18, 350, 180, 1
6, 1352, 1, 1.7, 29, 250, 45, 1
6, 1353, 1, 1.7, 23, 400, 135, 0
6, 1354, 1, 1.6, 1, 100, 90, 0
6, 1355, 1, 1.6, 2, 350, 315, 0
6, 1356, 1, 1.7, 23, 350, 135, 0
6, 1357, 1, 1.7, 29, 350, 45, 0
6, 1358, 1, 1.7, 27, 400, 180, 1
6, 1359, 1, 1.7, 25, 250, 45, 1
6, 1360, 0, 1.7, 270, NaN, NaN, 1
6, 1361, 0, 1.6, 102, NaN, NaN, 0
6, 1362, 1, 1.65, 10, 50, 315, 1
6, 1363, 1, 1.6, 5, 200, 315, 0
6, 1364, 1, 1.7, 25, 200, 45, 1
6, 1365, 1, 1.6, 3, 300, 45, 0
6, 1366, 1, 1.65, 17, 250, 45, 1
6, 1367, 1, 1.6, 7, 350, 90, 0
6, 1368, 1, 1.65, 13, 300, 135, 0
6, 1369, 1, 1.65, 17, 400, 90, 0
6, 1370, 1, 1.7, 27, 100, 0, 1
6, 1371, 1, 1.6, 8, 350, 315, 0
6, 1372, 1, 1.7, 21, 400, 45, 0
6, 1373, 1, 1.65, 15, 100, 135, 1
6, 1374, 0, 1.6, 66, NaN, NaN, 0
6, 1375, 1, 1.65, 17, 200, 0, 1
6, 1376, 0, 1.6, 87, NaN, NaN, 0
6, 1377, 1, 1.7, 28, 250, 45, 0
6, 1378, 1, 1.7, 30, 250, 225, 1
6, 1379, 1, 1.65, 20, 400, 270, 0
6, 1380, 1, 1.7, 30, 300, 135, 1
6, 1381, 0, 1.65, 134, NaN, NaN, 0
6, 1382, 0, 1.65, 218, NaN, NaN, 0
6, 1383, 1, 1.6, 10, 350, 135, 0
6, 1384, 0, 1.65, 186, NaN, NaN, 0
6, 1385, 1, 1.7, 29, 100, 180, 1
6, 1386, 0, 1.65, 159, NaN, NaN, 0
6, 1387, 1, 1.7, 29, 250, 135, 1
6, 1388, 1, 1.6, 4, 400, 270, 0
6, 1389, 1, 1.65, 15, 200, 225, 1
6, 1390, 1, 1.7, 24, 50, 225, 1
6, 1391, 1, 1.65, 16, 100, 270, 1
6, 1392, 1, 1.7, 19, 150, 45, 1
6, 1393, 1, 1.6, 9, 50, 270, 1
6, 1394, 1, 1.65, 10, 200, 45, 0
6, 1395, 1, 1.65, 10, 350, 180, 1
6, 1396, 1, 1.6, 10, 300, 315, 0
6, 1397, 1, 1.7, 21, 150, 0, 1
6, 1398, 1, 1.7, 19, 200, 315, 1
6, 1399, 0, 1.6, 114, NaN, NaN, 0
6, 1400, 1, 1.65, 14, 300, 45, 0
6, 1401, 1, 1.65, 17, 100, 225, 1
6, 1402, 1, 1.6, 6, 150, 225, 0
6, 1403, 1, 1.6, 2, 150, 45, 0
6, 1404, 1, 1.65, 18, 150, 90, 1
6, 1405, 1, 1.65, 13, 250, 45, 0
6, 1406, 1, 1.65, 10, 150, 180, 1
6, 1407, 1, 1.7, 28, 250, 315, 1
6, 1408, 1, 1.65, 19, 250, 0, 0
6, 1409, 1, 1.7, 30, 400, 180, 1
6, 1410, 1, 1.6, 5, 200, 225, 0
6, 1411, 1, 1.65, 16, 200, 270, 1
6, 1412, 1, 1.6, 2, 400, 270, 0
6, 1413, 1, 1.65, 16, 200, 225, 0
6, 1414, 0, 1.65, 182, NaN, NaN, 0
6, 1415, 1, 1.6, 3, 200, 270, 0
6, 1416, 1, 1.7, 29, 400, 225, 0
6, 1417, 1, 1.7, 21, 100, 270, 1
6, 1418, 1, 1.65, 12, 350, 0, 0
6, 1419, 1, 1.7, 28, 150, 270, 1
6, 1420, 1, 1.6, 8, 200, 90, 0
6, 1421, 1, 1.7, 20, 150, 45, 1
6, 1422, 1, 1.65, 12, 250, 270, 0
6, 1423, 1, 1.7, 29, 250, 0, 1
6, 1424, 1, 1.6, 4, 50, 0, 0
6, 1425, 1, 1.7, 26, 300, 45, 1
6, 1426, 1, 1.6, 2, 100, 315, 1
6, 1427, 1, 1.7, 24, 250, 270, 1
6, 1428, 1, 1.6, 9, 150, 0, 0
6, 1429, 1, 1.6, 4, 100, 270, 0
6, 1430, 0, 1.7, 300, NaN, NaN, 0
6, 1431, 1, 1.65, 17, 300, 90, 1
6, 1432, 1, 1.6, 1, 400, 315, 0
6, 1433, 1, 1.65, 19, 100, 315, 1
6, 1434, 1, 1.7, 26, 400, 90, -1
6, 1435, 0, 1.6, 108, NaN, NaN, 0
6, 1436, 1, 1.65, 11, 50, 0, 1
6, 1437, 1, 1.65, 20, 200, 45, 0
6, 1438, 1, 1.6, 6, 250, 270, 0
6, 1439, 0, 1.6, 60, NaN, NaN, 0
6, 1440, 0, 1.65, 144, NaN, NaN, 0
6, 1441, 1, 1.65, 20, 250, 0, 0
6, 1442, 1, 1.6, 1, 400, 180, 0
6, 1443, 1, 1.7, 19, 300, 180, 1
6, 1444, 1, 1.7, 25, 350, 270, 0
6, 1445, 1, 1.6, 10, 100, 270, 1
6, 1446, 0, 1.65, 116, NaN, NaN, 0
6, 1447, 1, 1.7, 20, 400, 45, 0
6, 1448, 1, 1.65, 14, 150, 315, 1
6, 1449, 1, 1.65, 11, 100, 0, 1
6, 1450, 1, 1.6, 9, 150, 225, 0
6, 1451, 1, 1.65, 12, 200, 90, 1
6, 1452, 1, 1.7, 22, 350, 270, 1
6, 1453, 0, 1.6, 41, NaN, NaN, 0
6, 1454, 1, 1.7, 29, 400, 180, 1
6, 1455, 0, 1.6, 90, NaN, NaN, 0
6, 1456, 1, 1.6, 7, 150, 90, 1
6, 1457, 1, 1.7, 20, 400, 0, 0
6, 1458, 1, 1.65, 10, 250, 0, 1
6, 1459, 0, 1.7, 260, NaN, NaN, 0
6, 1460, 0, 1.65, 130, NaN, NaN, 0
6, 1461, 1, 1.7, 24, 400, 0, 1
6, 1462, 0, 1.7, 309, NaN, NaN, 1
6, 1463, 1, 1.6, 4, 400, 90, 0
6, 1464, 1, 1.65, 12, 200, 225, 0
6, 1465, 1, 1.6, 1, 300, 225, 1
6, 1466, 1, 1.6, 3, 250, 180, 1
6, 1467, 1, 1.65, 17, 250, 270, 0
6, 1468, 1, 1.65, 19, 350, 180, 0
6, 1469, 1, 1.65, 14, 50, 180, 1
6, 1470, 1, 1.6, 3, 100, 225, 0
6, 1471, 1, 1.6, 10, 100, 180, 0
6, 1472, 1, 1.65, 19, 200, 45, 0
6, 1473, 1, 1.6, 9, 300, 90, 0
6, 1474, 1, 1.7, 23, 50, 0, 1
6, 1475, 1, 1.65, 10, 350, 315, 1
6, 1476, 1, 1.65, 20, 200, 225, 0
6, 1477, 1, 1.65, 10, 300, 180, 1
6, 1478, 1, 1.7, 25, 300, 225, 0
6, 1479, 0, 1.6, 101, NaN, NaN, 0
6, 1480, 1, 1.6, 2, 50, 315, 1
6, 1481, 1, 1.6, 8, 300, 90, 0
6, 1482, 1, 1.7, 29, 200, 225, 0
6, 1483, 1, 1.65, 18, 250, 180, 1
6, 1484, 1, 1.6, 4, 150, 90, 1
6, 1485, 1, 1.65, 18, 400, 225, 1
6, 1486, 1, 1.65, 17, 400, 135, 1
6, 1487, 1, 1.65, 18, 200, 0, 1
6, 1488, 1, 1.7, 24, 300, 90, 1
6, 1489, 1, 1.6, 5, 100, 135, 1
6, 1490, 1, 1.65, 13, 350, 225, 0
6, 1491, 0, 1.65, 132, NaN, NaN, 0
6, 1492, 1, 1.65, 18, 250, 270, 1
6, 1493, 1, 1.65, 19, 50, 225, 1
6, 1494, 1, 1.6, 1, 250, 270, 1
6, 1495, 1, 1.6, 2, 300, 270, 0
6, 1496, 1, 1.65, 17, 50, 315, 1
6, 1497, 1, 1.6, 3, 150, 270, 0
6, 1498, 1, 1.7, 28, 350, 45, 1
6, 1499, 1, 1.6, 1, 50, 135, 1
6, 1500, 0, 1.7, 243, NaN, NaN, 0
6, 1501, 1, 1.7, 23, 100, 0, 1
6, 1502, 1, 1.6, 1, 200, 45, 1
6, 1503, 1, 1.65, 17, 150, 90, 1
6, 1504, 1, 1.7, 23, 150, 90, 1
6, 1505, 1, 1.65, 10, 50, 225, 1
6, 1506, 1, 1.65, 18, 50, 315, 1
6, 1507, 1, 1.65, 10, 100, 225, 1
6, 1508, 1, 1.6, 7, 100, 270, 1
6, 1509, 1, 1.7, 20, 200, 270, 1
6, 1510, 1, 1.7, 24, 100, 45, 1
6, 1511, 1, 1.7, 24, 250, 180, 1
6, 1512, 0, 1.65, 173, NaN, NaN, 0
6, 1513, 1, 1.7, 26, 200, 180, 1
6, 1514, 1, 1.7, 30, 350, 135, 1
6, 1515, 0, 1.7, 226, NaN, NaN, 0
6, 1516, 1, 1.65, 17, 350, 180, 0
6, 1517, 1, 1.65, 20, 350, 180, 1
6, 1518, 1, 1.65, 13, 100, 315, 1
6, 1519, 1, 1.6, 2, 250, 315, 1
6, 1520, 1, 1.6, 9, 50, 180, 1
6, 1521, 1, 1.65, 17, 350, 270, 0
6, 1522, 0, 1.6, 56, NaN, NaN, 0
6, 1523, 1, 1.7, 23, 50, 90, 1
6, 1524, 0, 1.7, 245, NaN, NaN, 1
6, 1525, 1, 1.65, 17, 50, 90, 1
6, 1526, 1, 1.6, 4, 350, 315, 0
6, 1527, 1, 1.65, 13, 200, 180, 0
6, 1528, 1, 1.7, 19, 50, 270, 1
6, 1529, 1, 1.7, 24, 300, 180, 0
6, 1530, 0, 1.65, 221, NaN, NaN, 0
6, 1531, 1, 1.7, 22, 150, 270, 1
6, 1532, 1, 1.65, 16, 200, 0, 1
6, 1533, 1, 1.7, 26, 350, 45, 0
6, 1534, 1, 1.6, 6, 100, 90, 1
6, 1535, 1, 1.65, 15, 50, 0, 0
6, 1536, 0, 1.6, 49, NaN, NaN, 1
6, 1537, 1, 1.7, 19, 200, 0, 1
6, 1538, 1, 1.7, 24, 350, 180, 1
6, 1539, 0, 1.65, 121, NaN, NaN, 0
6, 1540, 1, 1.6, 9, 400, 0, 1
6, 1541, 1, 1.7, 20, 50, 270, 1
6, 1542, 1, 1.65, 15, 300, 225, 0
6, 1543, 1, 1.7, 19, 250, 135, 1
6, 1544, 1, 1.6, 8, 350, 270, 0
6, 1545, 1, 1.6, 8, 50, 0, 1
6, 1546, 0, 1.7, 229, NaN, NaN, 1
6, 1547, 1, 1.65, 20, 100, 225, 1
6, 1548, 0, 1.7, 265, NaN, NaN, 0
6, 1549, 1, 1.65, 20, 300, 270, 1
6, 1550, 1, 1.7, 29, 100, 45, 1
6, 1551, 1, 1.65, 15, 400, 45, 0
6, 1552, 1, 1.65, 12, 100, 135, 1
6, 1553, 1, 1.7, 28, 300, 0, 0
6, 1554, 1, 1.65, 19, 150, 225, 1
6, 1555, 1, 1.6, 7, 50, 315, 0
6, 1556, 1, 1.7, 26, 400, 315, 0
6, 1557, 1, 1.7, 26, 100, 180, 1
6, 1558, 1, 1.65, 17, 100, 90, 1
6, 1559, 1, 1.6, 7, 300, 315, 0
6, 1560, 0, 1.6, 75, NaN, NaN, 0
6, 1561, 1, 1.7, 25, 100, 315, 1
6, 1562, 1, 1.6, 5, 350, 135, 0
6, 1563, 1, 1.65, 20, 350, 0, 0
6, 1564, 1, 1.7, 28, 50, 315, 1
6, 1565, 1, 1.65, 11, 200, 90, 1
6, 1566, 1, 1.65, 17, 200, 135, 1
6, 1567, 1, 1.7, 25, 400, 45, 1
6, 1568, 1, 1.6, 4, 50, 225, 1
6, 1569, 1, 1.65, 10, 400, 315, 1
6, 1570, 1, 1.6, 6, 400, 135, 0
6, 1571, 1, 1.65, 18, 300, 225, 0
6, 1572, 1, 1.7, 29, 150, 315, 1
6, 1573, 1, 1.6, 1, 250, 180, 0
6, 1574, 1, 1.7, 25, 200, 180, 1
6, 1575, 1, 1.6, 6, 50, 45, 1
6, 1576, 1, 1.6, 2, 200, 270, 0
6, 1577, 1, 1.6, 10, 300, 270, 1
6, 1578, 1, 1.7, 24, 250, 45, 0
6, 1579, 1, 1.7, 24, 200, 315, 1
6, 1580, 1, 1.65, 20, 250, 315, 0
6, 1581, 0, 1.65, 152, NaN, NaN, 1
6, 1582, 1, 1.65, 10, 150, 45, 1
6, 1583, 1, 1.65, 12, 250, 90, 1
6, 1584, 1, 1.7, 30, 50, 90, 1
6, 1585, 1, 1.6, 1, 50, 90, 1
6, 1586, 1, 1.6, 1, 350, 45, 0
6, 1587, 1, 1.65, 15, 150, 45, 1
6, 1588, 1, 1.6, 6, 50, 180, 1
6, 1589, 1, 1.7, 29, 200, 45, 0
6, 1590, 1, 1.6, 9, 50, 90, 1
6, 1591, 1, 1.6, 4, 400, 135, 0
6, 1592, 1, 1.6, 8, 100, 270, 1
6, 1593, 1, 1.7, 22, 400, 180, 1
6, 1594, 1, 1.7, 23, 300, 135, 1
6, 1595, 1, 1.6, 5, 200, 135, 0
6, 1596, 1, 1.6, 6, 300, 270, 0
6, 1597, 0, 1.7, 318, NaN, NaN, 1
6, 1598, 1, 1.6, 2, 150, 180, 0
6, 1599, 1, 1.6, 2, 100, 135, 1
6, 1600, 1, 1.65, 13, 150, 225, 1
6, 1601, 1, 1.7, 22, 50, 270, 1
6, 1602, 0, 1.65, 126, NaN, NaN, 0
6, 1603, 1, 1.65, 14, 250, 225, 0
6, 1604, 1, 1.65, 15, 300, 270, 1
6, 1605, 1, 1.65, 13, 400, 225, 0
6, 1606, 1, 1.7, 20, 200, 90, 1
6, 1607, 1, 1.65, 20, 300, 90, 1
6, 1608, 1, 1.7, 24, 350, 0, 0
6, 1609, 1, 1.65, 12, 50, 315, 1
6, 1610, 1, 1.7, 26, 400, 180, 1
6, 1611, 1, 1.65, 18, 300, 0, 0
6, 1612, 1, 1.65, 17, 50, 0, 1
6, 1613, 1, 1.6, 9, 150, 315, 0
6, 1614, 1, 1.7, 22, 50, 135, 1
6, 1615, 1, 1.65, 14, 400, 45, 0
6, 1616, 1, 1.65, 16, 300, 135, 0
6, 1617, 1, 1.7, 29, 50, 225, 1
6, 1618, 1, 1.6, 1, 400, 90, 0
6, 1619, 1, 1.65, 10, 400, 180, 1
6, 1620, 1, 1.7, 23, 400, 90, 1
6, 1621, 1, 1.7, 28, 350, 90, 0
6, 1622, 1, 1.7, 19, 350, 0, 1
6, 1623, 1, 1.6, 2, 400, 315, 0
6, 1624, 1, 1.6, 7, 250, 135, 0
6, 1625, 0, 1.6, 97, NaN, NaN, 0
6, 1626, 1, 1.6, 1, 200, 225, 0
6, 1627, 1, 1.6, 7, 250, 270, 0
6, 1628, 1, 1.7, 21, 200, 0, 1
6, 1629, 1, 1.7, 22, 250, 180, 1
6, 1630, 1, 1.65, 17, 200, 225, 1
6, 1631, 1, 1.6, 2, 50, 270, 0
6, 1632, 0, 1.6, 103, NaN, NaN, 0
6, 1633, 1, 1.65, 15, 100, 225, 1
6, 1634, 1, 1.6, 5, 50, 45, 1
6, 1635, 1, 1.6, 2, 350, 0, 0
6, 1636, 0, 1.6, 62, NaN, NaN, 0
6, 1637, 1, 1.7, 20, 300, 180, 0
6, 1638, 1, 1.7, 23, 100, 45, 1
6, 1639, 1, 1.65, 13, 250, 270, 0
6, 1640, 1, 1.7, 22, 350, 90, 0
6, 1641, 1, 1.7, 19, 100, 135, 1
6, 1642, 0, 1.7, 210, NaN, NaN, 0
6, 1643, 1, 1.7, 29, 350, 135, 0
6, 1644, 0, 1.65, 161, NaN, NaN, 0
6, 1645, 0, 1.7, 281, NaN, NaN, 0
6, 1646, 1, 1.65, 16, 350, 135, 0
6, 1647, 1, 1.65, 16, 50, 45, 0
6, 1648, 1, 1.7, 21, 400, 270, 1
6, 1649, 1, 1.65, 19, 200, 90, 0
6, 1650, 1, 1.7, 20, 200, 315, 1
6, 1651, 1, 1.7, 30, 100, 45, 1
6, 1652, 0, 1.7, 264, NaN, NaN, 0
6, 1653, 1, 1.65, 19, 400, 180, 0
6, 1654, 1, 1.7, 27, 350, 315, 1
6, 1655, 1, 1.7, 19, 100, 225, 1
6, 1656, 1, 1.6, 8, 50, 225, 1
6, 1657, 1, 1.7, 21, 250, 0, 1
6, 1658, 1, 1.65, 17, 400, 225, 1
6, 1659, 0, 1.6, 118, NaN, NaN, 0
6, 1660, 1, 1.65, 18, 350, 90, 1
6, 1661, 1, 1.7, 19, 50, 45, 1
6, 1662, 1, 1.7, 27, 350, 0, 1
6, 1663, 1, 1.7, 22, 150, 315, 1
6, 1664, 1, 1.6, 1, 100, 45, 1
6, 1665, 1, 1.7, 23, 200, 225, 1
6, 1666, 1, 1.65, 10, 150, 315, 1
6, 1667, 1, 1.65, 17, 300, 225, 1
6, 1668, 1, 1.65, 12, 100, 225, 1
6, 1669, 1, 1.6, 9, 300, 225, 1
6, 1670, 1, 1.6, 6, 250, 180, 0
6, 1671, 1, 1.6, 2, 200, 315, 0
6, 1672, 1, 1.6, 8, 300, 270, 0
6, 1673, 1, 1.7, 22, 200, 135, 0
6, 1674, 1, 1.65, 15, 250, 135, 0
6, 1675, 0, 1.65, 158, NaN, NaN, 0
6, 1676, 1, 1.6, 1, 300, 180, 0
6, 1677, 1, 1.6, 4, 200, 225, 0
6, 1678, 0, 1.6, 64, NaN, NaN, 0
6, 1679, 1, 1.6, 7, 100, 90, 1
6, 1680, 1, 1.7, 26, 300, 135, 0
6, 1681, 1, 1.6, 8, 50, 135, 1
6, 1682, 1, 1.7, 26, 100, 225, 1
6, 1683, 1, 1.6, 1, 350, 270, 1
6, 1684, 1, 1.7, 19, 350, 45, 1
6, 1685, 1, 1.6, 6, 150, 270, 1
6, 1686, 1, 1.6, 9, 400, 90, 0
6, 1687, 1, 1.65, 10, 150, 135, 1
6, 1688, 1, 1.6, 3, 150, 0, 0
6, 1689, 1, 1.6, 2, 50, 225, 1
6, 1690, 1, 1.65, 18, 300, 135, 0
6, 1691, 1, 1.65, 10, 300, 315, 0
6, 1692, 0, 1.7, 301, NaN, NaN, 0
6, 1693, 1, 1.6, 9, 250, 135, 0
6, 1694, 1, 1.7, 23, 350, 315, 0
6, 1695, 0, 1.6, 61, NaN, NaN, 0
6, 1696, 1, 1.6, 8, 200, 180, 0
6, 1697, 1, 1.6, 2, 100, 0, 0
6, 1698, 1, 1.7, 22, 350, 135, 1
6, 1699, 1, 1.65, 20, 50, 225, 1
6, 1700, 1, 1.6, 5, 250, 135, 1
6, 1701, 1, 1.6, 9, 350, 90, 0
6, 1702, 1, 1.65, 15, 200, 0, 0
6, 1703, 1, 1.7, 21, 100, 90, 1
6, 1704, 1, 1.7, 20, 300, 45, 1
6, 1705, 1, 1.6, 2, 100, 45, 1
6, 1706, 1, 1.6, 9, 50, 135, 1
6, 1707, 1, 1.6, 10, 100, 135, 1
6, 1708, 1, 1.65, 15, 100, 270, 1
6, 1709, 1, 1.6, 10, 50, 180, 1
6, 1710, 0, 1.7, 262, NaN, NaN, 0
6, 1711, 1, 1.7, 22, 150, 45, 1
6, 1712, 1, 1.7, 30, 100, 180, 1
6, 1713, 1, 1.6, 1, 50, 180, 1
6, 1714, 1, 1.7, 20, 350, 180, 1
6, 1715, 1, 1.6, 1, 300, 0, 0
6, 1716, 0, 1.7, 316, NaN, NaN, 0
6, 1717, 1, 1.6, 2, 50, 0, 0
6, 1718, 1, 1.65, 15, 100, 0, 1
6, 1719, 1, 1.65, 13, 200, 0, 0
6, 1720, 1, 1.7, 29, 100, 225, 1
6, 1721, 1, 1.7, 25, 400, 270, 0
6, 1722, 1, 1.65, 13, 400, 270, 0
6, 1723, 1, 1.6, 5, 50, 180, 1
6, 1724, 1, 1.65, 11, 150, 315, 0
6, 1725, 1, 1.6, 6, 150, 180, 0
6, 1726, 1, 1.7, 28, 300, 135, 1
6, 1727, 1, 1.7, 23, 200, 0, 1
6, 1728, 1, 1.65, 13, 50, 180, 1
6, 1729, 1, 1.6, 4, 400, 45, 0
6, 1730, 1, 1.65, 15, 400, 270, 1
6, 1731, 1, 1.7, 26, 250, 135, 1
6, 1732, 1, 1.7, 19, 250, 270, 1
6, 1733, 1, 1.6, 7, 250, 90, 0
6, 1734, 1, 1.7, 25, 350, 225, 0
6, 1735, 0, 1.7, 275, NaN, NaN, 0
6, 1736, 1, 1.6, 4, 300, 225, 0
6, 1737, 1, 1.6, 3, 200, 135, 0
6, 1738, 1, 1.7, 30, 150, 315, 0
6, 1739, 1, 1.7, 19, 100, 45, 1
6, 1740, 1, 1.6, 7, 350, 270, 0
6, 1741, 1, 1.6, 2, 350, 225, 0
6, 1742, 0, 1.6, 68, NaN, NaN, 0
6, 1743, 1, 1.7, 23, 350, 0, 0
6, 1744, 0, 1.7, 277, NaN, NaN, 0
6, 1745, 1, 1.65, 15, 50, 90, 1
6, 1746, 1, 1.6, 10, 250, 270, 0
6, 1747, 1, 1.7, 25, 200, 0, 0
6, 1748, 1, 1.6, 10, 100, 225, 0
6, 1749, 1, 1.65, 17, 350, 315, 0
6, 1750, 1, 1.6, 9, 400, 225, 0
6, 1751, 1, 1.6, 5, 200, 45, 0
6, 1752, 1, 1.65, 13, 400, 135, 0
6, 1753, 1, 1.7, 29, 250, 90, 1
6, 1754, 1, 1.65, 18, 200, 270, 0
6, 1755, 1, 1.65, 19, 50, 90, 1
6, 1756, 1, 1.6, 6, 100, 225, 0
6, 1757, 1, 1.7, 30, 250, 180, 0
6, 1758, 1, 1.65, 15, 200, 270, 0
6, 1759, 0, 1.65, 174, NaN, NaN, 0
6, 1760, 1, 1.65, 10, 100, 180, 1
6, 1761, 0, 1.7, 313, NaN, NaN, 0
6, 1762, 1, 1.7, 23, 300, 180, 1
6, 1763, 1, 1.65, 17, 150, 315, 1
6, 1764, 1, 1.7, 27, 200, 90, 1
6, 1765, 1, 1.7, 26, 150, 315, 1
6, 1766, 1, 1.7, 24, 300, 0, 1
6, 1767, 1, 1.7, 27, 250, 90, 1
6, 1768, 1, 1.7, 24, 300, 225, 1
6, 1769, 1, 1.65, 16, 50, 90, 1
6, 1770, 1, 1.65, 19, 50, 180, 1
6, 1771, 0, 1.6, 105, NaN, NaN, 0
6, 1772, 1, 1.6, 9, 100, 0, 1
6, 1773, 1, 1.65, 14, 100, 135, 1
6, 1774, 1, 1.65, 15, 350, 135, 0
6, 1775, 1, 1.7, 26, 400, 270, 1
6, 1776, 1, 1.6, 8, 50, 180, 1
6, 1777, 1, 1.65, 18, 400, 0, 0
6, 1778, 1, 1.7, 23, 150, 135, 1
6, 1779, 1, 1.6, 8, 400, 45, 0
6, 1780, 1, 1.7, 30, 50, 135, 1
6, 1781, 1, 1.65, 20, 50, 135, 1
6, 1782, 1, 1.7, 24, 250, 90, 1
6, 1783, 1, 1.6, 6, 250, 0, 0
6, 1784, 1, 1.7, 26, 50, 180, 1
6, 1785, 1, 1.7, 27, 350, 270, 1
6, 1786, 1, 1.7, 26, 200, 225, 1
6, 1787, 0, 1.6, 43, NaN, NaN, 0
6, 1788, 1, 1.6, 4, 150, 135, 1
6, 1789, 1, 1.65, 12, 50, 135, 1
6, 1790, 1, 1.65, 13, 350, 180, 0
6, 1791, 1, 1.7, 26, 250, 0, 1
6, 1792, 1, 1.65, 18, 350, 0, 1
6, 1793, 1, 1.6, 3, 100, 90, 0
6, 1794, 1, 1.6, 6, 350, 0, 0
6, 1795, 1, 1.6, 10, 150, 225, 0
6, 1796, 1, 1.65, 12, 200, 135, 0
6, 1797, 1, 1.6, 5, 100, 270, 0
6, 1798, 1, 1.6, 8, 350, 135, 0
6, 1799, 1, 1.6, 3, 350, 135, 0
6, 1800, 1, 1.6, 4, 150, 270, 1
6, 1801, 1, 1.6, 9, 100, 270, 0
6, 1802, 1, 1.6, 9, 350, 270, 0
6, 1803, 1, 1.7, 25, 50, 180, 1
6, 1804, 1, 1.65, 12, 300, 135, 0
6, 1805, 1, 1.65, 13, 300, 225, 0
6, 1806, 1, 1.65, 13, 300, 315, 0
6, 1807, 1, 1.65, 11, 300, 315, 0
6, 1808, 1, 1.6, 9, 400, 45, 0
6, 1809, 1, 1.7, 21, 350, 315, 0
6, 1810, 1, 1.65, 13, 100, 45, 1
6, 1811, 1, 1.7, 22, 300, 270, 1
6, 1812, 1, 1.7, 24, 100, 180, 1
6, 1813, 0, 1.65, 118, NaN, NaN, 0
6, 1814, 1, 1.7, 23, 50, 135, 1
6, 1815, 0, 1.7, 303, NaN, NaN, 0
6, 1816, 1, 1.7, 29, 50, 90, 1
6, 1817, 1, 1.6, 10, 150, 180, 0
6, 1818, 1, 1.65, 18, 300, 270, 0
6, 1819, 1, 1.7, 30, 250, 315, 0
6, 1820, 1, 1.6, 5, 200, 90, 1
6, 1821, 1, 1.65, 11, 200, 45, 0
6, 1822, 1, 1.7, 22, 100, 270, 1
6, 1823, 1, 1.7, 27, 400, 0, 1
6, 1824, 1, 1.6, 6, 150, 135, 1
6, 1825, 1, 1.65, 11, 150, 270, 0
6, 1826, 1, 1.65, 11, 350, 180, 0
6, 1827, 1, 1.65, 14, 350, 135, 0
6, 1828, 0, 1.7, 230, NaN, NaN, 0
6, 1829, 1, 1.6, 7, 300, 45, 0
6, 1830, 1, 1.65, 12, 200, 0, 0
6, 1831, 1, 1.6, 5, 250, 225, 0
6, 1832, 1, 1.7, 21, 250, 225, 0
6, 1833, 1, 1.6, 6, 350, 270, 0
6, 1834, 0, 1.7, 251, NaN, NaN, 1
6, 1835, 1, 1.6, 5, 250, 315, 0
6, 1836, 1, 1.65, 12, 200, 315, 1
6, 1837, 1, 1.6, 2, 250, 225, 0
6, 1838, 1, 1.7, 21, 400, 90, 1
6, 1839, 0, 1.65, 149, NaN, NaN, 0
6, 1840, 1, 1.65, 11, 350, 45, 0
6, 1841, 1, 1.7, 19, 200, 225, 1
6, 1842, 1, 1.7, 26, 50, 270, 1
6, 1843, 1, 1.6, 8, 50, 315, 1
6, 1844, 1, 1.65, 18, 250, 135, 0
6, 1845, 1, 1.7, 30, 50, 270, 1
6, 1846, 1, 1.6, 2, 50, 90, 1
6, 1847, 1, 1.7, 19, 350, 180, 0
6, 1848, 1, 1.7, 21, 400, 225, 0
6, 1849, 1, 1.65, 20, 250, 90, 1
6, 1850, 1, 1.65, 10, 300, 270, 1
6, 1851, 1, 1.65, 20, 300, 225, 0
6, 1852, 0, 1.6, 116, NaN, NaN, 0
6, 1853, 1, 1.65, 10, 200, 135, 1
6, 1854, 1, 1.65, 19, 250, 135, 0
6, 1855, 1, 1.7, 27, 150, 315, 1
6, 1856, 1, 1.7, 22, 400, 0, 1
6, 1857, 1, 1.7, 26, 100, 45, 1
6, 1858, 1, 1.7, 25, 350, 90, 1
6, 1859, 1, 1.7, 22, 250, 45, 1
6, 1860, 1, 1.6, 7, 100, 45, 0
6, 1861, 1, 1.65, 19, 50, 45, 1
6, 1862, 1, 1.65, 12, 50, 0, 1
6, 1863, 1, 1.65, 10, 50, 90, 1
6, 1864, 1, 1.6, 9, 200, 135, 1
6, 1865, 1, 1.6, 4, 250, 270, 0
6, 1866, 1, 1.65, 16, 200, 135, 0
6, 1867, 1, 1.65, 14, 150, 270, 1
6, 1868, 1, 1.7, 21, 350, 270, 1
6, 1869, 1, 1.6, 4, 250, 180, 1
6, 1870, 0, 1.65, 209, NaN, NaN, 0
6, 1871, 1, 1.6, 3, 150, 45, 0
6, 1872, 1, 1.65, 16, 350, 225, 0
6, 1873, 1, 1.65, 16, 400, 45, 1
6, 1874, 1, 1.65, 16, 50, 180, 1
6, 1875, 0, 1.65, 157, NaN, NaN, 0
6, 1876, 1, 1.65, 16, 250, 180, 0
6, 1877, 1, 1.7, 29, 250, 180, 0
6, 1878, 1, 1.6, 4, 50, 315, 0
6, 1879, 0, 1.65, 204, NaN, NaN, 0
6, 1880, 1, 1.6, 3, 300, 225, 0
6, 1881, 1, 1.7, 21, 150, 180, 1
6, 1882, 1, 1.7, 24, 50, 45, 1
6, 1883, 1, 1.7, 25, 150, 135, 0
6, 1884, 0, 1.7, 276, NaN, NaN, 0
6, 1885, 1, 1.65, 12, 150, 0, 0
6, 1886, 1, 1.7, 24, 150, 90, 0
6, 1887, 1, 1.65, 19, 200, 270, 1
6, 1888, 1, 1.65, 14, 100, 315, 1
6, 1889, 1, 1.7, 20, 50, 0, 1
6, 1890, 1, 1.7, 20, 350, 90, 1
6, 1891, 1, 1.7, 27, 200, 135, 1
6, 1892, 1, 1.6, 9, 400, 315, 0
6, 1893, 1, 1.7, 27, 350, 180, 1
6, 1894, 1, 1.65, 17, 250, 0, 1
6, 1895, 1, 1.65, 20, 250, 225, 0
6, 1896, 1, 1.7, 30, 150, 225, 1
6, 1897, 1, 1.6, 3, 150, 180, 1
6, 1898, 1, 1.7, 21, 300, 315, 1
6, 1899, 1, 1.65, 13, 100, 90, 1
6, 1900, 1, 1.65, 16, 400, 0, 0
6, 1901, 1, 1.7, 20, 400, 270, 1
6, 1902, 0, 1.65, 133, NaN, NaN, 0
6, 1903, 0, 1.7, 242, NaN, NaN, 1
6, 1904, 1, 1.65, 12, 400, 0, 1
6, 1905, 0, 1.7, 305, NaN, NaN, 0
6, 1906, 0, 1.6, 30, NaN, NaN, 0
6, 1907, 1, 1.6, 6, 300, 90, 0
6, 1908, 1, 1.7, 20, 250, 90, 1
6, 1909, 1, 1.65, 17, 350, 90, 1
6, 1910, 1, 1.7, 23, 400, 315, 0
6, 1911, 1, 1.6, 10, 400, 180, 0
6, 1912, 1, 1.65, 12, 150, 315, 0
6, 1913, 1, 1.65, 10, 400, 0, 0
6, 1914, 1, 1.6, 5, 50, 270, 1
6, 1915, 1, 1.7, 27, 300, 315, 1
6, 1916, 1, 1.7, 21, 200, 180, 1
6, 1917, 1, 1.7, 30, 200, 45, 1
6, 1918, 1, 1.7, 27, 400, 45, 1
6, 1919, 1, 1.6, 4, 100, 225, 0
6, 1920, 1, 1.6, 10, 200, 45, 0
6, 1921, 1, 1.65, 14, 150, 45, 0
6, 1922, 1, 1.7, 28, 200, 0, 1
6, 1923, 1, 1.65, 14, 50, 90, 1
6, 1924, 1, 1.65, 20, 300, 180, 0
6, 1925, 1, 1.7, 28, 350, 0, 1
6, 1926, 1, 1.65, 20, 350, 45, 0
6, 1927, 1, 1.6, 8, 350, 225, 0
6, 1928, 1, 1.6, 10, 150, 135, 1
6, 1929, 1, 1.65, 18, 350, 270, 0
6, 1930, 1, 1.65, 13, 350, 0, 1
6, 1931, 0, 1.6, 37, NaN, NaN, 0
6, 1932, 1, 1.7, 25, 100, 180, 1
6, 1933, 1, 1.7, 20, 300, 270, 1
6, 1934, 1, 1.7, 25, 200, 315, 1
6, 1935, 1, 1.65, 15, 100, 90, 1
6, 1936, 1, 1.65, 18, 300, 45, 1
6, 1937, 1, 1.65, 10, 300, 225, 1
6, 1938, 0, 1.7, 213, NaN, NaN, 0
6, 1939, 1, 1.7, 20, 400, 135, 1
6, 1940, 0, 1.7, 227, NaN, NaN, 0
6, 1941, 1, 1.6, 3, 50, 0, 1
6, 1942, 1, 1.7, 28, 50, 90, 0
6, 1943, 1, 1.7, 23, 200, 180, -1
6, 1944, 1, 1.7, 27, 150, 45, 1
6, 1945, 1, 1.65, 19, 300, 135, 1
6, 1946, 1, 1.65, 10, 350, 270, 0
6, 1947, 1, 1.65, 13, 200, 270, 1
6, 1948, 1, 1.65, 19, 250, 45, 0
6, 1949, 1, 1.6, 8, 250, 270, 0
6, 1950, 1, 1.65, 20, 50, 315, 1
6, 1951, 1, 1.65, 16, 250, 135, 1
6, 1952, 1, 1.7, 19, 350, 90, 1
6, 1953, 1, 1.65, 18, 50, 0, 1
6, 1954, 1, 1.65, 20, 150, 270, 1
6, 1955, 0, 1.7, 278, NaN, NaN, 0
6, 1956, 1, 1.7, 19, 150, 90, 1
6, 1957, 1, 1.7, 23, 100, 225, 1
6, 1958, 1, 1.6, 4, 400, 0, 1
6, 1959, 1, 1.65, 14, 400, 225, 0
6, 1960, 0, 1.7, 254, NaN, NaN, 0
6, 1961, 1, 1.65, 13, 50, 45, 1
6, 1962, 0, 1.6, 54, NaN, NaN, 0
6, 1963, 0, 1.7, 297, NaN, NaN, 0
6, 1964, 1, 1.7, 28, 200, 45, 1
6, 1965, 1, 1.65, 20, 100, 315, 1
6, 1966, 1, 1.6, 4, 200, 180, 0
6, 1967, 1, 1.65, 20, 400, 45, 0
6, 1968, 1, 1.7, 27, 300, 270, 0
6, 1969, 1, 1.6, 3, 100, 45, 1
6, 1970, 1, 1.7, 24, 100, 225, 1
6, 1971, 1, 1.7, 22, 150, 180, 1
6, 1972, 1, 1.7, 21, 350, 45, 0
6, 1973, 1, 1.65, 11, 100, 180, 1
6, 1974, 1, 1.65, 15, 300, 135, 1
6, 1975, 1, 1.65, 11, 50, 270, 1
6, 1976, 1, 1.65, 16, 250, 0, 1
6, 1977, 1, 1.65, 11, 250, 0, 1
6, 1978, 1, 1.7, 28, 150, 180, 1
6, 1979, 1, 1.65, 20, 250, 45, 1
6, 1980, 1, 1.6, 7, 400, 315, 1
6, 1981, 1, 1.7, 26, 250, 270, 1
6, 1982, 1, 1.7, 21, 150, 315, 1
6, 1983, 1, 1.6, 9, 350, 225, 1
6, 1984, 1, 1.7, 22, 300, 315, 1
6, 1985, 1, 1.65, 12, 300, 0, 0
6, 1986, 1, 1.65, 10, 250, 180, 0
6, 1987, 1, 1.7, 22, 250, 315, 0
6, 1988, 0, 1.65, 135, NaN, NaN, 0
6, 1989, 1, 1.6, 7, 250, 225, 0
6, 1990, 1, 1.6, 5, 100, 90, 1
6, 1991, 1, 1.65, 12, 300, 315, 0
6, 1992, 1, 1.6, 6, 400, 270, 1
6, 1993, 1, 1.7, 27, 250, 225, 0
6, 1994, 1, 1.7, 21, 250, 90, -1
6, 1995, 1, 1.6, 1, 100, 135, 0
6, 1996, 1, 1.7, 24, 100, 315, 0
6, 1997, 1, 1.7, 20, 350, 315, 0
6, 1998, 1, 1.65, 19, 150, 270, 1
6, 1999, 0, 1.6, 80, NaN, NaN, 0
6, 2000, 1, 1.6, 10, 300, 0, 0
6, 2001, 0, 1.65, 214, NaN, NaN, 0
6, 2002, 1, 1.6, 2, 200, 0, 0
6, 2003, 1, 1.7, 24, 300, 315, 1
6, 2004, 1, 1.7, 19, 150, 135, 1
6, 2005, 1, 1.6, 8, 100, 90, 1
6, 2006, 1, 1.65, 19, 100, 90, 1
6, 2007, 1, 1.7, 26, 50, 225, 1
6, 2008, 1, 1.65, 19, 50, 315, 1
6, 2009, 0, 1.65, 151, NaN, NaN, 0
6, 2010, 1, 1.6, 6, 400, 0, 1
6, 2011, 1, 1.6, 5, 250, 0, 0
6, 2012, 1, 1.65, 14, 200, 315, 0
6, 2013, 1, 1.65, 18, 100, 270, 1
6, 2014, 0, 1.7, 256, NaN, NaN, 0
6, 2015, 1, 1.65, 11, 300, 90, 0
6, 2016, 1, 1.6, 2, 350, 135, 0
6, 2017, 0, 1.65, 203, NaN, NaN, 0
6, 2018, 1, 1.65, 17, 200, 180, 1
6, 2019, 1, 1.65, 13, 200, 90, -1
6, 2020, 0, 1.7, 257, NaN, NaN, 1
6, 2021, 1, 1.7, 22, 300, 45, 1
6, 2022, 1, 1.65, 15, 150, 0, 0
6, 2023, 1, 1.7, 28, 150, 0, 1
6, 2024, 1, 1.6, 9, 300, 0, 0
6, 2025, 1, 1.7, 25, 50, 45, 1
6, 2026, 1, 1.6, 5, 50, 0, 1
6, 2027, 1, 1.7, 25, 350, 135, 1
6, 2028, 1, 1.65, 16, 350, 315, 0
6, 2029, 1, 1.65, 13, 100, 225, 0
6, 2030, 1, 1.65, 16, 200, 180, 1
6, 2031, 1, 1.7, 24, 400, 180, 1
6, 2032, 1, 1.7, 27, 350, 225, 0
6, 2033, 1, 1.7, 30, 150, 45, 1
6, 2034, 1, 1.65, 15, 50, 225, 1
6, 2035, 1, 1.7, 25, 150, 225, 1
6, 2036, 0, 1.7, 289, NaN, NaN, 0
6, 2037, 1, 1.7, 28, 400, 90, 1
6, 2038, 1, 1.6, 1, 150, 90, 0
6, 2039, 1, 1.6, 1, 150, 315, 0
6, 2040, 1, 1.7, 27, 250, 315, 1
6, 2041, 1, 1.6, 3, 400, 315, 0
6, 2042, 1, 1.7, 25, 300, 0, 0
6, 2043, 1, 1.65, 12, 400, 270, 1
6, 2044, 1, 1.7, 22, 300, 135, 0
6, 2045, 0, 1.6, 65, NaN, NaN, 0
6, 2046, 1, 1.7, 27, 300, 0, 0
6, 2047, 1, 1.7, 22, 400, 135, 1
6, 2048, 1, 1.7, 20, 300, 135, 1
6, 2049, 1, 1.7, 26, 400, 0, 0
6, 2050, 1, 1.65, 11, 150, 225, 0
6, 2051, 1, 1.6, 9, 150, 180, 1
6, 2052, 1, 1.7, 23, 350, 90, 1
6, 2053, 1, 1.65, 11, 100, 90, 1
6, 2054, 1, 1.7, 25, 50, 270, 1
6, 2055, 1, 1.6, 8, 300, 315, 0
6, 2056, 1, 1.7, 22, 400, 315, 1
6, 2057, 1, 1.65, 20, 350, 315, 0
6, 2058, 1, 1.6, 4, 250, 90, 0
6, 2059, 1, 1.6, 4, 350, 225, 0
6, 2060, 1, 1.7, 27, 50, 45, 1
6, 2061, 1, 1.6, 1, 50, 225, 1
6, 2062, 1, 1.6, 1, 250, 45, 0
6, 2063, 1, 1.6, 7, 50, 90, 1
6, 2064, 1, 1.7, 21, 250, 180, 1
6, 2065, 1, 1.7, 24, 150, 45, 1
6, 2066, 1, 1.65, 12, 100, 270, 1
6, 2067, 1, 1.6, 3, 250, 315, 0
6, 2068, 1, 1.6, 3, 350, 0, 1
6, 2069, 1, 1.6, 3, 150, 135, 0
6, 2070, 1, 1.6, 7, 300, 90, 0
6, 2071, 0, 1.6, 67, NaN, NaN, 0
6, 2072, 1, 1.7, 27, 350, 90, 1
6, 2073, 1, 1.6, 10, 50, 45, 1
6, 2074, 1, 1.7, 28, 100, 45, 1
6, 2075, 1, 1.7, 22, 100, 90, 1
6, 2076, 1, 1.65, 11, 150, 45, 1
6, 2077, 1, 1.65, 17, 250, 315, 0
6, 2078, 1, 1.7, 26, 250, 90, 1
6, 2079, 0, 1.65, 153, NaN, NaN, 0
6, 2080, 1, 1.65, 14, 50, 270, 1
6, 2081, 1, 1.7, 19, 100, 90, 1
6, 2082, 1, 1.65, 16, 50, 0, 1
6, 2083, 0, 1.6, 70, NaN, NaN, 0
6, 2084, 1, 1.6, 7, 200, 225, 1
6, 2085, 1, 1.6, 9, 400, 270, 0
6, 2086, 1, 1.65, 15, 250, 0, 0
6, 2087, 1, 1.6, 6, 200, 45, 0
6, 2088, 0, 1.7, 295, NaN, NaN, 0
6, 2089, 0, 1.7, 225, NaN, NaN, 0
6, 2090, 1, 1.7, 30, 250, 135, 0
6, 2091, 1, 1.7, 30, 200, 90, 1
6, 2092, 0, 1.7, 282, NaN, NaN, 0
6, 2093, 1, 1.6, 5, 300, 270, 0
6, 2094, 1, 1.6, 7, 300, 180, 0
6, 2095, 1, 1.65, 18, 150, 0, 1
6, 2096, 1, 1.65, 10, 350, 225, 0
6, 2097, 1, 1.65, 15, 400, 90, 0
6, 2098, 0, 1.65, 212, NaN, NaN, 0
6, 2099, 1, 1.65, 16, 100, 90, 1
6, 2100, 1, 1.7, 25, 100, 225, 1
6, 2101, 1, 1.7, 28, 150, 225, 1
6, 2102, 1, 1.7, 20, 300, 225, 0
6, 2103, 1, 1.6, 5, 300, 45, 0
6, 2104, 1, 1.6, 8, 200, 225, 1
6, 2105, 1, 1.65, 13, 100, 0, 0
6, 2106, 1, 1.65, 13, 150, 0, 0
6, 2107, 1, 1.6, 3, 100, 315, -1
6, 2108, 1, 1.6, 1, 350, 90, 0
6, 2109, 1, 1.6, 7, 150, 315, 0
6, 2110, 1, 1.6, 9, 100, 180, 1
6, 2111, 1, 1.65, 20, 100, 270, 1
6, 2112, 1, 1.65, 11, 100, 45, 1
6, 2113, 1, 1.7, 25, 250, 90, 1
6, 2114, 1, 1.65, 18, 50, 225, 1
6, 2115, 1, 1.7, 22, 50, 45, 1
6, 2116, 1, 1.6, 9, 150, 135, 0
6, 2117, 0, 1.6, 91, NaN, NaN, 0
6, 2118, 1, 1.7, 23, 100, 135, 1
6, 2119, 0, 1.6, 107, NaN, NaN, 0
6, 2120, 1, 1.7, 29, 400, 315, 1
6, 2121, 1, 1.65, 10, 50, 180, 1
6, 2122, 1, 1.65, 19, 350, 0, 0
6, 2123, 1, 1.65, 14, 350, 270, 1
6, 2124, 1, 1.65, 14, 250, 270, 0
6, 2125, 1, 1.6, 9, 200, 0, 0
6, 2126, 1, 1.65, 15, 50, 45, 1
6, 2127, 1, 1.7, 27, 100, 45, 1
6, 2128, 1, 1.7, 29, 350, 225, 0
6, 2129, 0, 1.65, 202, NaN, NaN, 0
6, 2130, 1, 1.7, 30, 250, 90, 1
6, 2131, 1, 1.65, 14, 200, 270, 1
6, 2132, 1, 1.6, 4, 100, 45, 0
6, 2133, 1, 1.65, 14, 100, 270, 1
6, 2134, 1, 1.65, 13, 50, 135, 1
6, 2135, 1, 1.6, 9, 300, 180, 0
6, 2136, 1, 1.65, 16, 150, 0, 0
6, 2137, 1, 1.65, 20, 250, 135, 0
6, 2138, 0, 1.65, 139, NaN, NaN, 0
6, 2139, 0, 1.7, 224, NaN, NaN, 0
6, 2140, 1, 1.65, 20, 200, 315, 0
6, 2141, 1, 1.65, 11, 50, 180, 0
6, 2142, 1, 1.65, 13, 200, 135, 1
6, 2143, 1, 1.65, 18, 350, 225, 0
6, 2144, 1, 1.65, 11, 400, 315, 0
6, 2145, 1, 1.6, 9, 300, 315, 0
6, 2146, 1, 1.65, 18, 200, 45, 1
6, 2147, 1, 1.65, 14, 100, 225, 1
6, 2148, 1, 1.7, 19, 150, 0, 1
6, 2149, 1, 1.7, 24, 150, 0, 1
6, 2150, 1, 1.6, 3, 400, 270, 0
6, 2151, 0, 1.65, 143, NaN, NaN, 0
6, 2152, 1, 1.7, 25, 150, 270, 1
6, 2153, 0, 1.7, 274, NaN, NaN, 0
6, 2154, 1, 1.6, 1, 300, 135, 0
6, 2155, 1, 1.7, 21, 100, 225, 1
6, 2156, 1, 1.7, 23, 50, 270, 1
6, 2157, 1, 1.6, 8, 400, 135, 0
6, 2158, 1, 1.7, 28, 100, 0, 1
6, 2159, 1, 1.7, 19, 250, 90, 1
6, 2160, 1, 1.65, 18, 250, 45, 1
6, 2161, 1, 1.7, 22, 400, 225, 1
6, 2162, 1, 1.7, 19, 50, 315, 1
6, 2163, 1, 1.65, 19, 400, 315, 0
6, 2164, 1, 1.65, 12, 250, 135, 0
6, 2165, 1, 1.6, 5, 150, 315, 1
6, 2166, 1, 1.7, 21, 250, 135, 1
6, 2167, 1, 1.7, 21, 50, 45, 1
6, 2168, 1, 1.7, 28, 300, 270, 0
6, 2169, 1, 1.7, 29, 300, 90, 0
6, 2170, 1, 1.6, 7, 350, 135, 0
6, 2171, 0, 1.7, 232, NaN, NaN, 0
6, 2172, 1, 1.6, 4, 50, 270, 1
6, 2173, 1, 1.7, 26, 300, 180, 1
6, 2174, 1, 1.65, 20, 100, 180, 1
6, 2175, 1, 1.7, 29, 50, 0, 1
6, 2176, 1, 1.7, 26, 250, 45, 0
6, 2177, 1, 1.7, 26, 350, 135, 1
6, 2178, 1, 1.7, 19, 400, 45, 1
6, 2179, 1, 1.65, 15, 150, 180, 0
6, 2180, 1, 1.6, 5, 150, 270, 0
6, 2181, 1, 1.7, 22, 350, 180, 1
6, 2182, 1, 1.7, 26, 150, 45, 1
6, 2183, 1, 1.65, 17, 150, 0, 1
6, 2184, 1, 1.65, 20, 100, 135, 1
6, 2185, 1, 1.6, 3, 300, 135, 0
6, 2186, 1, 1.65, 11, 100, 135, 1
6, 2187, 1, 1.65, 15, 150, 225, 1
6, 2188, 1, 1.65, 10, 150, 90, 1
6, 2189, 1, 1.65, 13, 350, 270, 0
6, 2190, 0, 1.7, 293, NaN, NaN, 0
6, 2191, 1, 1.7, 27, 350, 45, 0
6, 2192, 1, 1.7, 23, 150, 45, 1
6, 2193, 1, 1.6, 4, 200, 270, 1
6, 2194, 1, 1.65, 14, 200, 90, 1
6, 2195, 1, 1.7, 27, 250, 270, 0
6, 2196, 1, 1.65, 17, 350, 0, 1
6, 2197, 1, 1.7, 22, 100, 0, 1
6, 2198, 1, 1.6, 7, 350, 45, 1
6, 2199, 1, 1.65, 13, 50, 0, 1
6, 2200, 1, 1.65, 12, 350, 225, 0
6, 2201, 1, 1.65, 16, 150, 225, 0
6, 2202, 1, 1.7, 20, 100, 180, 1
6, 2203, 1, 1.65, 14, 200, 135, 0
6, 2204, 1, 1.6, 9, 100, 225, 1
6, 2205, 1, 1.65, 20, 200, 135, 0
6, 2206, 1, 1.7, 29, 350, 270, 0
6, 2207, 1, 1.6, 9, 350, 180, 0
6, 2208, 1, 1.6, 8, 200, 135, 0
6, 2209, 1, 1.6, 9, 250, 315, 0
6, 2210, 1, 1.7, 20, 350, 225, 0
6, 2211, 1, 1.7, 19, 350, 135, 1
6, 2212, 1, 1.65, 19, 200, 225, 0
6, 2213, 1, 1.6, 8, 50, 45, 1
6, 2214, 1, 1.65, 18, 400, 45, 0
6, 2215, 0, 1.7, 263, NaN, NaN, 0
6, 2216, 1, 1.7, 28, 350, 315, 1
6, 2217, 1, 1.7, 24, 200, 90, 1
6, 2218, 1, 1.7, 24, 100, 270, 1
6, 2219, 1, 1.65, 15, 350, 315, 1
6, 2220, 1, 1.65, 12, 200, 45, 1
6, 2221, 0, 1.7, 292, NaN, NaN, 0
6, 2222, 1, 1.7, 22, 350, 45, 1
6, 2223, 1, 1.6, 7, 100, 225, 0
6, 2224, 1, 1.7, 30, 150, 135, 1
6, 2225, 0, 1.65, 183, NaN, NaN, 0
6, 2226, 1, 1.6, 10, 400, 45, 0
6, 2227, 0, 1.6, 53, NaN, NaN, 0
6, 2228, 1, 1.6, 8, 100, 180, 0
6, 2229, 1, 1.6, 8, 400, 180, 0
6, 2230, 1, 1.6, 1, 50, 0, 0
6, 2231, 1, 1.65, 19, 200, 180, 1
6, 2232, 1, 1.7, 30, 350, 180, 0
6, 2233, 1, 1.7, 20, 200, 135, 1
6, 2234, 1, 1.65, 17, 250, 180, 0
6, 2235, 1, 1.7, 30, 200, 135, 0
6, 2236, 0, 1.6, 74, NaN, NaN, 0
6, 2237, 0, 1.7, 307, NaN, NaN, 0
6, 2238, 0, 1.6, 57, NaN, NaN, 0
6, 2239, 1, 1.6, 3, 300, 180, 0
6, 2240, 0, 1.6, 79, NaN, NaN, 0
6, 2241, 1, 1.7, 26, 150, 0, 0
6, 2242, 1, 1.7, 21, 350, 225, 0
6, 2243, 1, 1.6, 9, 200, 45, 1
6, 2244, 0, 1.7, 255, NaN, NaN, 0
6, 2245, 1, 1.7, 23, 200, 270, 1
6, 2246, 1, 1.7, 22, 300, 225, 0
6, 2247, 1, 1.7, 19, 350, 270, 1
6, 2248, 1, 1.6, 9, 100, 45, 1
6, 2249, 1, 1.7, 20, 150, 90, 1
6, 2250, 1, 1.6, 5, 150, 0, 1
6, 2251, 1, 1.65, 20, 400, 180, 1
6, 2252, 1, 1.7, 26, 350, 315, 1
6, 2253, 1, 1.6, 6, 50, 270, 1
6, 2254, 1, 1.7, 25, 400, 180, 0
6, 2255, 1, 1.7, 24, 100, 135, 1
6, 2256, 1, 1.7, 19, 100, 0, 1
6, 2257, 1, 1.6, 9, 350, 45, 0
6, 2258, 0, 1.7, 266, NaN, NaN, 1
6, 2259, 1, 1.6, 7, 250, 45, 0
6, 2260, 1, 1.6, 2, 150, 270, 1
6, 2261, 1, 1.65, 14, 50, 315, 1
6, 2262, 1, 1.6, 10, 50, 225, 1
6, 2263, 1, 1.7, 28, 350, 225, 0
6, 2264, 1, 1.6, 8, 300, 180, 0
6, 2265, 1, 1.6, 3, 300, 90, 0
6, 2266, 1, 1.6, 10, 250, 225, 0
6, 2267, 1, 1.65, 17, 300, 135, 0
6, 2268, 1, 1.7, 27, 150, 180, 1
6, 2269, 1, 1.7, 20, 300, 0, 0
6, 2270, 1, 1.65, 11, 400, 135, 0
6, 2271, 1, 1.7, 23, 100, 270, 1
6, 2272, 1, 1.7, 29, 200, 0, 0
6, 2273, 1, 1.65, 16, 300, 315, 1
6, 2274, 1, 1.6, 6, 350, 45, 0
6, 2275, 1, 1.65, 20, 350, 270, 0
6, 2276, 1, 1.65, 20, 100, 45, 1
6, 2277, 1, 1.7, 26, 200, 315, 1
6, 2278, 1, 1.6, 6, 200, 135, 0
6, 2279, 1, 1.7, 28, 400, 315, 1
6, 2280, 1, 1.6, 6, 100, 315, 0
6, 2281, 1, 1.6, 4, 200, 135, 1
6, 2282, 1, 1.65, 11, 250, 270, 1
6, 2283, 0, 1.7, 209, NaN, NaN, 0
6, 2284, 0, 1.7, 298, NaN, NaN, 0
6, 2285, 1, 1.7, 21, 150, 270, 1
6, 2286, 0, 1.6, 71, NaN, NaN, 0
6, 2287, 1, 1.7, 29, 150, 135, 1
6, 2288, 1, 1.7, 21, 50, 315, 1
6, 2289, 1, 1.7, 25, 300, 315, 0
6, 2290, 1, 1.65, 18, 350, 135, 1
6, 2291, 1, 1.7, 22, 300, 90, 1
6, 2292, 1, 1.65, 13, 300, 45, -1
6, 2293, 1, 1.7, 20, 150, 135, 1
6, 2294, 1, 1.6, 2, 400, 180, 0
6, 2295, 1, 1.65, 18, 100, 315, 1
6, 2296, 1, 1.7, 23, 50, 180, 1
6, 2297, 1, 1.7, 27, 250, 45, 0
6, 2298, 1, 1.7, 26, 50, 135, 1
6, 2299, 1, 1.65, 15, 350, 90, 0
6, 2300, 1, 1.7, 24, 100, 90, 1
6, 2301, 1, 1.65, 11, 100, 225, 1
6, 2302, 1, 1.6, 1, 300, 315, 0
6, 2303, 0, 1.7, 317, NaN, NaN, 0
6, 2304, 1, 1.65, 11, 50, 45, 1
6, 2305, 1, 1.65, 20, 50, 270, 0
6, 2306, 1, 1.65, 13, 300, 180, 1
6, 2307, 1, 1.7, 29, 150, 225, 1
6, 2308, 1, 1.7, 28, 200, 315, 1
6, 2309, 1, 1.7, 28, 250, 90, 0
6, 2310, 1, 1.7, 20, 250, 315, 1
6, 2311, 1, 1.6, 3, 250, 90, 0
6, 2312, 0, 1.6, 34, NaN, NaN, 1
6, 2313, 1, 1.7, 27, 300, 45, 1
6, 2314, 1, 1.6, 9, 250, 225, 0
6, 2315, 1, 1.7, 26, 150, 225, 1
6, 2316, 1, 1.65, 17, 100, 135, 1
6, 2317, 1, 1.7, 20, 250, 270, 1
6, 2318, 1, 1.7, 22, 100, 315, 1
6, 2319, 1, 1.6, 8, 150, 0, 0
6, 2320, 1, 1.6, 1, 250, 225, 1
6, 2321, 1, 1.65, 19, 350, 315, 0
6, 2322, 1, 1.6, 1, 400, 135, 0
6, 2323, 1, 1.6, 8, 150, 45, 0
6, 2324, 1, 1.7, 24, 300, 135, 0
6, 2325, 1, 1.6, 5, 350, 90, 0
6, 2326, 1, 1.65, 14, 250, 180, 0
6, 2327, 1, 1.6, 7, 200, 45, 0
6, 2328, 1, 1.65, 15, 100, 180, 1
6, 2329, 1, 1.7, 22, 200, 180, 0
6, 2330, 1, 1.65, 16, 100, 315, 0
6, 2331, 1, 1.6, 6, 50, 135, 1
6, 2332, 0, 1.65, 146, NaN, NaN, 1
6, 2333, 1, 1.65, 10, 150, 225, 0
6, 2334, 1, 1.6, 6, 100, 135, 1
6, 2335, 1, 1.7, 20, 200, 180, 1
6, 2336, 1, 1.6, 9, 200, 270, 0
6, 2337, 1, 1.6, 4, 350, 270, 0
6, 2338, 1, 1.6, 5, 350, 45, 0
6, 2339, 1, 1.65, 15, 250, 315, 0
6, 2340, 0, 1.7, 269, NaN, NaN, 0
6, 2341, 1, 1.7, 21, 400, 135, 0
6, 2342, 0, 1.65, 128, NaN, NaN, 0
6, 2343, 1, 1.6, 1, 200, 270, 1
6, 2344, 0, 1.7, 204, NaN, NaN, 0
6, 2345, 1, 1.65, 20, 300, 45, 0
6, 2346, 1, 1.6, 4, 150, 315, 1
6, 2347, 0, 1.65, 176, NaN, NaN, 0
6, 2348, 1, 1.65, 13, 300, 0, 0
6, 2349, 0, 1.7, 312, NaN, NaN, 0
6, 2350, 1, 1.65, 13, 250, 135, 1
6, 2351, 1, 1.7, 24, 50, 270, 1
6, 2352, 1, 1.7, 28, 150, 45, 1
6, 2353, 1, 1.65, 12, 350, 45, 1
6, 2354, 1, 1.7, 22, 250, 0, 1
6, 2355, 1, 1.7, 29, 200, 315, 1
6, 2356, 1, 1.6, 1, 400, 270, 0
6, 2357, 1, 1.65, 13, 400, 315, 0
6, 2358, 1, 1.6, 3, 400, 225, 0
6, 2359, 1, 1.7, 28, 300, 225, 0
6, 2360, 1, 1.65, 11, 100, 270, 0
6, 2361, 1, 1.6, 7, 350, 225, 1
6, 2362, 1, 1.6, 2, 150, 225, 1
6, 2363, 1, 1.7, 30, 350, 45, 1
6, 2364, 1, 1.65, 14, 150, 225, 0
6, 2365, 0, 1.6, 113, NaN, NaN, 0
6, 2366, 1, 1.65, 14, 150, 180, 0
6, 2367, 1, 1.65, 16, 400, 135, 0
6, 2368, 0, 1.65, 180, NaN, NaN, 0
6, 2369, 1, 1.65, 16, 300, 270, 0
6, 2370, 1, 1.7, 26, 50, 90, 1
6, 2371, 1, 1.65, 13, 300, 90, 1
6, 2372, 1, 1.7, 19, 200, 90, 1
6, 2373, 0, 1.65, 123, NaN, NaN, 1
6, 2374, 0, 1.65, 172, NaN, NaN, 1
6, 2375, 1, 1.7, 21, 300, 90, 1
6, 2376, 0, 1.7, 250, NaN, NaN, 1
6, 2377, 1, 1.7, 21, 400, 315, 0
6, 2378, 0, 1.7, 222, NaN, NaN, 0
6, 2379, 0, 1.7, 211, NaN, NaN, 0
6, 2380, 1, 1.65, 11, 50, 315, 1
6, 2381, 1, 1.65, 19, 200, 0, 1
6, 2382, 1, 1.6, 8, 100, 0, 0
6, 2383, 1, 1.6, 2, 400, 225, 0
6, 2384, 1, 1.6, 10, 150, 90, 1
6, 2385, 1, 1.65, 13, 350, 135, 0
6, 2386, 1, 1.7, 29, 250, 315, 0
6, 2387, 1, 1.6, 3, 250, 270, -1
6, 2388, 1, 1.6, 2, 250, 180, 1
6, 2389, 1, 1.6, 10, 400, 0, 0
6, 2390, 1, 1.7, 26, 250, 315, 0
6, 2391, 1, 1.6, 6, 350, 180, 0
6, 2392, 1, 1.65, 16, 350, 270, 1
6, 2393, 1, 1.6, 1, 150, 135, 0
6, 2394, 1, 1.6, 2, 250, 45, 0
6, 2395, 1, 1.65, 12, 50, 225, 1
6, 2396, 1, 1.65, 18, 200, 225, 1
6, 2397, 1, 1.7, 27, 350, 135, 0
6, 2398, 1, 1.7, 24, 200, 225, 1
6, 2399, 1, 1.65, 12, 300, 45, 0
6, 2400, 1, 1.6, 5, 400, 270, 0
6, 2401, 1, 1.65, 15, 350, 180, 1
6, 2402, 1, 1.6, 3, 50, 45, 0
6, 2403, 1, 1.6, 3, 150, 90, 1
6, 2404, 1, 1.6, 2, 100, 90, 1
6, 2405, 1, 1.7, 24, 400, 135, 1
6, 2406, 1, 1.7, 24, 200, 135, 1
6, 2407, 0, 1.7, 221, NaN, NaN, 0
6, 2408, 1, 1.65, 11, 400, 45, 0
6, 2409, 1, 1.6, 1, 100, 180, 0
6, 2410, 1, 1.6, 4, 250, 135, 0
6, 2411, 1, 1.65, 11, 300, 135, 0
6, 2412, 1, 1.7, 19, 250, 45, 1
6, 2413, 1, 1.65, 15, 150, 135, 0
6, 2414, 1, 1.6, 7, 50, 225, 1
6, 2415, 1, 1.65, 17, 100, 0, 1
6, 2416, 1, 1.6, 7, 300, 0, 1
6, 2417, 1, 1.7, 24, 150, 225, 1
6, 2418, 1, 1.7, 27, 300, 135, 0
6, 2419, 1, 1.6, 3, 50, 225, 1
6, 2420, 1, 1.6, 7, 350, 180, 0
6, 2421, 1, 1.7, 23, 400, 0, 0
6, 2422, 1, 1.7, 24, 50, 135, 1
6, 2423, 1, 1.6, 10, 250, 135, 1
6, 2424, 1, 1.65, 17, 50, 270, 1
6, 2425, 1, 1.65, 17, 300, 0, 0
6, 2426, 1, 1.65, 15, 200, 315, 0
6, 2427, 1, 1.7, 22, 200, 270, 1
6, 2428, 1, 1.7, 21, 50, 135, 1
6, 2429, 1, 1.7, 26, 250, 180, 1
6, 2430, 1, 1.6, 2, 150, 315, 1
6, 2431, 1, 1.6, 2, 400, 45, 0
6, 2432, 1, 1.7, 28, 200, 135, 0
6, 2433, 0, 1.65, 184, NaN, NaN, 0
6, 2434, 1, 1.6, 3, 350, 90, 0
6, 2435, 1, 1.65, 12, 150, 180, 1
6, 2436, 1, 1.7, 21, 300, 45, 1
6, 2437, 1, 1.65, 16, 400, 225, 1
6, 2438, 0, 1.7, 288, NaN, NaN, 1
6, 2439, 1, 1.65, 12, 300, 270, 1
