participantNumber, trialNum, TargetPresent, beta, seed, r, phi, respose
8, 1, 0, 1.65, 134, NaN, NaN, 0
8, 2, 1, 1.6, 3, 300, 315, 1
8, 3, 1, 1.65, 18, 400, 90, 1
8, 4, 1, 1.6, 6, 200, 135, 0
8, 5, 1, 1.7, 25, 250, 315, 0
8, 6, 1, 1.6, 4, 350, 225, 0
8, 7, 1, 1.6, 3, 350, 180, 1
8, 8, 1, 1.7, 26, 200, 45, 0
8, 9, 1, 1.6, 8, 250, 180, 0
8, 10, 1, 1.6, 8, 200, 0, 1
8, 11, 0, 1.65, 160, NaN, NaN, 0
8, 12, 0, 1.6, 60, NaN, NaN, 0
8, 13, 0, 1.6, 54, NaN, NaN, 0
8, 14, 1, 1.6, 8, 400, 90, 0
8, 15, 1, 1.6, 6, 50, 0, 0
8, 16, 1, 1.65, 12, 150, 90, 0
8, 17, 1, 1.7, 21, 100, 315, 1
8, 18, 0, 1.7, 262, NaN, NaN, 0
8, 19, 1, 1.6, 9, 250, 270, -1
8, 20, 1, 1.6, 3, 400, 315, -1
8, 21, 1, 1.65, 16, 400, 225, 0
8, 22, 1, 1.6, 9, 150, 225, 0
8, 23, 1, 1.7, 27, 150, 45, -1
8, 24, 1, 1.6, 9, 200, 90, 0
8, 25, 1, 1.6, 7, 200, 135, 0
8, 26, 0, 1.7, 285, NaN, NaN, 0
8, 27, 1, 1.7, 19, 50, 135, 1
8, 28, 1, 1.65, 14, 50, 135, 0
8, 29, 1, 1.65, 15, 200, 315, 0
8, 30, 0, 1.7, 238, NaN, NaN, 0
8, 31, 1, 1.65, 14, 400, 225, 0
8, 32, 1, 1.65, 18, 150, 135, 1
8, 33, 1, 1.65, 14, 50, 180, 1
8, 34, 1, 1.6, 8, 100, 45, 0
8, 35, 1, 1.6, 3, 200, 315, 0
8, 36, 1, 1.7, 19, 100, 135, 1
8, 37, 1, 1.65, 10, 150, 225, -1
8, 38, 1, 1.65, 16, 400, 135, 0
8, 39, 1, 1.65, 12, 100, 90, 1
8, 40, 0, 1.7, 270, NaN, NaN, 0
8, 41, 1, 1.6, 1, 50, 270, 0
8, 42, 1, 1.6, 4, 200, 225, 0
8, 43, 1, 1.7, 20, 400, 315, 1
8, 44, 1, 1.7, 20, 200, 135, 1
8, 45, 1, 1.7, 26, 350, 225, 1
8, 46, 1, 1.6, 1, 350, 315, 0
8, 47, 1, 1.65, 10, 200, 315, 0
8, 48, 1, 1.7, 22, 300, 45, 1
8, 49, 1, 1.65, 13, 400, 45, 0
8, 50, 1, 1.6, 8, 250, 0, 1
8, 51, 0, 1.6, 94, NaN, NaN, -1
8, 52, 1, 1.7, 23, 300, 90, 0
8, 53, 1, 1.65, 18, 400, 225, 0
8, 54, 0, 1.7, 231, NaN, NaN, 0
8, 55, 1, 1.7, 24, 250, 45, 1
8, 56, 1, 1.6, 1, 100, 315, 1
8, 57, 1, 1.65, 16, 350, 180, 0
8, 58, 1, 1.65, 10, 50, 225, 1
8, 59, 1, 1.65, 14, 200, 90, 1
8, 60, 1, 1.7, 24, 350, 90, 1
8, 61, 1, 1.7, 24, 200, 225, 1
8, 62, 1, 1.6, 5, 350, 180, 0
8, 63, 1, 1.7, 26, 400, 45, 0
8, 64, 1, 1.7, 21, 50, 225, 1
8, 65, 1, 1.6, 1, 300, 225, 0
8, 66, 1, 1.65, 12, 300, 225, 1
8, 67, 1, 1.6, 4, 300, 270, 0
8, 68, 1, 1.7, 25, 300, 45, 0
8, 69, 1, 1.7, 24, 350, 180, 0
8, 70, 1, 1.7, 21, 200, 315, 1
8, 71, 1, 1.7, 19, 150, 45, 1
8, 72, 1, 1.65, 16, 150, 270, 1
8, 73, 1, 1.6, 8, 350, 180, -1
8, 74, 1, 1.6, 9, 250, 225, 0
8, 75, 1, 1.7, 22, 100, 90, 1
8, 76, 1, 1.65, 10, 100, 135, 1
8, 77, 1, 1.65, 14, 350, 315, 0
8, 78, 1, 1.6, 7, 250, 0, 1
8, 79, 1, 1.6, 3, 400, 225, 1
8, 80, 1, 1.65, 18, 350, 45, 0
8, 81, 1, 1.65, 18, 300, 270, 0
8, 82, 1, 1.7, 25, 150, 45, 1
8, 83, 1, 1.6, 7, 400, 135, -1
8, 84, 1, 1.7, 21, 200, 135, 1
8, 85, 1, 1.6, 1, 250, 90, 1
8, 86, 1, 1.65, 11, 300, 135, 1
8, 87, 1, 1.6, 7, 100, 315, 0
8, 88, 1, 1.7, 25, 50, 225, 1
8, 89, 1, 1.6, 4, 150, 45, 0
8, 90, 1, 1.7, 21, 250, 90, 1
8, 91, 1, 1.65, 11, 50, 135, 1
8, 92, 1, 1.7, 27, 150, 315, 1
8, 93, 1, 1.65, 12, 200, 90, 1
8, 94, 1, 1.6, 1, 350, 90, 1
8, 95, 0, 1.6, 33, NaN, NaN, 0
8, 96, 1, 1.65, 13, 250, 45, 1
8, 97, 1, 1.7, 26, 50, 315, 1
8, 98, 1, 1.65, 12, 350, 180, 0
8, 99, 1, 1.6, 8, 150, 90, 0
8, 100, 1, 1.6, 5, 250, 45, 0
8, 101, 1, 1.65, 18, 200, 135, 0
8, 102, 1, 1.7, 24, 200, 0, 1
8, 103, 1, 1.6, 1, 200, 225, 0
8, 104, 1, 1.6, 4, 50, 180, 0
8, 105, 1, 1.7, 23, 400, 270, 1
8, 106, 1, 1.6, 7, 150, 45, 0
8, 107, 1, 1.6, 4, 250, 90, 1
8, 108, 1, 1.6, 5, 150, 45, 0
8, 109, 1, 1.6, 8, 100, 180, 0
8, 110, 1, 1.6, 1, 300, 315, 0
8, 111, 1, 1.6, 4, 150, 315, 1
8, 112, 1, 1.6, 1, 200, 135, 0
8, 113, 1, 1.7, 27, 350, 0, 0
8, 114, 0, 1.6, 112, NaN, NaN, 0
8, 115, 1, 1.6, 6, 150, 270, 0
8, 116, 1, 1.65, 12, 100, 180, 1
8, 117, 0, 1.7, 226, NaN, NaN, 0
8, 118, 1, 1.65, 15, 50, 135, 1
8, 119, 1, 1.7, 23, 100, 270, 1
8, 120, 1, 1.65, 11, 300, 270, 1
8, 121, 1, 1.6, 8, 100, 270, 0
8, 122, 1, 1.7, 19, 250, 90, 1
8, 123, 0, 1.7, 204, NaN, NaN, 0
8, 124, 1, 1.65, 16, 300, 225, 1
8, 125, 1, 1.65, 12, 400, 315, 0
8, 126, 0, 1.7, 229, NaN, NaN, 1
8, 127, 1, 1.7, 25, 100, 45, 1
8, 128, 1, 1.6, 9, 150, 0, 0
8, 129, 1, 1.65, 18, 200, 0, 1
8, 130, 1, 1.7, 21, 150, 135, 1
8, 131, 1, 1.6, 8, 50, 270, 1
8, 132, 1, 1.65, 17, 100, 270, 0
8, 133, 0, 1.65, 131, NaN, NaN, 0
8, 134, 0, 1.65, 173, NaN, NaN, 0
8, 135, 1, 1.7, 23, 150, 45, 1
8, 136, 1, 1.65, 16, 50, 225, 1
8, 137, 1, 1.65, 11, 200, 180, 1
8, 138, 1, 1.65, 15, 100, 270, 1
8, 139, 1, 1.65, 12, 100, 270, 1
8, 140, 1, 1.6, 9, 300, 270, 0
8, 141, 1, 1.6, 8, 350, 225, 0
8, 142, 0, 1.6, 28, NaN, NaN, 0
8, 143, 1, 1.7, 23, 150, 180, 1
8, 144, 1, 1.7, 24, 50, 0, 1
8, 145, 0, 1.7, 218, NaN, NaN, 0
8, 146, 1, 1.6, 5, 200, 180, 1
8, 147, 1, 1.6, 5, 200, 0, 0
8, 148, 0, 1.65, 187, NaN, NaN, 0
8, 149, 1, 1.65, 15, 100, 225, 1
8, 150, 0, 1.7, 283, NaN, NaN, 0
8, 151, 0, 1.65, 141, NaN, NaN, 0
8, 152, 0, 1.7, 216, NaN, NaN, 0
8, 153, 1, 1.65, 18, 400, 270, 1
8, 154, 1, 1.6, 6, 200, 45, 0
8, 155, 1, 1.65, 14, 400, 45, 0
8, 156, 1, 1.6, 9, 300, 180, 0
8, 157, 1, 1.65, 12, 50, 90, 1
8, 158, 1, 1.6, 3, 100, 90, 0
8, 159, 1, 1.65, 11, 150, 45, 1
8, 160, 0, 1.6, 80, NaN, NaN, 0
8, 161, 1, 1.65, 11, 250, 180, 1
8, 162, 1, 1.65, 14, 150, 135, -1
8, 163, 1, 1.7, 21, 150, 270, 1
8, 164, 1, 1.65, 15, 350, 180, 0
8, 165, 1, 1.65, 10, 350, 45, 0
8, 166, 1, 1.7, 19, 350, 90, 1
8, 167, 1, 1.7, 27, 400, 180, 0
8, 168, 0, 1.65, 133, NaN, NaN, 0
8, 169, 1, 1.7, 23, 150, 0, 1
8, 170, 1, 1.7, 25, 250, 180, 1
8, 171, 1, 1.6, 8, 350, 315, 0
8, 172, 0, 1.7, 215, NaN, NaN, 0
8, 173, 1, 1.6, 2, 100, 45, 1
8, 174, 1, 1.65, 12, 350, 225, 1
8, 175, 0, 1.6, 113, NaN, NaN, 0
8, 176, 1, 1.6, 7, 150, 135, 0
8, 177, 0, 1.6, 48, NaN, NaN, 0
8, 178, 1, 1.7, 20, 150, 225, 1
8, 179, 1, 1.6, 9, 150, 270, 0
8, 180, 1, 1.6, 8, 250, 90, 0
8, 181, 1, 1.6, 6, 300, 135, 0
8, 182, 1, 1.65, 17, 350, 90, 1
8, 183, 1, 1.65, 14, 300, 270, 0
8, 184, 1, 1.6, 9, 300, 225, 0
8, 185, 1, 1.65, 12, 200, 270, 0
8, 186, 1, 1.65, 15, 250, 90, 0
8, 187, 1, 1.65, 12, 350, 270, 1
8, 188, 0, 1.65, 190, NaN, NaN, 0
8, 189, 1, 1.6, 3, 250, 135, 0
8, 190, 1, 1.65, 13, 200, 270, 1
8, 191, 1, 1.6, 2, 50, 180, 1
8, 192, 1, 1.7, 26, 50, 180, 1
8, 193, 0, 1.7, 240, NaN, NaN, 0
8, 194, 1, 1.6, 9, 150, 45, 1
8, 195, 1, 1.65, 10, 350, 270, 0
8, 196, 1, 1.6, 9, 300, 45, 0
8, 197, 1, 1.6, 8, 300, 0, 0
8, 198, 1, 1.6, 1, 50, 0, 0
8, 199, 1, 1.6, 5, 250, 135, 0
8, 200, 1, 1.7, 26, 250, 0, 1
8, 201, 1, 1.6, 1, 300, 180, 0
8, 202, 1, 1.7, 20, 300, 135, 1
8, 203, 1, 1.65, 11, 150, 135, 1
8, 204, 1, 1.6, 4, 300, 225, 0
8, 205, 0, 1.65, 129, NaN, NaN, 0
8, 206, 1, 1.6, 6, 50, 315, 1
8, 207, 1, 1.7, 25, 250, 225, 1
8, 208, 1, 1.6, 5, 100, 180, 0
8, 209, 1, 1.65, 11, 200, 225, 1
8, 210, 1, 1.6, 7, 100, 0, 1
8, 211, 1, 1.65, 15, 50, 180, 1
8, 212, 1, 1.6, 3, 250, 180, 0
8, 213, 0, 1.6, 59, NaN, NaN, 0
8, 214, 1, 1.6, 6, 400, 315, 0
8, 215, 1, 1.7, 27, 50, 90, 1
8, 216, 1, 1.7, 26, 300, 225, 0
8, 217, 1, 1.7, 19, 250, 135, 1
8, 218, 1, 1.7, 22, 350, 315, 0
8, 219, 1, 1.6, 4, 250, 180, 1
8, 220, 1, 1.65, 10, 250, 270, 1
8, 221, 1, 1.7, 24, 200, 315, -1
8, 222, 1, 1.6, 5, 400, 135, 0
8, 223, 0, 1.6, 30, NaN, NaN, 0
8, 224, 1, 1.6, 8, 300, 45, 0
8, 225, 0, 1.7, 234, NaN, NaN, 0
8, 226, 1, 1.6, 5, 150, 0, 0
8, 227, 1, 1.65, 13, 200, 90, 1
8, 228, 1, 1.6, 6, 400, 0, 0
8, 229, 1, 1.65, 17, 300, 0, 0
8, 230, 0, 1.65, 194, NaN, NaN, 0
8, 231, 0, 1.7, 236, NaN, NaN, 0
8, 232, 1, 1.7, 22, 150, 90, 1
8, 233, 1, 1.6, 4, 100, 225, 0
8, 234, 1, 1.65, 12, 150, 315, 0
8, 235, 1, 1.7, 23, 300, 270, 1
8, 236, 0, 1.7, 276, NaN, NaN, 0
8, 237, 1, 1.7, 22, 300, 225, 1
8, 238, 1, 1.65, 16, 50, 180, 1
8, 239, 1, 1.6, 2, 350, 225, 0
8, 240, 1, 1.6, 2, 100, 225, 1
8, 241, 1, 1.6, 1, 150, 0, 0
8, 242, 1, 1.6, 8, 50, 90, 0
8, 243, 1, 1.7, 27, 150, 180, 1
8, 244, 1, 1.7, 19, 300, 135, 1
8, 245, 1, 1.6, 7, 50, 180, -1
8, 246, 1, 1.7, 25, 150, 225, 1
8, 247, 1, 1.65, 12, 350, 0, 0
8, 248, 1, 1.7, 20, 150, 90, 1
8, 249, 1, 1.65, 18, 350, 0, 0
8, 250, 1, 1.7, 24, 250, 225, -1
8, 251, 0, 1.7, 200, NaN, NaN, 0
8, 252, 1, 1.65, 10, 50, 45, 1
8, 253, 1, 1.65, 13, 150, 180, 1
8, 254, 1, 1.7, 22, 200, 135, 1
8, 255, 1, 1.6, 1, 250, 45, 0
8, 256, 1, 1.65, 13, 150, 225, 1
8, 257, 1, 1.7, 19, 400, 225, -1
8, 258, 0, 1.7, 250, NaN, NaN, 0
8, 259, 0, 1.6, 62, NaN, NaN, 0
8, 260, 1, 1.65, 17, 350, 315, 0
8, 261, 1, 1.65, 14, 400, 180, 0
8, 262, 1, 1.7, 27, 250, 180, 1
8, 263, 1, 1.65, 13, 350, 90, 0
8, 264, 1, 1.6, 9, 400, 225, 0
8, 265, 1, 1.6, 5, 300, 225, 0
8, 266, 1, 1.7, 25, 300, 135, 1
8, 267, 1, 1.7, 26, 300, 270, 0
8, 268, 1, 1.7, 25, 100, 270, 1
8, 269, 1, 1.6, 1, 100, 45, 0
8, 270, 1, 1.6, 4, 100, 135, 0
8, 271, 1, 1.65, 11, 150, 180, 1
8, 272, 1, 1.7, 22, 200, 90, 1
8, 273, 1, 1.7, 21, 300, 315, 0
8, 274, 1, 1.65, 15, 300, 45, 1
8, 275, 1, 1.7, 19, 250, 45, 1
8, 276, 1, 1.7, 21, 100, 180, 1
8, 277, 1, 1.7, 22, 250, 180, 1
8, 278, 0, 1.6, 29, NaN, NaN, 0
8, 279, 1, 1.65, 11, 200, 45, 0
8, 280, 1, 1.65, 17, 350, 225, 1
8, 281, 1, 1.6, 7, 50, 270, 1
8, 282, 1, 1.7, 26, 100, 0, 1
8, 283, 1, 1.65, 16, 200, 270, 1
8, 284, 1, 1.6, 8, 400, 135, 0
8, 285, 1, 1.7, 20, 250, 0, 0
8, 286, 1, 1.6, 2, 150, 315, 0
8, 287, 1, 1.7, 21, 350, 0, 0
8, 288, 0, 1.7, 205, NaN, NaN, 0
8, 289, 1, 1.65, 13, 300, 135, 0
8, 290, 1, 1.6, 6, 100, 270, 1
8, 291, 1, 1.6, 8, 300, 180, 0
8, 292, 0, 1.6, 88, NaN, NaN, 0
8, 293, 1, 1.7, 27, 350, 135, 1
8, 294, 1, 1.6, 7, 350, 45, 0
8, 295, 1, 1.7, 27, 400, 225, 1
8, 296, 1, 1.6, 5, 100, 90, 0
8, 297, 1, 1.7, 19, 350, 180, 1
8, 298, 1, 1.7, 21, 350, 315, 0
8, 299, 1, 1.6, 9, 150, 90, 0
8, 300, 1, 1.65, 10, 150, 0, 0
8, 301, 0, 1.6, 78, NaN, NaN, 0
8, 302, 1, 1.65, 13, 100, 135, 1
8, 303, 1, 1.7, 21, 400, 90, 1
8, 304, 1, 1.6, 5, 350, 225, 0
8, 305, 1, 1.6, 1, 150, 45, 0
8, 306, 1, 1.65, 16, 300, 180, 0
8, 307, 1, 1.7, 26, 200, 180, 1
8, 308, 1, 1.6, 8, 400, 225, 0
8, 309, 1, 1.7, 21, 350, 45, 1
8, 310, 1, 1.7, 24, 350, 315, 0
8, 311, 1, 1.65, 18, 250, 90, 1
8, 312, 1, 1.65, 10, 150, 135, 0
8, 313, 1, 1.6, 3, 400, 270, 0
8, 314, 0, 1.7, 225, NaN, NaN, 0
8, 315, 0, 1.6, 67, NaN, NaN, 0
8, 316, 1, 1.7, 19, 400, 315, 0
8, 317, 1, 1.7, 24, 250, 135, 1
8, 318, 0, 1.65, 167, NaN, NaN, 0
8, 319, 0, 1.7, 232, NaN, NaN, 0
8, 320, 1, 1.6, 5, 400, 45, 0
8, 321, 0, 1.6, 85, NaN, NaN, 0
8, 322, 1, 1.65, 13, 50, 135, 0
8, 323, 1, 1.65, 11, 150, 90, 1
8, 324, 1, 1.6, 1, 200, 0, 0
8, 325, 1, 1.6, 3, 100, 180, 0
8, 326, 0, 1.7, 268, NaN, NaN, 0
8, 327, 1, 1.7, 21, 400, 270, 0
8, 328, 1, 1.7, 25, 400, 180, 0
8, 329, 0, 1.6, 71, NaN, NaN, 0
8, 330, 1, 1.7, 21, 200, 270, 0
8, 331, 1, 1.6, 6, 150, 225, 0
8, 332, 1, 1.7, 22, 400, 0, 1
8, 333, 1, 1.6, 1, 200, 315, 0
8, 334, 1, 1.65, 12, 200, 0, 1
8, 335, 1, 1.6, 4, 250, 45, 0
8, 336, 1, 1.7, 22, 400, 270, 1
8, 337, 1, 1.7, 27, 200, 135, 1
8, 338, 1, 1.6, 9, 50, 270, 1
8, 339, 0, 1.7, 211, NaN, NaN, 0
8, 340, 0, 1.6, 53, NaN, NaN, 0
8, 341, 1, 1.7, 21, 400, 135, 0
8, 342, 0, 1.7, 275, NaN, NaN, 0
8, 343, 1, 1.7, 23, 300, 45, 1
8, 344, 1, 1.6, 2, 250, 0, 0
8, 345, 1, 1.65, 10, 350, 225, 0
8, 346, 1, 1.7, 27, 50, 135, 1
8, 347, 1, 1.6, 6, 50, 90, 1
8, 348, 1, 1.7, 25, 150, 315, 0
8, 349, 1, 1.7, 26, 350, 135, 1
8, 350, 1, 1.6, 2, 150, 0, 1
8, 351, 1, 1.6, 7, 400, 180, 0
8, 352, 1, 1.6, 8, 150, 180, 0
8, 353, 1, 1.7, 27, 250, 270, 1
8, 354, 1, 1.7, 27, 200, 45, 1
8, 355, 1, 1.65, 16, 350, 90, 0
8, 356, 0, 1.65, 174, NaN, NaN, 0
8, 357, 0, 1.65, 163, NaN, NaN, 0
8, 358, 1, 1.7, 25, 200, 270, 1
8, 359, 1, 1.6, 9, 150, 135, 0
8, 360, 1, 1.7, 21, 150, 315, 1
8, 361, 1, 1.6, 5, 300, 90, 0
8, 362, 1, 1.6, 5, 100, 45, 0
8, 363, 1, 1.65, 11, 350, 315, 0
8, 364, 1, 1.65, 12, 350, 45, 0
8, 365, 1, 1.65, 15, 400, 225, 0
8, 366, 0, 1.7, 227, NaN, NaN, 0
8, 367, 1, 1.7, 20, 400, 45, 0
8, 368, 1, 1.7, 23, 400, 0, 0
8, 369, 1, 1.7, 25, 50, 0, 1
8, 370, 1, 1.65, 13, 250, 90, 1
8, 371, 1, 1.65, 12, 150, 180, 0
8, 372, 1, 1.6, 3, 350, 135, 0
8, 373, 1, 1.65, 16, 100, 315, 1
8, 374, 1, 1.6, 8, 50, 45, 0
8, 375, 1, 1.65, 10, 300, 180, 0
8, 376, 0, 1.7, 217, NaN, NaN, 0
8, 377, 1, 1.65, 10, 300, 135, 0
8, 378, 0, 1.6, 79, NaN, NaN, 0
8, 379, 1, 1.6, 8, 200, 225, 1
8, 380, 1, 1.6, 8, 250, 135, 1
8, 381, 1, 1.65, 12, 50, 135, 1
8, 382, 1, 1.7, 19, 200, 90, 1
8, 383, 1, 1.65, 10, 200, 225, 1
8, 384, 1, 1.7, 20, 250, 315, 1
8, 385, 1, 1.6, 3, 300, 180, 0
8, 386, 1, 1.65, 14, 150, 180, 0
8, 387, 1, 1.65, 18, 100, 180, 1
8, 388, 1, 1.6, 2, 300, 45, 0
8, 389, 1, 1.65, 12, 400, 135, 0
8, 390, 1, 1.6, 6, 250, 0, 0
8, 391, 1, 1.65, 11, 100, 0, 0
8, 392, 1, 1.6, 9, 50, 315, 0
8, 393, 1, 1.6, 5, 250, 180, 0
8, 394, 1, 1.6, 2, 300, 270, 0
8, 395, 1, 1.65, 16, 100, 270, 1
8, 396, 1, 1.7, 23, 300, 225, 1
8, 397, 1, 1.65, 17, 250, 45, 0
8, 398, 1, 1.7, 26, 250, 315, 1
8, 399, 1, 1.6, 7, 250, 225, 0
8, 400, 1, 1.7, 27, 100, 90, 1
8, 401, 1, 1.6, 6, 50, 180, 1
8, 402, 1, 1.65, 15, 200, 225, 1
8, 403, 1, 1.65, 15, 50, 315, 0
8, 404, 1, 1.6, 7, 250, 90, 0
8, 405, 1, 1.6, 7, 400, 315, 0
8, 406, 1, 1.6, 2, 300, 90, 1
8, 407, 1, 1.6, 8, 400, 45, 0
8, 408, 1, 1.65, 12, 400, 0, 0
8, 409, 1, 1.7, 19, 100, 90, 1
8, 410, 0, 1.65, 180, NaN, NaN, 0
8, 411, 1, 1.7, 22, 100, 315, 1
8, 412, 0, 1.7, 252, NaN, NaN, 0
8, 413, 1, 1.7, 20, 300, 90, 1
8, 414, 1, 1.6, 1, 100, 225, 1
8, 415, 1, 1.6, 6, 400, 270, 0
8, 416, 1, 1.7, 24, 400, 90, 0
8, 417, 1, 1.6, 6, 200, 270, 0
8, 418, 1, 1.6, 7, 400, 45, 0
8, 419, 1, 1.65, 10, 150, 45, 0
8, 420, 1, 1.7, 26, 250, 225, 1
8, 421, 1, 1.7, 22, 350, 180, 1
8, 422, 1, 1.65, 18, 350, 225, 1
8, 423, 1, 1.65, 13, 150, 270, 1
8, 424, 1, 1.7, 20, 300, 225, 1
8, 425, 1, 1.6, 4, 250, 270, 0
8, 426, 1, 1.65, 10, 250, 225, 1
8, 427, 1, 1.6, 1, 250, 225, 0
8, 428, 1, 1.7, 21, 250, 315, 1
8, 429, 1, 1.7, 23, 250, 180, 1
8, 430, 1, 1.65, 17, 150, 315, 0
8, 431, 1, 1.7, 24, 350, 45, 1
8, 432, 1, 1.65, 10, 400, 0, 0
8, 433, 1, 1.6, 6, 200, 90, 0
8, 434, 1, 1.7, 23, 350, 225, 0
8, 435, 1, 1.65, 18, 250, 45, 1
8, 436, 1, 1.6, 6, 150, 90, 0
8, 437, 1, 1.6, 1, 100, 0, 0
8, 438, 1, 1.65, 17, 200, 180, 0
8, 439, 1, 1.65, 11, 100, 135, 1
8, 440, 1, 1.6, 9, 100, 225, 1
8, 441, 1, 1.7, 26, 350, 180, 1
8, 442, 0, 1.6, 82, NaN, NaN, 0
8, 443, 1, 1.7, 23, 100, 315, 1
8, 444, 0, 1.7, 228, NaN, NaN, 0
8, 445, 1, 1.6, 1, 400, 270, 0
8, 446, 1, 1.65, 14, 300, 45, 0
8, 447, 0, 1.6, 108, NaN, NaN, 0
8, 448, 1, 1.6, 4, 200, 180, 0
8, 449, 1, 1.6, 2, 150, 270, 0
8, 450, 1, 1.65, 12, 150, 270, 1
8, 451, 1, 1.7, 19, 150, 135, 1
8, 452, 1, 1.65, 13, 50, 225, 1
8, 453, 1, 1.7, 21, 150, 0, 1
8, 454, 1, 1.6, 8, 250, 225, 1
8, 455, 1, 1.7, 23, 150, 90, 1
8, 456, 1, 1.65, 13, 250, 225, 0
8, 457, 1, 1.7, 20, 200, 270, 1
8, 458, 1, 1.65, 17, 350, 180, 0
8, 459, 1, 1.65, 18, 50, 45, 1
8, 460, 1, 1.6, 8, 200, 180, 0
8, 461, 1, 1.65, 18, 300, 45, 1
8, 462, 1, 1.65, 12, 250, 0, 1
8, 463, 1, 1.7, 26, 350, 315, 0
8, 464, 1, 1.65, 18, 400, 180, 0
8, 465, 1, 1.65, 13, 350, 225, 0
8, 466, 0, 1.65, 184, NaN, NaN, 0
8, 467, 1, 1.65, 18, 250, 270, 1
8, 468, 1, 1.7, 21, 250, 135, 1
8, 469, 1, 1.65, 11, 400, 225, 0
8, 470, 1, 1.65, 15, 350, 90, 0
8, 471, 1, 1.7, 20, 100, 45, 1
8, 472, 0, 1.65, 143, NaN, NaN, 0
8, 473, 1, 1.6, 4, 250, 315, 0
8, 474, 1, 1.65, 18, 300, 225, 1
8, 475, 1, 1.6, 9, 50, 225, 1
8, 476, 1, 1.7, 19, 300, 0, 0
8, 477, 1, 1.7, 26, 300, 315, 1
8, 478, 1, 1.65, 18, 50, 270, 1
8, 479, 1, 1.6, 9, 300, 90, 0
8, 480, 1, 1.7, 20, 300, 315, 1
8, 481, 1, 1.7, 26, 200, 315, 1
8, 482, 1, 1.7, 25, 300, 225, 0
8, 483, 1, 1.7, 20, 100, 225, 1
8, 484, 1, 1.6, 5, 400, 315, 0
8, 485, 1, 1.65, 15, 150, 135, 1
8, 486, 1, 1.6, 9, 250, 45, 0
8, 487, 1, 1.7, 26, 350, 45, 0
8, 488, 1, 1.7, 26, 150, 270, 1
8, 489, 1, 1.6, 5, 100, 315, 0
8, 490, 1, 1.6, 5, 50, 0, 0
8, 491, 1, 1.65, 12, 300, 135, 1
8, 492, 1, 1.7, 23, 50, 90, 1
8, 493, 1, 1.6, 1, 400, 315, 0
8, 494, 1, 1.6, 6, 300, 90, 0
8, 495, 1, 1.7, 22, 400, 45, 1
8, 496, 0, 1.7, 281, NaN, NaN, 0
8, 497, 1, 1.7, 19, 200, 180, 1
8, 498, 1, 1.6, 4, 350, 135, 0
8, 499, 1, 1.6, 3, 200, 180, 0
8, 500, 0, 1.7, 220, NaN, NaN, 0
8, 501, 1, 1.7, 27, 200, 0, 1
8, 502, 1, 1.7, 21, 250, 270, 1
8, 503, 1, 1.7, 25, 250, 45, 1
8, 504, 0, 1.7, 267, NaN, NaN, 0
8, 505, 1, 1.65, 13, 150, 0, 1
8, 506, 0, 1.7, 202, NaN, NaN, 0
8, 507, 0, 1.65, 150, NaN, NaN, 0
8, 508, 1, 1.7, 21, 250, 225, 0
8, 509, 1, 1.7, 25, 50, 45, 1
8, 510, 1, 1.65, 10, 250, 135, 0
8, 511, 1, 1.65, 18, 100, 135, 1
8, 512, 1, 1.6, 7, 250, 270, 0
8, 513, 1, 1.6, 9, 200, 135, 0
8, 514, 1, 1.7, 19, 50, 180, 1
8, 515, 0, 1.65, 179, NaN, NaN, 0
8, 516, 0, 1.6, 57, NaN, NaN, 0
8, 517, 1, 1.65, 12, 300, 0, 0
8, 518, 0, 1.6, 77, NaN, NaN, 0
8, 519, 1, 1.65, 13, 200, 135, 1
8, 520, 1, 1.65, 15, 50, 45, 0
8, 521, 1, 1.65, 15, 250, 315, 0
8, 522, 1, 1.65, 10, 300, 0, 0
8, 523, 1, 1.7, 27, 300, 180, 1
8, 524, 1, 1.65, 16, 100, 0, 0
8, 525, 0, 1.6, 64, NaN, NaN, 0
8, 526, 1, 1.65, 18, 250, 135, 0
8, 527, 1, 1.7, 26, 200, 225, 1
8, 528, 0, 1.6, 39, NaN, NaN, 0
8, 529, 1, 1.7, 23, 200, 315, 0
8, 530, 1, 1.6, 5, 250, 270, 0
8, 531, 1, 1.7, 19, 300, 90, 1
8, 532, 1, 1.7, 20, 50, 135, 1
8, 533, 1, 1.65, 14, 350, 0, 0
8, 534, 1, 1.6, 3, 300, 135, 0
8, 535, 1, 1.7, 27, 300, 0, 0
8, 536, 1, 1.65, 13, 50, 180, 1
8, 537, 1, 1.7, 22, 50, 315, 1
8, 538, 1, 1.7, 27, 250, 315, 1
8, 539, 1, 1.6, 4, 200, 315, 1
8, 540, 1, 1.6, 3, 150, 135, 0
8, 541, 0, 1.7, 282, NaN, NaN, 0
8, 542, 1, 1.65, 12, 150, 225, 1
8, 543, 1, 1.7, 27, 300, 225, 1
8, 544, 1, 1.65, 14, 350, 90, 0
8, 545, 1, 1.6, 3, 50, 90, 0
8, 546, 1, 1.7, 25, 400, 270, 1
8, 547, 1, 1.65, 12, 350, 315, 0
8, 548, 1, 1.65, 10, 200, 90, 1
8, 549, 1, 1.7, 19, 250, 225, 1
8, 550, 1, 1.6, 5, 400, 225, 0
8, 551, 1, 1.7, 27, 400, 270, 1
8, 552, 1, 1.6, 8, 200, 90, 0
8, 553, 1, 1.65, 14, 400, 270, 0
8, 554, 0, 1.65, 186, NaN, NaN, 0
8, 555, 1, 1.65, 17, 250, 0, 0
8, 556, 1, 1.7, 22, 350, 90, 0
8, 557, 1, 1.65, 12, 100, 45, 0
8, 558, 1, 1.65, 16, 400, 0, 0
8, 559, 1, 1.7, 23, 150, 270, -1
8, 560, 1, 1.6, 4, 100, 180, 0
8, 561, 1, 1.7, 20, 50, 90, 1
8, 562, 1, 1.6, 9, 350, 0, 0
8, 563, 1, 1.65, 12, 400, 270, 1
8, 564, 1, 1.65, 16, 350, 225, 0
8, 565, 1, 1.7, 20, 100, 315, 1
8, 566, 1, 1.7, 27, 300, 90, 1
8, 567, 1, 1.6, 5, 400, 180, 0
8, 568, 1, 1.7, 21, 200, 45, 0
8, 569, 0, 1.7, 222, NaN, NaN, 0
8, 570, 0, 1.65, 126, NaN, NaN, 0
8, 571, 1, 1.65, 14, 250, 180, 0
8, 572, 1, 1.7, 26, 150, 315, 1
8, 573, 1, 1.65, 13, 150, 90, 1
8, 574, 1, 1.7, 26, 100, 135, 1
8, 575, 1, 1.7, 22, 100, 270, 1
8, 576, 1, 1.7, 23, 250, 270, 1
8, 577, 0, 1.7, 272, NaN, NaN, 0
8, 578, 1, 1.65, 18, 250, 225, 1
8, 579, 0, 1.6, 31, NaN, NaN, 0
8, 580, 1, 1.6, 4, 300, 45, 0
8, 581, 1, 1.6, 5, 300, 180, 0
8, 582, 1, 1.6, 4, 350, 180, 0
8, 583, 1, 1.7, 27, 100, 270, 1
8, 584, 1, 1.65, 18, 100, 270, 1
8, 585, 0, 1.65, 139, NaN, NaN, 0
8, 586, 1, 1.65, 10, 350, 0, 0
8, 587, 1, 1.65, 18, 350, 135, 0
8, 588, 1, 1.65, 17, 100, 90, 1
8, 589, 0, 1.65, 154, NaN, NaN, 0
8, 590, 1, 1.6, 7, 150, 180, 0
8, 591, 1, 1.65, 10, 100, 90, 1
8, 592, 1, 1.7, 23, 100, 135, 1
8, 593, 1, 1.7, 21, 400, 45, 0
8, 594, 1, 1.7, 26, 200, 0, 0
8, 595, 1, 1.6, 1, 300, 270, 0
8, 596, 1, 1.65, 17, 150, 0, 1
8, 597, 1, 1.65, 18, 350, 180, 0
8, 598, 1, 1.6, 8, 250, 315, 0
8, 599, 1, 1.7, 20, 250, 135, 0
8, 600, 0, 1.65, 161, NaN, NaN, 0
8, 601, 1, 1.6, 4, 400, 45, 0
8, 602, 1, 1.7, 21, 150, 45, 1
8, 603, 1, 1.65, 16, 400, 270, 0
8, 604, 1, 1.65, 10, 250, 0, 0
8, 605, 1, 1.7, 20, 100, 180, 1
8, 606, 1, 1.65, 16, 100, 135, 1
8, 607, 1, 1.7, 19, 100, 315, 1
8, 608, 0, 1.65, 144, NaN, NaN, 0
8, 609, 0, 1.6, 44, NaN, NaN, 0
8, 610, 1, 1.6, 3, 50, 135, 0
8, 611, 1, 1.7, 21, 300, 270, 1
8, 612, 1, 1.7, 22, 300, 315, 1
8, 613, 1, 1.7, 26, 100, 90, 1
8, 614, 0, 1.65, 162, NaN, NaN, 0
8, 615, 1, 1.6, 3, 150, 315, 0
8, 616, 1, 1.6, 3, 400, 0, 0
8, 617, 1, 1.7, 25, 350, 90, 1
8, 618, 0, 1.7, 230, NaN, NaN, 0
8, 619, 1, 1.6, 7, 300, 315, 0
8, 620, 1, 1.6, 4, 100, 45, 0
8, 621, 1, 1.6, 1, 350, 135, 0
8, 622, 1, 1.65, 13, 250, 270, 0
8, 623, 1, 1.7, 22, 350, 135, 0
8, 624, 1, 1.65, 17, 50, 45, 1
8, 625, 1, 1.65, 13, 300, 90, 1
8, 626, 1, 1.7, 21, 300, 0, 0
8, 627, 1, 1.7, 26, 250, 45, 0
8, 628, 1, 1.6, 3, 150, 0, 0
8, 629, 0, 1.6, 34, NaN, NaN, 0
8, 630, 0, 1.7, 210, NaN, NaN, 0
8, 631, 1, 1.65, 16, 250, 315, 0
8, 632, 1, 1.7, 21, 100, 135, 1
8, 633, 1, 1.7, 25, 300, 90, 1
8, 634, 1, 1.6, 7, 350, 315, 0
8, 635, 1, 1.6, 8, 150, 225, 0
8, 636, 1, 1.65, 13, 300, 180, 0
8, 637, 1, 1.7, 24, 350, 0, 0
8, 638, 1, 1.7, 25, 200, 315, 1
8, 639, 1, 1.6, 3, 50, 315, 1
8, 640, 1, 1.6, 7, 300, 90, 0
8, 641, 1, 1.6, 2, 150, 180, 0
8, 642, 1, 1.6, 7, 100, 225, 0
8, 643, 1, 1.65, 11, 50, 0, 1
8, 644, 1, 1.7, 25, 300, 270, 1
8, 645, 1, 1.7, 27, 150, 0, 1
8, 646, 1, 1.7, 26, 50, 270, 1
8, 647, 1, 1.7, 24, 250, 270, 0
8, 648, 1, 1.65, 14, 200, 270, 1
8, 649, 1, 1.65, 15, 100, 135, 1
8, 650, 1, 1.7, 21, 200, 225, 1
8, 651, 1, 1.65, 14, 200, 180, 1
8, 652, 1, 1.65, 18, 150, 180, 1
8, 653, 1, 1.65, 12, 400, 180, 0
8, 654, 1, 1.6, 8, 350, 45, 0
8, 655, 0, 1.6, 38, NaN, NaN, 0
8, 656, 1, 1.6, 2, 250, 225, 0
8, 657, 1, 1.7, 24, 300, 0, 0
8, 658, 1, 1.6, 7, 150, 0, 0
8, 659, 1, 1.7, 19, 50, 90, 1
8, 660, 1, 1.65, 15, 400, 90, 0
8, 661, 0, 1.65, 138, NaN, NaN, 0
8, 662, 1, 1.7, 26, 400, 0, 0
8, 663, 1, 1.65, 16, 50, 315, 1
8, 664, 1, 1.65, 16, 150, 135, 1
8, 665, 1, 1.7, 25, 100, 225, 1
8, 666, 0, 1.65, 146, NaN, NaN, 0
8, 667, 1, 1.65, 16, 400, 90, 1
8, 668, 1, 1.65, 15, 250, 135, 0
8, 669, 1, 1.7, 19, 100, 180, 1
8, 670, 0, 1.7, 264, NaN, NaN, 0
8, 671, 1, 1.65, 15, 400, 315, 0
8, 672, 1, 1.6, 6, 350, 180, 0
8, 673, 1, 1.7, 24, 100, 270, 1
8, 674, 1, 1.65, 11, 300, 180, 1
8, 675, 0, 1.7, 245, NaN, NaN, 0
8, 676, 1, 1.6, 2, 150, 90, 1
8, 677, 1, 1.7, 21, 400, 315, 0
8, 678, 1, 1.7, 19, 350, 225, 1
8, 679, 1, 1.7, 24, 150, 90, 1
8, 680, 1, 1.6, 3, 100, 135, 1
8, 681, 1, 1.6, 2, 400, 90, 0
8, 682, 1, 1.6, 2, 200, 180, 0
8, 683, 1, 1.7, 23, 50, 0, 1
8, 684, 0, 1.7, 265, NaN, NaN, 0
8, 685, 1, 1.65, 14, 350, 45, 0
8, 686, 1, 1.65, 16, 100, 180, 1
8, 687, 1, 1.7, 20, 400, 135, 0
8, 688, 1, 1.7, 21, 200, 0, 1
8, 689, 0, 1.65, 128, NaN, NaN, 0
8, 690, 1, 1.7, 20, 150, 315, 1
8, 691, 1, 1.6, 7, 250, 45, 0
8, 692, 1, 1.7, 24, 400, 225, 0
8, 693, 1, 1.6, 5, 200, 270, 1
8, 694, 1, 1.6, 3, 150, 45, 0
8, 695, 1, 1.6, 2, 350, 0, 0
8, 696, 1, 1.7, 22, 150, 135, 1
8, 697, 1, 1.65, 15, 250, 0, 0
8, 698, 1, 1.7, 26, 100, 270, 1
8, 699, 1, 1.65, 17, 150, 270, 1
8, 700, 1, 1.6, 8, 100, 90, 0
8, 701, 1, 1.65, 12, 200, 135, 0
8, 702, 1, 1.6, 1, 250, 315, 0
8, 703, 1, 1.65, 10, 100, 225, 1
8, 704, 1, 1.6, 2, 200, 135, 0
8, 705, 1, 1.6, 4, 300, 0, 0
8, 706, 1, 1.6, 3, 200, 45, 0
8, 707, 1, 1.6, 8, 300, 90, 0
8, 708, 1, 1.65, 13, 200, 315, 0
8, 709, 1, 1.6, 2, 50, 270, 1
8, 710, 1, 1.65, 15, 350, 45, 0
8, 711, 1, 1.65, 12, 250, 90, 0
8, 712, 1, 1.65, 10, 250, 315, 0
8, 713, 1, 1.65, 13, 400, 0, 0
8, 714, 0, 1.65, 191, NaN, NaN, 0
8, 715, 1, 1.65, 13, 50, 270, 1
8, 716, 1, 1.7, 24, 50, 180, 1
8, 717, 1, 1.6, 7, 400, 90, 0
8, 718, 1, 1.6, 6, 150, 0, 0
8, 719, 1, 1.7, 24, 50, 135, 1
8, 720, 1, 1.65, 18, 50, 90, 1
8, 721, 0, 1.7, 223, NaN, NaN, 0
8, 722, 1, 1.65, 12, 200, 315, 0
8, 723, 1, 1.7, 26, 100, 45, 1
8, 724, 0, 1.65, 170, NaN, NaN, 0
8, 725, 1, 1.6, 8, 200, 315, 0
8, 726, 1, 1.6, 9, 200, 180, 0
8, 727, 1, 1.6, 3, 400, 90, 0
8, 728, 1, 1.7, 19, 50, 315, 1
8, 729, 1, 1.7, 25, 100, 135, 1
8, 730, 1, 1.7, 21, 50, 90, 1
8, 731, 1, 1.7, 23, 150, 135, 1
8, 732, 1, 1.6, 6, 150, 180, 0
8, 733, 1, 1.65, 15, 350, 135, 0
8, 734, 1, 1.65, 13, 300, 270, 0
8, 735, 1, 1.6, 6, 250, 315, 0
8, 736, 1, 1.6, 8, 350, 270, 0
8, 737, 1, 1.65, 15, 50, 0, 0
8, 738, 1, 1.65, 13, 350, 180, 0
8, 739, 1, 1.6, 6, 200, 315, 0
8, 740, 1, 1.65, 13, 350, 315, 0
8, 741, 1, 1.6, 4, 150, 225, 0
8, 742, 1, 1.7, 20, 150, 180, 0
8, 743, 1, 1.7, 27, 300, 135, 1
8, 744, 1, 1.6, 6, 400, 90, 0
8, 745, 1, 1.7, 22, 350, 45, 0
8, 746, 0, 1.6, 46, NaN, NaN, 0
8, 747, 1, 1.6, 2, 350, 90, 0
8, 748, 1, 1.6, 3, 350, 315, 0
8, 749, 1, 1.65, 15, 400, 0, 0
8, 750, 1, 1.65, 10, 400, 135, 0
8, 751, 1, 1.7, 20, 350, 90, 1
8, 752, 1, 1.6, 6, 350, 270, 0
8, 753, 1, 1.6, 4, 50, 315, 0
8, 754, 0, 1.7, 214, NaN, NaN, 0
8, 755, 1, 1.65, 16, 300, 315, 0
8, 756, 1, 1.65, 16, 250, 45, 0
8, 757, 1, 1.6, 9, 200, 225, 0
8, 758, 1, 1.7, 22, 200, 225, 1
8, 759, 1, 1.65, 15, 400, 180, 0
8, 760, 1, 1.6, 5, 150, 315, 0
8, 761, 0, 1.7, 239, NaN, NaN, 0
8, 762, 1, 1.7, 21, 200, 180, 1
8, 763, 1, 1.7, 27, 100, 45, 1
8, 764, 1, 1.65, 17, 100, 0, 1
8, 765, 1, 1.65, 13, 100, 270, 0
8, 766, 1, 1.6, 2, 250, 315, 0
8, 767, 1, 1.65, 14, 300, 180, 0
8, 768, 1, 1.65, 11, 100, 90, 1
8, 769, 1, 1.7, 24, 300, 225, 1
8, 770, 1, 1.65, 18, 200, 90, 1
8, 771, 1, 1.7, 27, 250, 135, 1
8, 772, 1, 1.65, 15, 300, 225, 1
8, 773, 1, 1.65, 17, 200, 225, 0
8, 774, 0, 1.65, 132, NaN, NaN, 0
8, 775, 1, 1.6, 1, 50, 90, 0
8, 776, 1, 1.6, 3, 250, 315, 0
8, 777, 0, 1.65, 153, NaN, NaN, 0
8, 778, 1, 1.7, 19, 200, 225, 1
8, 779, 1, 1.7, 20, 250, 270, 1
8, 780, 1, 1.65, 17, 200, 135, 0
8, 781, 1, 1.65, 14, 300, 315, 0
8, 782, 1, 1.6, 6, 300, 315, 0
8, 783, 1, 1.7, 27, 400, 0, 0
8, 784, 0, 1.7, 279, NaN, NaN, 0
8, 785, 0, 1.7, 259, NaN, NaN, 0
8, 786, 1, 1.7, 26, 200, 90, 1
8, 787, 1, 1.6, 1, 400, 135, 0
8, 788, 1, 1.65, 18, 150, 0, 0
8, 789, 0, 1.65, 197, NaN, NaN, 0
8, 790, 1, 1.65, 18, 200, 180, 0
8, 791, 1, 1.7, 23, 50, 270, 1
8, 792, 1, 1.7, 19, 100, 270, 1
8, 793, 1, 1.7, 23, 350, 45, 0
8, 794, 1, 1.7, 24, 250, 180, 1
8, 795, 1, 1.65, 15, 150, 0, 0
8, 796, 1, 1.65, 18, 200, 270, 1
8, 797, 1, 1.65, 10, 350, 90, 0
8, 798, 0, 1.7, 207, NaN, NaN, 0
8, 799, 1, 1.6, 2, 250, 135, 0
8, 800, 1, 1.7, 22, 400, 225, 0
8, 801, 0, 1.65, 166, NaN, NaN, 0
8, 802, 1, 1.6, 4, 50, 45, 0
8, 803, 1, 1.7, 21, 100, 90, 1
8, 804, 1, 1.6, 7, 100, 90, 1
8, 805, 1, 1.65, 11, 250, 0, 1
8, 806, 1, 1.6, 5, 150, 180, 0
8, 807, 1, 1.6, 4, 50, 90, 0
8, 808, 1, 1.65, 17, 250, 90, 0
8, 809, 1, 1.6, 7, 400, 225, 0
8, 810, 1, 1.7, 26, 50, 225, 1
8, 811, 1, 1.7, 25, 400, 90, 0
8, 812, 1, 1.65, 15, 250, 225, 0
8, 813, 0, 1.7, 237, NaN, NaN, 0
8, 814, 1, 1.65, 14, 150, 45, 0
8, 815, 1, 1.6, 2, 400, 135, 0
8, 816, 1, 1.7, 22, 100, 225, 1
8, 817, 1, 1.7, 27, 400, 90, 0
8, 818, 1, 1.7, 23, 250, 225, 1
8, 819, 1, 1.6, 3, 150, 180, 0
8, 820, 1, 1.6, 6, 400, 45, 0
8, 821, 1, 1.65, 12, 150, 135, 0
8, 822, 1, 1.65, 10, 250, 180, 0
8, 823, 1, 1.6, 6, 50, 135, 1
8, 824, 1, 1.7, 25, 250, 0, 0
8, 825, 1, 1.7, 24, 50, 225, 1
8, 826, 1, 1.6, 8, 300, 315, 0
8, 827, 1, 1.6, 5, 300, 45, 0
8, 828, 1, 1.6, 1, 150, 135, 0
8, 829, 1, 1.65, 15, 350, 315, 0
8, 830, 1, 1.65, 11, 250, 315, 0
8, 831, 1, 1.6, 9, 300, 315, 0
8, 832, 1, 1.65, 14, 300, 135, 0
8, 833, 1, 1.65, 16, 300, 90, 0
8, 834, 0, 1.6, 47, NaN, NaN, 0
8, 835, 1, 1.7, 20, 50, 315, 1
8, 836, 1, 1.7, 21, 250, 180, 1
8, 837, 1, 1.65, 10, 200, 0, 0
8, 838, 1, 1.6, 5, 50, 90, 0
8, 839, 1, 1.6, 1, 350, 0, 0
8, 840, 1, 1.7, 27, 100, 180, 1
8, 841, 0, 1.6, 101, NaN, NaN, 0
8, 842, 1, 1.7, 19, 250, 0, 0
8, 843, 1, 1.65, 15, 150, 180, 1
8, 844, 0, 1.7, 251, NaN, NaN, 0
8, 845, 1, 1.7, 26, 400, 270, 0
8, 846, 0, 1.6, 50, NaN, NaN, 0
8, 847, 1, 1.6, 6, 150, 135, 0
8, 848, 1, 1.6, 4, 150, 135, 0
8, 849, 1, 1.6, 1, 350, 180, 0
8, 850, 0, 1.7, 278, NaN, NaN, 0
8, 851, 1, 1.65, 18, 50, 0, 1
8, 852, 1, 1.65, 12, 400, 45, 0
8, 853, 1, 1.6, 2, 400, 225, 0
8, 854, 1, 1.7, 19, 400, 45, 0
8, 855, 1, 1.6, 7, 300, 135, 0
8, 856, 1, 1.7, 26, 50, 90, 1
8, 857, 1, 1.7, 25, 300, 0, 0
8, 858, 1, 1.65, 14, 200, 315, 0
8, 859, 1, 1.7, 24, 400, 180, 0
8, 860, 1, 1.65, 17, 50, 135, 1
8, 861, 1, 1.7, 27, 150, 225, 1
8, 862, 0, 1.6, 66, NaN, NaN, 0
8, 863, 1, 1.7, 24, 50, 90, 1
8, 864, 1, 1.6, 3, 250, 0, 0
8, 865, 1, 1.7, 24, 100, 315, 0
8, 866, 1, 1.65, 10, 100, 180, 1
8, 867, 1, 1.7, 23, 200, 270, 1
8, 868, 1, 1.65, 14, 150, 270, 1
8, 869, 1, 1.6, 6, 100, 45, 0
8, 870, 1, 1.7, 23, 150, 315, 0
8, 871, 1, 1.6, 8, 50, 180, 1
8, 872, 1, 1.65, 13, 150, 135, 0
8, 873, 1, 1.6, 5, 350, 0, 0
8, 874, 1, 1.6, 6, 300, 180, 0
8, 875, 1, 1.6, 1, 200, 90, 0
8, 876, 1, 1.7, 25, 350, 0, 0
8, 877, 1, 1.7, 21, 50, 180, 1
8, 878, 1, 1.65, 17, 350, 270, 0
8, 879, 1, 1.7, 27, 100, 0, 0
8, 880, 1, 1.6, 4, 400, 180, 0
8, 881, 1, 1.6, 5, 250, 0, 0
8, 882, 1, 1.7, 27, 50, 315, 1
8, 883, 0, 1.65, 192, NaN, NaN, 0
8, 884, 1, 1.7, 22, 400, 135, 0
8, 885, 1, 1.65, 12, 350, 90, 0
8, 886, 1, 1.6, 3, 250, 45, 0
8, 887, 1, 1.6, 8, 350, 0, 0
8, 888, 1, 1.65, 15, 350, 0, 0
8, 889, 1, 1.7, 23, 350, 270, 0
8, 890, 1, 1.7, 19, 250, 270, 1
8, 891, 1, 1.6, 6, 350, 90, 0
8, 892, 1, 1.65, 10, 50, 135, 1
8, 893, 1, 1.6, 2, 300, 0, 0
8, 894, 1, 1.7, 25, 100, 0, 1
8, 895, 1, 1.7, 25, 50, 315, 1
8, 896, 1, 1.6, 4, 200, 270, 0
8, 897, 1, 1.7, 25, 350, 270, 0
8, 898, 1, 1.7, 21, 100, 270, 1
8, 899, 1, 1.6, 2, 250, 270, 0
8, 900, 1, 1.7, 21, 400, 0, 0
8, 901, 1, 1.65, 14, 150, 225, 1
8, 902, 1, 1.65, 18, 350, 315, 0
8, 903, 1, 1.7, 20, 200, 180, 0
8, 904, 1, 1.6, 5, 250, 90, 0
8, 905, 1, 1.6, 1, 150, 180, 0
8, 906, 1, 1.7, 19, 200, 315, 1
8, 907, 0, 1.65, 178, NaN, NaN, 0
8, 908, 0, 1.6, 81, NaN, NaN, 0
8, 909, 1, 1.6, 4, 300, 180, 0
8, 910, 1, 1.7, 20, 350, 315, 1
8, 911, 1, 1.65, 12, 150, 0, 1
8, 912, 1, 1.65, 17, 100, 180, 1
8, 913, 1, 1.7, 22, 200, 0, 0
8, 914, 0, 1.7, 248, NaN, NaN, 0
8, 915, 1, 1.7, 24, 150, 180, 1
8, 916, 1, 1.7, 21, 150, 90, 1
8, 917, 1, 1.6, 3, 50, 225, 1
8, 918, 1, 1.6, 7, 100, 45, 0
8, 919, 1, 1.6, 3, 350, 225, 0
8, 920, 1, 1.7, 27, 200, 90, 1
8, 921, 1, 1.7, 20, 100, 0, 0
8, 922, 0, 1.7, 213, NaN, NaN, 0
8, 923, 1, 1.6, 9, 100, 315, 0
8, 924, 1, 1.7, 24, 350, 225, 1
8, 925, 1, 1.65, 11, 100, 315, 1
8, 926, 1, 1.6, 6, 200, 0, 0
8, 927, 1, 1.65, 11, 350, 45, 0
8, 928, 0, 1.7, 284, NaN, NaN, 0
8, 929, 1, 1.6, 5, 400, 90, 0
8, 930, 1, 1.65, 11, 50, 45, 1
8, 931, 0, 1.65, 158, NaN, NaN, 0
8, 932, 1, 1.7, 21, 100, 45, 1
8, 933, 1, 1.6, 7, 150, 315, 0
8, 934, 1, 1.7, 26, 300, 45, 1
8, 935, 1, 1.6, 3, 350, 270, 0
8, 936, 1, 1.7, 21, 350, 135, 0
8, 937, 0, 1.6, 89, NaN, NaN, 0
8, 938, 1, 1.65, 12, 250, 225, 0
8, 939, 1, 1.7, 22, 300, 0, 0
8, 940, 0, 1.6, 70, NaN, NaN, 0
8, 941, 1, 1.65, 11, 50, 225, 1
8, 942, 1, 1.65, 14, 350, 270, 1
8, 943, 1, 1.65, 12, 50, 180, 1
8, 944, 1, 1.6, 7, 200, 270, 0
8, 945, 1, 1.6, 3, 150, 90, 1
8, 946, 1, 1.6, 8, 200, 270, 1
8, 947, 1, 1.65, 17, 300, 135, 1
8, 948, 1, 1.65, 16, 350, 270, 1
8, 949, 1, 1.6, 9, 300, 135, 0
8, 950, 1, 1.7, 24, 300, 135, 0
8, 951, 1, 1.6, 1, 400, 225, 0
8, 952, 1, 1.65, 18, 150, 45, 0
8, 953, 1, 1.6, 7, 400, 0, 0
8, 954, 1, 1.6, 8, 150, 45, 0
8, 955, 1, 1.7, 19, 150, 270, 1
8, 956, 1, 1.7, 24, 400, 135, 0
8, 957, 1, 1.6, 7, 400, 270, 0
8, 958, 1, 1.7, 24, 50, 270, 1
8, 959, 1, 1.6, 7, 250, 180, 0
8, 960, 1, 1.7, 23, 100, 180, 1
8, 961, 1, 1.65, 10, 350, 180, 0
8, 962, 1, 1.65, 14, 400, 315, 0
8, 963, 1, 1.7, 27, 350, 180, 0
8, 964, 1, 1.6, 7, 200, 45, 0
8, 965, 1, 1.7, 27, 350, 90, 1
8, 966, 1, 1.6, 4, 50, 0, 0
8, 967, 0, 1.6, 110, NaN, NaN, 0
8, 968, 1, 1.65, 12, 400, 225, 0
8, 969, 1, 1.7, 25, 50, 270, 1
8, 970, 1, 1.6, 8, 400, 270, 0
8, 971, 1, 1.6, 7, 300, 225, 0
8, 972, 1, 1.7, 27, 100, 225, 1
8, 973, 1, 1.6, 9, 100, 270, 0
8, 974, 1, 1.6, 3, 100, 0, 0
8, 975, 1, 1.65, 13, 100, 225, 1
8, 976, 1, 1.6, 6, 50, 270, 1
8, 977, 1, 1.65, 14, 200, 0, 0
8, 978, 1, 1.7, 20, 250, 45, 0
8, 979, 1, 1.65, 13, 300, 45, 0
8, 980, 1, 1.7, 21, 300, 225, 0
8, 981, 1, 1.6, 2, 200, 45, 0
8, 982, 1, 1.65, 17, 350, 135, 0
8, 983, 0, 1.6, 97, NaN, NaN, 0
8, 984, 1, 1.65, 14, 100, 270, 0
8, 985, 1, 1.65, 12, 100, 315, 0
8, 986, 1, 1.6, 6, 250, 270, 0
8, 987, 1, 1.65, 12, 300, 90, 0
8, 988, 1, 1.7, 20, 150, 45, 1
8, 989, 1, 1.65, 17, 400, 90, 0
8, 990, 1, 1.65, 15, 350, 270, 0
8, 991, 1, 1.6, 2, 100, 90, 0
8, 992, 1, 1.65, 16, 150, 45, 0
8, 993, 1, 1.65, 11, 100, 45, 1
8, 994, 1, 1.6, 1, 300, 0, 0
8, 995, 1, 1.7, 22, 200, 180, 0
8, 996, 0, 1.65, 119, NaN, NaN, 0
8, 997, 0, 1.65, 140, NaN, NaN, 0
8, 998, 1, 1.6, 5, 400, 270, 0
8, 999, 1, 1.65, 14, 50, 0, 1
8, 1000, 1, 1.6, 7, 50, 225, 1
8, 1001, 1, 1.6, 3, 350, 90, 0
8, 1002, 1, 1.7, 26, 150, 0, 0
8, 1003, 1, 1.65, 14, 150, 0, 0
8, 1004, 1, 1.6, 4, 300, 135, 0
8, 1005, 1, 1.65, 17, 300, 180, 0
8, 1006, 1, 1.65, 16, 150, 90, 0
8, 1007, 0, 1.7, 266, NaN, NaN, 0
8, 1008, 1, 1.7, 23, 50, 180, 1
8, 1009, 1, 1.7, 19, 400, 135, 0
8, 1010, 1, 1.7, 19, 300, 315, 0
8, 1011, 1, 1.7, 22, 150, 45, 1
8, 1012, 1, 1.6, 7, 250, 135, 1
8, 1013, 1, 1.7, 25, 200, 225, 1
8, 1014, 1, 1.7, 23, 200, 225, 1
8, 1015, 1, 1.7, 27, 50, 270, 1
8, 1016, 1, 1.6, 8, 200, 135, 0
8, 1017, 1, 1.7, 24, 200, 90, 1
8, 1018, 1, 1.7, 22, 300, 180, 0
8, 1019, 1, 1.65, 14, 100, 135, 1
8, 1020, 1, 1.6, 2, 350, 45, 0
8, 1021, 1, 1.7, 23, 250, 45, 0
8, 1022, 1, 1.6, 2, 100, 315, 0
8, 1023, 1, 1.65, 16, 200, 135, 0
8, 1024, 1, 1.7, 25, 100, 180, 1
8, 1025, 1, 1.7, 24, 200, 270, 0
8, 1026, 1, 1.6, 7, 300, 0, 0
8, 1027, 1, 1.6, 2, 400, 0, 0
8, 1028, 1, 1.6, 7, 300, 270, 0
8, 1029, 1, 1.65, 18, 400, 315, 0
8, 1030, 1, 1.65, 16, 250, 225, 0
8, 1031, 1, 1.6, 5, 100, 135, 0
8, 1032, 1, 1.7, 22, 100, 135, 1
8, 1033, 0, 1.6, 107, NaN, NaN, 0
8, 1034, 1, 1.6, 9, 250, 90, 0
8, 1035, 1, 1.6, 9, 150, 180, 0
8, 1036, 1, 1.65, 17, 100, 45, 1
8, 1037, 1, 1.6, 8, 300, 135, 0
8, 1038, 1, 1.6, 2, 100, 0, 0
8, 1039, 0, 1.6, 93, NaN, NaN, 0
8, 1040, 1, 1.65, 13, 350, 0, 0
8, 1041, 1, 1.7, 27, 200, 315, 1
8, 1042, 1, 1.65, 13, 150, 315, 0
8, 1043, 1, 1.6, 4, 150, 90, 0
8, 1044, 1, 1.65, 16, 200, 225, 0
8, 1045, 1, 1.6, 2, 150, 225, 0
8, 1046, 1, 1.6, 3, 50, 45, 0
8, 1047, 1, 1.6, 8, 50, 135, 1
8, 1048, 1, 1.7, 24, 300, 270, 0
8, 1049, 1, 1.7, 21, 50, 45, 1
8, 1050, 1, 1.7, 21, 100, 225, 1
8, 1051, 0, 1.6, 92, NaN, NaN, 0
8, 1052, 1, 1.7, 25, 200, 180, 1
8, 1053, 1, 1.7, 25, 200, 135, 1
8, 1054, 1, 1.65, 11, 50, 90, 1
8, 1055, 0, 1.65, 177, NaN, NaN, 0
8, 1056, 1, 1.6, 7, 250, 315, 0
8, 1057, 1, 1.7, 26, 300, 180, 0
8, 1058, 1, 1.6, 2, 250, 45, 0
8, 1059, 1, 1.7, 25, 50, 180, 1
8, 1060, 1, 1.65, 11, 400, 180, 0
8, 1061, 1, 1.65, 10, 100, 0, 1
8, 1062, 1, 1.65, 11, 300, 225, 0
8, 1063, 1, 1.7, 20, 100, 270, 1
8, 1064, 1, 1.7, 19, 350, 270, 0
8, 1065, 1, 1.7, 26, 200, 135, 1
8, 1066, 1, 1.7, 20, 300, 45, 0
8, 1067, 1, 1.6, 1, 250, 270, 0
8, 1068, 1, 1.65, 16, 150, 225, 1
8, 1069, 1, 1.7, 19, 150, 0, 1
8, 1070, 1, 1.65, 12, 200, 180, 0
8, 1071, 1, 1.65, 11, 250, 135, 0
8, 1072, 1, 1.7, 23, 250, 135, 0
8, 1073, 1, 1.7, 25, 350, 180, 0
8, 1074, 1, 1.6, 4, 50, 135, 1
8, 1075, 1, 1.6, 9, 150, 315, 0
8, 1076, 1, 1.7, 26, 400, 135, 0
8, 1077, 1, 1.6, 6, 250, 180, 0
8, 1078, 0, 1.7, 257, NaN, NaN, 0
8, 1079, 1, 1.7, 25, 150, 90, 0
8, 1080, 1, 1.65, 16, 50, 135, 1
8, 1081, 1, 1.6, 8, 350, 90, 0
8, 1082, 1, 1.7, 23, 300, 0, 0
8, 1083, 1, 1.6, 5, 300, 135, 0
8, 1084, 1, 1.65, 18, 150, 315, 0
8, 1085, 1, 1.65, 13, 50, 315, 0
8, 1086, 1, 1.7, 23, 200, 90, 0
8, 1087, 1, 1.7, 20, 300, 270, 0
8, 1088, 1, 1.7, 21, 250, 0, 0
8, 1089, 1, 1.7, 19, 200, 135, 1
8, 1090, 1, 1.65, 17, 150, 180, 0
8, 1091, 1, 1.7, 24, 400, 270, 0
8, 1092, 1, 1.65, 15, 200, 45, 0
8, 1093, 1, 1.7, 27, 200, 270, 0
8, 1094, 0, 1.65, 182, NaN, NaN, 0
8, 1095, 1, 1.65, 16, 250, 135, 0
8, 1096, 0, 1.7, 233, NaN, NaN, 0
8, 1097, 1, 1.6, 4, 100, 90, 0
8, 1098, 1, 1.6, 1, 50, 45, 1
8, 1099, 1, 1.7, 22, 400, 315, 0
8, 1100, 1, 1.6, 7, 350, 225, 0
8, 1101, 1, 1.7, 27, 250, 0, 1
8, 1102, 1, 1.6, 9, 200, 0, 0
8, 1103, 1, 1.6, 1, 250, 0, 0
8, 1104, 1, 1.7, 19, 300, 45, 0
8, 1105, 1, 1.7, 26, 300, 90, 1
8, 1106, 1, 1.6, 7, 150, 270, 0
8, 1107, 0, 1.6, 76, NaN, NaN, 0
8, 1108, 1, 1.7, 26, 150, 180, 1
8, 1109, 1, 1.65, 12, 100, 0, 0
8, 1110, 1, 1.65, 14, 50, 270, 1
8, 1111, 0, 1.6, 65, NaN, NaN, 0
8, 1112, 1, 1.6, 3, 150, 270, 1
8, 1113, 1, 1.6, 9, 100, 0, 1
8, 1114, 1, 1.6, 3, 100, 225, 0
8, 1115, 1, 1.6, 9, 300, 0, 0
8, 1116, 1, 1.7, 26, 100, 315, 1
8, 1117, 1, 1.6, 9, 50, 135, 1
8, 1118, 0, 1.7, 212, NaN, NaN, 0
8, 1119, 1, 1.7, 22, 150, 0, 1
8, 1120, 0, 1.6, 104, NaN, NaN, 0
8, 1121, 1, 1.65, 18, 400, 45, 0
8, 1122, 1, 1.7, 20, 400, 180, 0
8, 1123, 1, 1.6, 3, 350, 45, 0
8, 1124, 1, 1.7, 22, 250, 45, 0
8, 1125, 1, 1.65, 12, 250, 315, 0
8, 1126, 1, 1.6, 2, 300, 315, 0
8, 1127, 1, 1.7, 23, 350, 0, 0
8, 1128, 1, 1.7, 24, 300, 180, 0
8, 1129, 1, 1.6, 7, 50, 90, 0
8, 1130, 1, 1.6, 6, 400, 180, 0
8, 1131, 1, 1.6, 9, 100, 45, 0
8, 1132, 1, 1.65, 14, 100, 315, 1
8, 1133, 0, 1.65, 188, NaN, NaN, 0
8, 1134, 1, 1.6, 1, 50, 135, 0
8, 1135, 1, 1.65, 17, 100, 135, 1
8, 1136, 1, 1.65, 15, 200, 0, 0
8, 1137, 0, 1.65, 168, NaN, NaN, 0
8, 1138, 1, 1.7, 21, 350, 270, 0
8, 1139, 1, 1.65, 10, 150, 90, 1
8, 1140, 1, 1.7, 19, 350, 45, 0
8, 1141, 0, 1.6, 95, NaN, NaN, 0
8, 1142, 1, 1.65, 18, 100, 90, 1
8, 1143, 1, 1.65, 15, 50, 270, 1
8, 1144, 1, 1.6, 4, 200, 135, 0
8, 1145, 1, 1.7, 22, 50, 0, 1
8, 1146, 1, 1.7, 27, 300, 270, 1
8, 1147, 1, 1.6, 2, 300, 225, 0
8, 1148, 1, 1.7, 20, 50, 180, 1
8, 1149, 1, 1.65, 12, 250, 180, 0
8, 1150, 1, 1.6, 9, 100, 180, 1
8, 1151, 1, 1.7, 24, 150, 270, 1
8, 1152, 0, 1.65, 156, NaN, NaN, 0
8, 1153, 1, 1.6, 5, 400, 0, 0
8, 1154, 0, 1.65, 155, NaN, NaN, 0
8, 1155, 0, 1.65, 189, NaN, NaN, 0
8, 1156, 1, 1.6, 4, 350, 45, 0
8, 1157, 1, 1.65, 17, 100, 315, 0
8, 1158, 1, 1.6, 6, 350, 45, 0
8, 1159, 1, 1.7, 25, 400, 225, 0
8, 1160, 1, 1.65, 10, 100, 270, 1
8, 1161, 1, 1.65, 15, 50, 225, 1
8, 1162, 1, 1.7, 20, 50, 270, 1
8, 1163, 1, 1.65, 11, 350, 90, 0
8, 1164, 1, 1.6, 5, 50, 270, 1
8, 1165, 1, 1.7, 21, 50, 0, 1
8, 1166, 1, 1.6, 7, 200, 180, 0
8, 1167, 1, 1.6, 2, 350, 135, 0
8, 1168, 1, 1.6, 3, 350, 0, 0
8, 1169, 0, 1.65, 157, NaN, NaN, 0
8, 1170, 1, 1.7, 21, 350, 225, 0
8, 1171, 1, 1.65, 15, 150, 270, 1
8, 1172, 1, 1.65, 14, 350, 225, 0
8, 1173, 0, 1.65, 152, NaN, NaN, 0
8, 1174, 1, 1.6, 3, 300, 45, 0
8, 1175, 1, 1.6, 2, 200, 90, 0
8, 1176, 1, 1.7, 25, 350, 135, 1
8, 1177, 1, 1.65, 14, 250, 225, 0
8, 1178, 1, 1.65, 10, 150, 315, 0
8, 1179, 1, 1.7, 23, 250, 315, 1
8, 1180, 1, 1.7, 25, 350, 45, 0
8, 1181, 1, 1.6, 4, 400, 270, 0
8, 1182, 1, 1.65, 16, 50, 45, 1
8, 1183, 1, 1.7, 20, 400, 90, 0
8, 1184, 1, 1.6, 1, 350, 45, 0
8, 1185, 1, 1.65, 11, 200, 270, 0
8, 1186, 1, 1.6, 5, 100, 270, 0
8, 1187, 1, 1.6, 3, 400, 45, 0
8, 1188, 1, 1.6, 2, 150, 135, 0
8, 1189, 0, 1.6, 68, NaN, NaN, 0
8, 1190, 1, 1.7, 21, 400, 180, 0
8, 1191, 1, 1.6, 4, 150, 0, 0
8, 1192, 0, 1.65, 120, NaN, NaN, 0
8, 1193, 1, 1.6, 7, 200, 90, 0
8, 1194, 1, 1.7, 21, 200, 90, 1
8, 1195, 1, 1.65, 16, 150, 315, 0
8, 1196, 1, 1.65, 13, 250, 135, 0
8, 1197, 0, 1.7, 221, NaN, NaN, 0
8, 1198, 0, 1.6, 100, NaN, NaN, 0
8, 1199, 0, 1.65, 164, NaN, NaN, 0
8, 1200, 1, 1.65, 13, 100, 180, 1
8, 1201, 1, 1.7, 27, 150, 90, 1
8, 1202, 1, 1.7, 25, 100, 315, 1
8, 1203, 1, 1.7, 22, 300, 90, 1
8, 1204, 0, 1.65, 124, NaN, NaN, 0
8, 1205, 1, 1.7, 19, 400, 270, 0
8, 1206, 1, 1.65, 13, 400, 135, 0
8, 1207, 1, 1.7, 27, 400, 315, 1
8, 1208, 1, 1.6, 5, 250, 315, 0
8, 1209, 0, 1.65, 121, NaN, NaN, 0
8, 1210, 1, 1.6, 9, 250, 180, 0
8, 1211, 1, 1.7, 24, 400, 45, 0
8, 1212, 1, 1.7, 21, 300, 45, 0
8, 1213, 1, 1.6, 7, 100, 270, 0
8, 1214, 1, 1.65, 16, 300, 0, 0
8, 1215, 1, 1.65, 12, 50, 225, 1
8, 1216, 0, 1.65, 183, NaN, NaN, 0
8, 1217, 1, 1.65, 15, 250, 180, 0
8, 1218, 1, 1.7, 22, 200, 315, 1
8, 1219, 1, 1.6, 2, 200, 225, 0
8, 1220, 1, 1.6, 1, 150, 270, 0
8, 1221, 1, 1.65, 18, 200, 45, 0
8, 1222, 1, 1.6, 3, 400, 180, 0
8, 1223, 0, 1.6, 69, NaN, NaN, 0
8, 1224, 1, 1.65, 12, 300, 315, 0
8, 1225, 1, 1.7, 23, 250, 90, 0
8, 1226, 1, 1.7, 25, 400, 135, 0
8, 1227, 1, 1.7, 22, 250, 225, 1
8, 1228, 1, 1.7, 24, 200, 180, 0
8, 1229, 1, 1.7, 24, 350, 270, 0
8, 1230, 1, 1.6, 3, 100, 315, 0
8, 1231, 1, 1.65, 17, 50, 270, 1
8, 1232, 1, 1.6, 5, 200, 225, 1
8, 1233, 1, 1.7, 25, 50, 90, 1
8, 1234, 1, 1.6, 4, 150, 180, 0
8, 1235, 1, 1.65, 10, 300, 225, 0
8, 1236, 0, 1.6, 56, NaN, NaN, 0
8, 1237, 1, 1.65, 10, 200, 45, 0
8, 1238, 1, 1.7, 24, 50, 45, 1
8, 1239, 1, 1.7, 22, 250, 135, 1
8, 1240, 1, 1.6, 5, 350, 315, 0
8, 1241, 1, 1.65, 18, 100, 225, 1
8, 1242, 1, 1.65, 15, 300, 90, 0
8, 1243, 1, 1.7, 27, 300, 315, 0
8, 1244, 1, 1.6, 9, 200, 270, 0
8, 1245, 1, 1.65, 18, 50, 225, 1
8, 1246, 1, 1.6, 4, 100, 0, 0
8, 1247, 1, 1.7, 25, 250, 135, 0
8, 1248, 0, 1.7, 209, NaN, NaN, 0
8, 1249, 1, 1.65, 16, 400, 315, 0
8, 1250, 1, 1.65, 16, 50, 0, 1
8, 1251, 1, 1.6, 8, 100, 225, 0
8, 1252, 0, 1.6, 90, NaN, NaN, 0
8, 1253, 1, 1.6, 3, 250, 225, 0
8, 1254, 1, 1.7, 19, 250, 180, 1
8, 1255, 1, 1.65, 17, 200, 90, 0
8, 1256, 1, 1.7, 20, 350, 180, 0
8, 1257, 0, 1.7, 254, NaN, NaN, 0
8, 1258, 1, 1.6, 1, 200, 270, 0
8, 1259, 0, 1.7, 208, NaN, NaN, 0
8, 1260, 1, 1.6, 2, 250, 90, 0
8, 1261, 1, 1.6, 6, 50, 225, 1
8, 1262, 1, 1.65, 14, 250, 0, 0
8, 1263, 1, 1.6, 1, 200, 45, 0
8, 1264, 1, 1.65, 11, 350, 270, 0
8, 1265, 1, 1.6, 2, 300, 135, 0
8, 1266, 1, 1.65, 10, 250, 45, 0
8, 1267, 1, 1.6, 7, 300, 180, 0
8, 1268, 1, 1.65, 13, 400, 270, 0
8, 1269, 1, 1.6, 2, 400, 270, 0
8, 1270, 1, 1.7, 22, 350, 0, 0
8, 1271, 1, 1.6, 4, 200, 90, 0
8, 1272, 1, 1.65, 16, 250, 180, 0
8, 1273, 1, 1.7, 24, 100, 225, 1
8, 1274, 1, 1.6, 5, 350, 45, 0
8, 1275, 1, 1.65, 15, 200, 270, 0
8, 1276, 0, 1.6, 75, NaN, NaN, 0
8, 1277, 1, 1.7, 26, 250, 180, 0
8, 1278, 1, 1.6, 2, 400, 45, 0
8, 1279, 1, 1.65, 17, 250, 270, 0
8, 1280, 1, 1.6, 4, 50, 225, 1
8, 1281, 1, 1.7, 24, 300, 90, 1
8, 1282, 1, 1.7, 19, 100, 225, 1
8, 1283, 1, 1.65, 14, 200, 225, 0
8, 1284, 1, 1.6, 1, 100, 180, 0
8, 1285, 1, 1.65, 18, 300, 315, 0
8, 1286, 1, 1.6, 3, 200, 135, 0
8, 1287, 1, 1.65, 15, 200, 180, 0
8, 1288, 0, 1.6, 55, NaN, NaN, 0
8, 1289, 1, 1.7, 19, 50, 0, 1
8, 1290, 0, 1.7, 244, NaN, NaN, 0
8, 1291, 1, 1.7, 23, 400, 180, 0
8, 1292, 1, 1.6, 9, 50, 90, 0
8, 1293, 1, 1.65, 15, 150, 225, 1
8, 1294, 1, 1.7, 24, 100, 0, 0
8, 1295, 1, 1.7, 25, 350, 315, 0
8, 1296, 1, 1.7, 23, 350, 315, 0
8, 1297, 1, 1.65, 14, 250, 90, 0
8, 1298, 1, 1.7, 26, 200, 270, 1
8, 1299, 1, 1.7, 20, 300, 180, 0
8, 1300, 0, 1.6, 61, NaN, NaN, 0
8, 1301, 0, 1.7, 249, NaN, NaN, 0
8, 1302, 1, 1.7, 23, 300, 315, 0
8, 1303, 1, 1.6, 6, 200, 225, 0
8, 1304, 1, 1.6, 4, 350, 90, 0
8, 1305, 1, 1.65, 12, 150, 45, 1
8, 1306, 0, 1.6, 42, NaN, NaN, 0
8, 1307, 1, 1.6, 2, 350, 315, 0
8, 1308, 1, 1.65, 17, 200, 270, 1
8, 1309, 0, 1.65, 176, NaN, NaN, 0
8, 1310, 1, 1.7, 19, 50, 45, 1
8, 1311, 1, 1.65, 13, 200, 180, 0
8, 1312, 1, 1.6, 9, 200, 315, 0
8, 1313, 1, 1.6, 6, 100, 315, 0
8, 1314, 1, 1.7, 19, 150, 315, 1
8, 1315, 1, 1.7, 22, 250, 315, 0
8, 1316, 0, 1.6, 91, NaN, NaN, 0
8, 1317, 1, 1.6, 6, 350, 0, 0
8, 1318, 1, 1.65, 10, 400, 270, 0
8, 1319, 1, 1.65, 11, 250, 270, 0
8, 1320, 1, 1.6, 2, 100, 270, 0
8, 1321, 1, 1.7, 20, 350, 0, 0
8, 1322, 1, 1.6, 5, 150, 225, 1
8, 1323, 1, 1.65, 17, 150, 90, 0
8, 1324, 1, 1.6, 6, 300, 0, 0
8, 1325, 1, 1.6, 8, 150, 135, 0
8, 1326, 1, 1.6, 9, 250, 315, 0
8, 1327, 1, 1.7, 23, 50, 45, 1
8, 1328, 1, 1.65, 11, 50, 315, 1
8, 1329, 1, 1.7, 26, 400, 225, 0
8, 1330, 1, 1.65, 16, 200, 0, 0
8, 1331, 1, 1.65, 10, 100, 315, 1
8, 1332, 1, 1.65, 15, 200, 90, 0
8, 1333, 1, 1.6, 7, 150, 225, 0
8, 1334, 1, 1.7, 22, 200, 45, 0
8, 1335, 1, 1.65, 13, 50, 0, 0
8, 1336, 1, 1.65, 11, 250, 45, 1
8, 1337, 1, 1.65, 15, 400, 135, 0
8, 1338, 1, 1.65, 10, 200, 135, 0
8, 1339, 0, 1.65, 171, NaN, NaN, 0
8, 1340, 1, 1.7, 22, 350, 225, 0
8, 1341, 1, 1.7, 22, 200, 270, 0
8, 1342, 1, 1.65, 15, 100, 180, 1
8, 1343, 1, 1.7, 24, 100, 135, 1
8, 1344, 1, 1.6, 2, 200, 315, 0
8, 1345, 0, 1.65, 130, NaN, NaN, 0
8, 1346, 1, 1.65, 10, 250, 90, 1
8, 1347, 1, 1.7, 27, 50, 45, 1
8, 1348, 1, 1.7, 23, 300, 180, 0
8, 1349, 1, 1.6, 1, 100, 135, 0
8, 1350, 1, 1.65, 18, 150, 90, 1
8, 1351, 1, 1.65, 16, 100, 90, 1
8, 1352, 1, 1.65, 13, 100, 45, 1
8, 1353, 1, 1.65, 11, 150, 225, 1
8, 1354, 0, 1.65, 136, NaN, NaN, 0
8, 1355, 1, 1.7, 21, 50, 135, 1
8, 1356, 0, 1.7, 235, NaN, NaN, 0
8, 1357, 1, 1.65, 16, 200, 90, 1
8, 1358, 1, 1.65, 18, 250, 0, 0
8, 1359, 1, 1.65, 13, 100, 90, 1
8, 1360, 1, 1.6, 4, 350, 0, 0
8, 1361, 1, 1.65, 17, 100, 225, 0
8, 1362, 1, 1.7, 27, 250, 45, 1
8, 1363, 0, 1.7, 247, NaN, NaN, 0
8, 1364, 1, 1.6, 1, 350, 225, 0
8, 1365, 1, 1.6, 4, 300, 315, 0
8, 1366, 1, 1.7, 26, 400, 180, 0
8, 1367, 1, 1.6, 3, 200, 225, 0
8, 1368, 1, 1.65, 14, 100, 0, 0
8, 1369, 1, 1.7, 24, 250, 90, 0
8, 1370, 1, 1.7, 19, 150, 225, 1
8, 1371, 1, 1.7, 24, 100, 180, 1
8, 1372, 1, 1.65, 14, 250, 315, 0
8, 1373, 1, 1.6, 8, 400, 0, 0
8, 1374, 1, 1.65, 16, 350, 315, 0
8, 1375, 1, 1.6, 9, 400, 90, 0
8, 1376, 1, 1.7, 24, 250, 0, 0
8, 1377, 0, 1.6, 99, NaN, NaN, 0
8, 1378, 1, 1.65, 18, 250, 315, 0
8, 1379, 1, 1.7, 27, 250, 90, 1
8, 1380, 1, 1.65, 11, 350, 225, 0
8, 1381, 1, 1.7, 26, 100, 225, 1
8, 1382, 1, 1.6, 2, 50, 135, 1
8, 1383, 1, 1.7, 24, 150, 45, 1
8, 1384, 1, 1.7, 21, 50, 315, 1
8, 1385, 1, 1.65, 11, 250, 225, 1
8, 1386, 1, 1.6, 8, 100, 315, 0
8, 1387, 1, 1.65, 17, 400, 270, 0
8, 1388, 1, 1.65, 17, 50, 225, 1
8, 1389, 1, 1.7, 27, 50, 180, 1
8, 1390, 1, 1.7, 22, 100, 180, 1
8, 1391, 1, 1.65, 14, 250, 135, 0
8, 1392, 1, 1.7, 21, 250, 45, 0
8, 1393, 0, 1.7, 242, NaN, NaN, 0
8, 1394, 1, 1.7, 27, 350, 315, 0
8, 1395, 1, 1.7, 19, 400, 180, 0
8, 1396, 1, 1.7, 19, 150, 90, 1
8, 1397, 1, 1.65, 13, 100, 0, 1
8, 1398, 1, 1.7, 20, 100, 90, 1
8, 1399, 1, 1.65, 17, 300, 270, 1
8, 1400, 1, 1.6, 9, 400, 45, 0
8, 1401, 1, 1.6, 9, 400, 315, 0
8, 1402, 1, 1.7, 24, 150, 315, 0
8, 1403, 1, 1.6, 8, 400, 315, 0
8, 1404, 1, 1.6, 8, 250, 270, 0
8, 1405, 1, 1.7, 20, 200, 225, 1
8, 1406, 1, 1.6, 7, 350, 0, 0
8, 1407, 1, 1.6, 6, 150, 45, 0
8, 1408, 1, 1.6, 6, 100, 225, 0
8, 1409, 1, 1.7, 23, 350, 180, 0
8, 1410, 1, 1.6, 7, 350, 270, 0
8, 1411, 1, 1.7, 26, 100, 180, 1
8, 1412, 1, 1.7, 21, 350, 90, 1
8, 1413, 1, 1.7, 24, 300, 315, 1
8, 1414, 1, 1.65, 18, 400, 0, 0
8, 1415, 1, 1.6, 3, 150, 225, 0
8, 1416, 1, 1.6, 3, 300, 90, 0
8, 1417, 1, 1.65, 11, 200, 315, 0
8, 1418, 1, 1.7, 23, 150, 225, 1
8, 1419, 1, 1.6, 6, 400, 135, 0
8, 1420, 1, 1.7, 19, 250, 315, 0
8, 1421, 1, 1.6, 3, 200, 90, 0
8, 1422, 1, 1.65, 17, 50, 0, 1
8, 1423, 1, 1.65, 18, 100, 315, 0
8, 1424, 1, 1.7, 22, 300, 270, 1
8, 1425, 1, 1.6, 9, 250, 0, 0
8, 1426, 1, 1.65, 15, 300, 180, 0
8, 1427, 1, 1.7, 23, 50, 135, 1
8, 1428, 1, 1.7, 19, 200, 270, 1
8, 1429, 1, 1.65, 14, 400, 90, 0
8, 1430, 0, 1.65, 196, NaN, NaN, 0
8, 1431, 1, 1.65, 14, 350, 180, 0
8, 1432, 1, 1.65, 16, 350, 0, 0
8, 1433, 1, 1.6, 2, 50, 315, 0
8, 1434, 1, 1.6, 8, 100, 0, 0
8, 1435, 1, 1.7, 23, 200, 45, 0
8, 1436, 1, 1.7, 23, 400, 315, 0
8, 1437, 1, 1.7, 24, 150, 0, 0
8, 1438, 1, 1.7, 20, 200, 0, 0
8, 1439, 1, 1.65, 10, 200, 180, 1
8, 1440, 0, 1.7, 263, NaN, NaN, 0
8, 1441, 1, 1.7, 22, 150, 225, 1
8, 1442, 0, 1.65, 193, NaN, NaN, 0
8, 1443, 1, 1.65, 16, 100, 225, 0
8, 1444, 1, 1.6, 7, 200, 315, 0
8, 1445, 1, 1.7, 27, 350, 45, 0
8, 1446, 1, 1.65, 17, 350, 45, 0
8, 1447, 1, 1.65, 17, 300, 90, 0
8, 1448, 1, 1.6, 9, 50, 45, 1
8, 1449, 1, 1.7, 20, 250, 90, 0
8, 1450, 1, 1.65, 14, 50, 315, 1
8, 1451, 1, 1.7, 20, 200, 315, 0
8, 1452, 1, 1.65, 11, 200, 0, 0
8, 1453, 1, 1.6, 7, 50, 0, 0
8, 1454, 1, 1.6, 9, 50, 180, 1
8, 1455, 1, 1.6, 3, 200, 270, 0
8, 1456, 0, 1.65, 199, NaN, NaN, 0
8, 1457, 0, 1.6, 45, NaN, NaN, 0
8, 1458, 0, 1.65, 118, NaN, NaN, 0
8, 1459, 0, 1.65, 165, NaN, NaN, 0
8, 1460, 0, 1.7, 241, NaN, NaN, 0
8, 1461, 1, 1.7, 27, 150, 135, 0
8, 1462, 1, 1.65, 10, 350, 315, 0
8, 1463, 1, 1.65, 13, 400, 315, 0
8, 1464, 1, 1.7, 25, 50, 135, 1
8, 1465, 1, 1.6, 1, 200, 180, 0
8, 1466, 1, 1.7, 22, 50, 180, 1
8, 1467, 1, 1.65, 11, 400, 135, 0
8, 1468, 1, 1.65, 12, 50, 0, 0
8, 1469, 1, 1.6, 7, 200, 225, 0
8, 1470, 0, 1.65, 116, NaN, NaN, 0
8, 1471, 1, 1.7, 19, 350, 135, 1
8, 1472, 0, 1.7, 274, NaN, NaN, 0
8, 1473, 1, 1.65, 11, 100, 225, 0
8, 1474, 1, 1.6, 7, 50, 135, 0
8, 1475, 1, 1.65, 18, 300, 90, 1
8, 1476, 1, 1.65, 11, 350, 0, 0
8, 1477, 1, 1.7, 26, 150, 45, 1
8, 1478, 1, 1.7, 25, 350, 225, 0
8, 1479, 1, 1.6, 1, 150, 90, 0
8, 1480, 1, 1.6, 3, 100, 45, 0
8, 1481, 1, 1.65, 17, 50, 315, 0
8, 1482, 0, 1.6, 103, NaN, NaN, 0
8, 1483, 1, 1.6, 2, 300, 180, 0
8, 1484, 1, 1.7, 26, 400, 90, 0
8, 1485, 0, 1.65, 117, NaN, NaN, 0
8, 1486, 1, 1.7, 20, 50, 45, 1
8, 1487, 1, 1.6, 6, 300, 45, 0
8, 1488, 1, 1.6, 6, 250, 135, 0
8, 1489, 1, 1.7, 27, 50, 0, 1
8, 1490, 1, 1.7, 20, 100, 135, 1
8, 1491, 1, 1.6, 1, 250, 135, 0
8, 1492, 1, 1.6, 9, 350, 270, 0
8, 1493, 1, 1.65, 12, 200, 45, 0
8, 1494, 1, 1.65, 15, 300, 315, 0
8, 1495, 1, 1.6, 6, 350, 225, 0
8, 1496, 0, 1.6, 52, NaN, NaN, 0
8, 1497, 1, 1.6, 8, 400, 180, 0
8, 1498, 0, 1.6, 74, NaN, NaN, 0
8, 1499, 1, 1.6, 7, 200, 0, 0
8, 1500, 1, 1.6, 2, 350, 180, 0
8, 1501, 1, 1.65, 16, 200, 45, 1
8, 1502, 1, 1.6, 4, 400, 315, 0
8, 1503, 1, 1.65, 11, 400, 270, 0
8, 1504, 1, 1.65, 11, 200, 90, 1
8, 1505, 1, 1.6, 6, 100, 0, 0
8, 1506, 1, 1.6, 2, 50, 45, 1
8, 1507, 1, 1.6, 8, 300, 270, 0
8, 1508, 1, 1.65, 13, 400, 180, 0
8, 1509, 1, 1.65, 10, 50, 270, 1
8, 1510, 1, 1.6, 3, 300, 225, 0
8, 1511, 1, 1.6, 1, 400, 45, 0
8, 1512, 1, 1.6, 5, 50, 225, 1
8, 1513, 1, 1.6, 9, 400, 270, 0
8, 1514, 0, 1.6, 35, NaN, NaN, 0
8, 1515, 1, 1.65, 11, 50, 180, 1
8, 1516, 1, 1.6, 4, 200, 0, 0
8, 1517, 1, 1.7, 22, 50, 135, 1
8, 1518, 1, 1.7, 22, 350, 270, 0
8, 1519, 1, 1.7, 23, 100, 0, 1
8, 1520, 1, 1.7, 25, 200, 0, 0
8, 1521, 1, 1.7, 26, 50, 45, 1
8, 1522, 1, 1.6, 1, 150, 225, 0
8, 1523, 0, 1.65, 198, NaN, NaN, 0
8, 1524, 1, 1.6, 6, 350, 315, 0
8, 1525, 1, 1.7, 27, 400, 45, 0
8, 1526, 1, 1.7, 22, 100, 0, 1
8, 1527, 1, 1.7, 19, 150, 180, 0
8, 1528, 0, 1.65, 127, NaN, NaN, 0
8, 1529, 1, 1.65, 12, 300, 180, 0
8, 1530, 1, 1.6, 6, 400, 225, 0
8, 1531, 0, 1.6, 105, NaN, NaN, 0
8, 1532, 0, 1.65, 195, NaN, NaN, 0
8, 1533, 0, 1.6, 84, NaN, NaN, 0
8, 1534, 1, 1.6, 1, 300, 90, 0
8, 1535, 0, 1.65, 181, NaN, NaN, 0
8, 1536, 1, 1.65, 14, 100, 225, 0
8, 1537, 1, 1.6, 1, 300, 45, 0
8, 1538, 1, 1.7, 27, 350, 225, 0
8, 1539, 1, 1.65, 14, 100, 180, 0
8, 1540, 1, 1.65, 11, 350, 180, 0
8, 1541, 1, 1.7, 24, 400, 315, 0
8, 1542, 1, 1.65, 10, 100, 45, 0
8, 1543, 1, 1.6, 6, 250, 225, 0
8, 1544, 1, 1.6, 2, 150, 45, 0
8, 1545, 1, 1.7, 26, 50, 0, 0
8, 1546, 1, 1.65, 16, 100, 45, 0
8, 1547, 1, 1.7, 23, 250, 0, 0
8, 1548, 0, 1.65, 142, NaN, NaN, 0
8, 1549, 1, 1.65, 13, 350, 270, 0
8, 1550, 1, 1.7, 22, 300, 135, 0
8, 1551, 1, 1.65, 13, 250, 180, 0
8, 1552, 1, 1.7, 19, 300, 180, 0
8, 1553, 1, 1.65, 15, 300, 135, 0
8, 1554, 1, 1.7, 20, 150, 270, 1
8, 1555, 1, 1.65, 15, 300, 0, 0
8, 1556, 1, 1.6, 2, 400, 315, 0
8, 1557, 0, 1.65, 122, NaN, NaN, 0
8, 1558, 1, 1.6, 5, 200, 135, 0
8, 1559, 1, 1.7, 25, 200, 90, 1
8, 1560, 1, 1.7, 27, 150, 270, 1
8, 1561, 0, 1.6, 73, NaN, NaN, 0
8, 1562, 1, 1.65, 17, 300, 315, 0
8, 1563, 1, 1.65, 18, 300, 135, 0
8, 1564, 1, 1.6, 8, 150, 270, 0
8, 1565, 0, 1.65, 135, NaN, NaN, 0
8, 1566, 1, 1.6, 9, 350, 90, 0
8, 1567, 1, 1.65, 10, 50, 0, 1
8, 1568, 1, 1.7, 21, 300, 180, 0
8, 1569, 1, 1.65, 17, 250, 135, 0
8, 1570, 1, 1.65, 17, 300, 45, 0
8, 1571, 1, 1.65, 18, 350, 90, 0
8, 1572, 1, 1.6, 3, 50, 0, 0
8, 1573, 1, 1.65, 12, 50, 270, 1
8, 1574, 1, 1.7, 24, 250, 315, 0
8, 1575, 1, 1.7, 25, 150, 0, 1
8, 1576, 1, 1.7, 23, 100, 45, 1
8, 1577, 1, 1.65, 15, 400, 45, 0
8, 1578, 1, 1.6, 6, 250, 45, 0
8, 1579, 1, 1.6, 5, 200, 315, 0
8, 1580, 1, 1.6, 5, 50, 180, 1
8, 1581, 1, 1.7, 23, 350, 135, 0
8, 1582, 0, 1.6, 102, NaN, NaN, 0
8, 1583, 1, 1.7, 20, 350, 45, 0
8, 1584, 0, 1.7, 277, NaN, NaN, 0
8, 1585, 1, 1.6, 8, 50, 315, 0
8, 1586, 1, 1.7, 26, 250, 135, 0
8, 1587, 1, 1.65, 12, 250, 135, 0
8, 1588, 1, 1.7, 20, 350, 225, 0
8, 1589, 1, 1.6, 5, 250, 225, 0
8, 1590, 0, 1.65, 175, NaN, NaN, 0
8, 1591, 1, 1.65, 18, 350, 270, 0
8, 1592, 1, 1.65, 15, 250, 270, 0
8, 1593, 1, 1.7, 23, 400, 90, 0
8, 1594, 1, 1.6, 8, 300, 225, 0
8, 1595, 1, 1.7, 22, 50, 45, 1
8, 1596, 1, 1.6, 9, 350, 225, 0
8, 1597, 1, 1.6, 4, 400, 135, 0
8, 1598, 1, 1.6, 4, 400, 0, 0
8, 1599, 1, 1.65, 17, 250, 315, 0
8, 1600, 1, 1.65, 15, 150, 315, 0
8, 1601, 1, 1.7, 22, 50, 225, 1
8, 1602, 1, 1.65, 17, 200, 45, 1
8, 1603, 1, 1.7, 27, 350, 270, 1
8, 1604, 1, 1.65, 16, 250, 90, 0
8, 1605, 1, 1.65, 18, 50, 315, 1
8, 1606, 1, 1.6, 6, 300, 270, 0
8, 1607, 1, 1.7, 25, 150, 180, 1
8, 1608, 1, 1.65, 11, 250, 90, 0
8, 1609, 1, 1.65, 10, 400, 315, 0
8, 1610, 1, 1.65, 15, 100, 90, 1
8, 1611, 1, 1.6, 1, 300, 135, 0
8, 1612, 1, 1.7, 23, 100, 225, 1
8, 1613, 1, 1.7, 25, 300, 180, 0
8, 1614, 1, 1.7, 22, 250, 0, 0
8, 1615, 1, 1.65, 11, 300, 90, 0
8, 1616, 1, 1.7, 26, 150, 90, 1
8, 1617, 0, 1.6, 58, NaN, NaN, 0
8, 1618, 1, 1.6, 3, 250, 90, 0
8, 1619, 1, 1.65, 17, 50, 90, 1
8, 1620, 1, 1.6, 9, 200, 45, 1
8, 1621, 1, 1.65, 18, 150, 225, 1
8, 1622, 1, 1.7, 20, 250, 180, 0
8, 1623, 1, 1.6, 4, 200, 45, 0
8, 1624, 1, 1.7, 19, 100, 45, 1
8, 1625, 1, 1.6, 4, 150, 270, 0
8, 1626, 1, 1.7, 24, 150, 135, 1
8, 1627, 1, 1.7, 24, 100, 45, 1
8, 1628, 1, 1.6, 1, 400, 180, 0
8, 1629, 0, 1.7, 261, NaN, NaN, 0
8, 1630, 1, 1.7, 26, 50, 135, 1
8, 1631, 1, 1.65, 12, 400, 90, 0
8, 1632, 1, 1.65, 12, 350, 135, 0
8, 1633, 0, 1.65, 185, NaN, NaN, 0
8, 1634, 0, 1.65, 145, NaN, NaN, 0
8, 1635, 1, 1.65, 18, 200, 225, 1
8, 1636, 1, 1.6, 6, 350, 135, 0
8, 1637, 1, 1.65, 11, 100, 270, 1
8, 1638, 1, 1.6, 5, 300, 270, 0
8, 1639, 1, 1.7, 24, 200, 45, 1
8, 1640, 1, 1.7, 20, 50, 0, 1
8, 1641, 0, 1.65, 172, NaN, NaN, 0
8, 1642, 1, 1.65, 11, 400, 90, 0
8, 1643, 1, 1.65, 16, 300, 45, 0
8, 1644, 1, 1.6, 4, 350, 270, 0
8, 1645, 1, 1.65, 13, 200, 225, 0
8, 1646, 1, 1.65, 10, 300, 90, 0
8, 1647, 1, 1.7, 22, 50, 270, 1
8, 1648, 1, 1.7, 26, 300, 0, 0
8, 1649, 0, 1.7, 255, NaN, NaN, 0
8, 1650, 0, 1.65, 137, NaN, NaN, 0
8, 1651, 1, 1.65, 16, 150, 180, 0
8, 1652, 1, 1.65, 15, 150, 90, 0
8, 1653, 0, 1.6, 83, NaN, NaN, 0
8, 1654, 1, 1.6, 4, 100, 270, 0
8, 1655, 1, 1.65, 10, 50, 315, 1
8, 1656, 1, 1.65, 11, 50, 270, 0
8, 1657, 1, 1.65, 16, 50, 270, 1
8, 1658, 0, 1.7, 201, NaN, NaN, 0
8, 1659, 1, 1.65, 13, 200, 0, 0
8, 1660, 1, 1.7, 25, 300, 315, 0
8, 1661, 1, 1.65, 16, 150, 0, 0
8, 1662, 0, 1.6, 87, NaN, NaN, 0
8, 1663, 1, 1.7, 20, 250, 225, 0
8, 1664, 1, 1.7, 25, 400, 315, 0
8, 1665, 1, 1.7, 19, 400, 90, 0
8, 1666, 1, 1.65, 18, 100, 45, 1
8, 1667, 1, 1.7, 23, 50, 315, 1
8, 1668, 0, 1.65, 159, NaN, NaN, 0
8, 1669, 1, 1.65, 10, 300, 315, 0
8, 1670, 1, 1.6, 6, 250, 90, 0
8, 1671, 1, 1.7, 20, 150, 0, 1
8, 1672, 1, 1.65, 13, 300, 0, 0
8, 1673, 1, 1.65, 13, 200, 45, 0
8, 1674, 1, 1.7, 19, 200, 0, 0
8, 1675, 1, 1.6, 2, 250, 180, 0
8, 1676, 0, 1.65, 147, NaN, NaN, 0
8, 1677, 1, 1.65, 13, 150, 45, 0
8, 1678, 1, 1.7, 27, 50, 225, 1
8, 1679, 1, 1.65, 11, 150, 0, 0
8, 1680, 1, 1.65, 11, 150, 270, 1
8, 1681, 1, 1.65, 16, 400, 45, 0
8, 1682, 1, 1.7, 23, 200, 0, 1
8, 1683, 1, 1.65, 12, 300, 45, 0
8, 1684, 1, 1.7, 27, 100, 135, 1
8, 1685, 1, 1.6, 9, 250, 135, 0
8, 1686, 1, 1.6, 4, 350, 315, 0
8, 1687, 1, 1.7, 19, 300, 270, 1
8, 1688, 1, 1.7, 20, 350, 270, 0
8, 1689, 1, 1.7, 22, 50, 90, 1
8, 1690, 1, 1.6, 3, 250, 270, 0
8, 1691, 0, 1.7, 280, NaN, NaN, 0
8, 1692, 1, 1.7, 24, 300, 45, 0
8, 1693, 1, 1.65, 10, 350, 135, 0
8, 1694, 1, 1.6, 7, 350, 90, 0
8, 1695, 1, 1.65, 15, 400, 270, 0
8, 1696, 1, 1.6, 4, 250, 135, 0
8, 1697, 1, 1.6, 8, 200, 45, 0
8, 1698, 0, 1.7, 224, NaN, NaN, 0
8, 1699, 1, 1.7, 19, 350, 315, 0
8, 1700, 1, 1.65, 14, 150, 315, -1
8, 1701, 0, 1.6, 96, NaN, NaN, 0
8, 1702, 1, 1.6, 6, 150, 315, 0
8, 1703, 1, 1.7, 27, 100, 315, 0
8, 1704, 0, 1.7, 206, NaN, NaN, 0
8, 1705, 1, 1.65, 14, 350, 135, 0
8, 1706, 1, 1.6, 7, 150, 90, 0
8, 1707, 1, 1.7, 25, 250, 90, 1
8, 1708, 0, 1.6, 86, NaN, NaN, 0
8, 1709, 1, 1.6, 5, 200, 90, 0
8, 1710, 1, 1.65, 10, 400, 180, 0
8, 1711, 1, 1.65, 11, 300, 0, 0
8, 1712, 1, 1.7, 23, 300, 135, 0
8, 1713, 1, 1.7, 25, 400, 45, 0
8, 1714, 1, 1.65, 18, 400, 135, 0
8, 1715, 1, 1.65, 13, 350, 135, 0
8, 1716, 1, 1.7, 19, 200, 45, 0
8, 1717, 1, 1.7, 22, 150, 270, 1
8, 1718, 1, 1.6, 5, 50, 135, 1
8, 1719, 1, 1.65, 15, 100, 0, 1
8, 1720, 1, 1.6, 1, 150, 315, 0
8, 1721, 1, 1.6, 8, 100, 135, 0
8, 1722, 1, 1.65, 13, 50, 45, 1
8, 1723, 0, 1.65, 169, NaN, NaN, 0
8, 1724, 1, 1.7, 22, 400, 90, 0
8, 1725, 1, 1.7, 23, 400, 135, 0
8, 1726, 1, 1.7, 26, 400, 315, 0
8, 1727, 1, 1.65, 12, 50, 45, 0
8, 1728, 1, 1.7, 21, 400, 225, 0
8, 1729, 1, 1.7, 22, 150, 180, 1
8, 1730, 1, 1.65, 12, 250, 45, 0
8, 1731, 1, 1.6, 9, 400, 180, 0
8, 1732, 1, 1.7, 22, 250, 90, 1
8, 1733, 0, 1.65, 123, NaN, NaN, 0
8, 1734, 0, 1.7, 256, NaN, NaN, 0
8, 1735, 1, 1.7, 26, 350, 0, 0
8, 1736, 1, 1.65, 16, 200, 315, 0
8, 1737, 1, 1.7, 19, 50, 225, 1
8, 1738, 1, 1.6, 9, 350, 180, 0
8, 1739, 0, 1.7, 219, NaN, NaN, 0
8, 1740, 1, 1.65, 14, 250, 45, 0
8, 1741, 1, 1.7, 20, 200, 45, 0
8, 1742, 1, 1.65, 18, 300, 0, 0
8, 1743, 1, 1.7, 26, 350, 270, 0
8, 1744, 1, 1.6, 9, 50, 0, 0
8, 1745, 1, 1.65, 10, 200, 270, 0
8, 1746, 1, 1.65, 10, 300, 45, 0
8, 1747, 1, 1.65, 12, 250, 270, 0
8, 1748, 0, 1.6, 40, NaN, NaN, 0
8, 1749, 1, 1.6, 5, 100, 0, 0
8, 1750, 1, 1.6, 2, 200, 270, 0
8, 1751, 1, 1.6, 5, 100, 225, 1
8, 1752, 1, 1.7, 25, 100, 90, 1
8, 1753, 1, 1.65, 13, 350, 45, 0
8, 1754, 1, 1.65, 13, 400, 90, 0
8, 1755, 1, 1.65, 16, 350, 45, 0
8, 1756, 1, 1.65, 17, 400, 0, 0
8, 1757, 1, 1.65, 17, 250, 180, 0
8, 1758, 1, 1.65, 14, 200, 45, 0
8, 1759, 0, 1.6, 51, NaN, NaN, 0
8, 1760, 1, 1.65, 15, 200, 135, 0
8, 1761, 1, 1.65, 15, 300, 270, 0
8, 1762, 1, 1.65, 13, 300, 225, 0
8, 1763, 1, 1.65, 14, 100, 90, 0
8, 1764, 0, 1.7, 253, NaN, NaN, 0
8, 1765, 1, 1.6, 9, 400, 0, 0
8, 1766, 0, 1.7, 273, NaN, NaN, 0
8, 1767, 1, 1.7, 25, 200, 45, 0
8, 1768, 1, 1.6, 3, 300, 270, 0
8, 1769, 1, 1.7, 20, 50, 225, 1
8, 1770, 1, 1.6, 9, 100, 90, 0
8, 1771, 1, 1.6, 3, 100, 270, 0
8, 1772, 1, 1.65, 17, 400, 315, 0
8, 1773, 1, 1.6, 8, 350, 135, 0
8, 1774, 1, 1.7, 26, 300, 135, 0
8, 1775, 1, 1.65, 16, 300, 270, 1
8, 1776, 1, 1.65, 14, 150, 90, 0
8, 1777, 1, 1.65, 12, 300, 270, 1
8, 1778, 1, 1.65, 12, 100, 225, 0
8, 1779, 1, 1.7, 23, 100, 90, 1
8, 1780, 1, 1.65, 17, 150, 225, 0
8, 1781, 1, 1.6, 4, 250, 225, 0
8, 1782, 1, 1.65, 15, 50, 90, 1
8, 1783, 1, 1.7, 27, 400, 135, 0
8, 1784, 1, 1.65, 17, 150, 135, 0
8, 1785, 1, 1.6, 8, 50, 0, 0
8, 1786, 1, 1.65, 16, 300, 135, 0
8, 1787, 1, 1.7, 21, 150, 180, 0
8, 1788, 0, 1.7, 243, NaN, NaN, 0
8, 1789, 1, 1.6, 2, 350, 270, 0
8, 1790, 1, 1.6, 2, 50, 90, 1
8, 1791, 1, 1.6, 5, 300, 0, 0
8, 1792, 1, 1.6, 5, 150, 90, 0
8, 1793, 1, 1.7, 24, 200, 135, 0
8, 1794, 1, 1.6, 1, 400, 90, 0
8, 1795, 1, 1.6, 7, 100, 135, 0
8, 1796, 1, 1.65, 17, 400, 225, 0
8, 1797, 1, 1.65, 11, 400, 315, 0
8, 1798, 1, 1.7, 23, 400, 45, 0
8, 1799, 1, 1.65, 14, 50, 90, 0
8, 1800, 0, 1.6, 36, NaN, NaN, 0
8, 1801, 0, 1.7, 246, NaN, NaN, 0
8, 1802, 1, 1.65, 14, 300, 225, 0
8, 1803, 1, 1.7, 20, 300, 0, 0
8, 1804, 1, 1.65, 15, 150, 45, 1
8, 1805, 1, 1.6, 5, 300, 315, 0
8, 1806, 1, 1.7, 27, 250, 225, 0
8, 1807, 1, 1.65, 14, 250, 270, 0
8, 1808, 1, 1.65, 13, 400, 225, 0
8, 1809, 1, 1.65, 16, 250, 270, 0
8, 1810, 1, 1.6, 6, 200, 180, 0
8, 1811, 1, 1.65, 14, 100, 45, 0
8, 1812, 0, 1.65, 151, NaN, NaN, 0
8, 1813, 1, 1.7, 19, 100, 0, 1
8, 1814, 1, 1.6, 1, 350, 270, 0
8, 1815, 1, 1.7, 22, 150, 315, 1
8, 1816, 1, 1.7, 24, 400, 0, 0
8, 1817, 1, 1.7, 20, 400, 270, 0
8, 1818, 1, 1.7, 24, 350, 135, 0
8, 1819, 1, 1.7, 25, 400, 0, 0
8, 1820, 1, 1.6, 4, 400, 225, 0
8, 1821, 1, 1.65, 18, 250, 180, 0
8, 1822, 1, 1.7, 20, 400, 0, 0
8, 1823, 1, 1.65, 17, 300, 225, 0
8, 1824, 1, 1.6, 3, 400, 135, 0
8, 1825, 1, 1.6, 5, 350, 270, 0
8, 1826, 0, 1.6, 72, NaN, NaN, 0
8, 1827, 1, 1.65, 14, 50, 225, 1
8, 1828, 1, 1.6, 4, 100, 315, 0
8, 1829, 1, 1.7, 19, 400, 0, 0
8, 1830, 1, 1.7, 21, 150, 225, 1
8, 1831, 1, 1.6, 4, 400, 90, 0
8, 1832, 1, 1.65, 15, 250, 45, 0
8, 1833, 1, 1.6, 2, 50, 0, 0
8, 1834, 0, 1.65, 149, NaN, NaN, 0
8, 1835, 1, 1.6, 2, 400, 180, 0
8, 1836, 1, 1.65, 10, 50, 90, 1
8, 1837, 1, 1.6, 2, 50, 225, 1
8, 1838, 0, 1.65, 148, NaN, NaN, 0
8, 1839, 1, 1.6, 9, 400, 135, 0
8, 1840, 1, 1.7, 26, 150, 225, 1
8, 1841, 1, 1.65, 14, 200, 135, 0
8, 1842, 1, 1.6, 6, 100, 180, 1
8, 1843, 1, 1.65, 12, 200, 225, 0
8, 1844, 1, 1.6, 4, 300, 90, 0
8, 1845, 1, 1.6, 7, 50, 315, 0
8, 1846, 0, 1.6, 37, NaN, NaN, 0
8, 1847, 1, 1.65, 10, 400, 45, 0
8, 1848, 0, 1.6, 32, NaN, NaN, 0
8, 1849, 1, 1.6, 1, 50, 315, 1
8, 1850, 1, 1.6, 7, 350, 180, 0
8, 1851, 1, 1.6, 6, 300, 225, 0
8, 1852, 1, 1.65, 12, 50, 315, 1
8, 1853, 1, 1.6, 9, 100, 135, 0
8, 1854, 1, 1.65, 10, 400, 90, 0
8, 1855, 1, 1.7, 24, 50, 315, 1
8, 1856, 1, 1.6, 9, 350, 45, 0
8, 1857, 0, 1.7, 260, NaN, NaN, 0
8, 1858, 0, 1.7, 271, NaN, NaN, 0
8, 1859, 1, 1.6, 6, 50, 45, 1
8, 1860, 1, 1.65, 14, 400, 0, 0
8, 1861, 1, 1.6, 9, 350, 135, 0
8, 1862, 1, 1.7, 20, 200, 90, 0
8, 1863, 1, 1.65, 17, 150, 45, 1
8, 1864, 1, 1.6, 1, 50, 225, 0
8, 1865, 1, 1.6, 1, 100, 270, 0
8, 1866, 1, 1.65, 17, 250, 225, 0
8, 1867, 1, 1.6, 2, 100, 135, 0
8, 1868, 1, 1.7, 19, 350, 0, 0
8, 1869, 1, 1.6, 9, 350, 315, 0
8, 1870, 1, 1.65, 17, 350, 0, 0
8, 1871, 1, 1.7, 25, 150, 135, 1
8, 1872, 1, 1.6, 5, 350, 90, 0
8, 1873, 1, 1.6, 8, 50, 225, 1
8, 1874, 1, 1.7, 20, 400, 225, 0
8, 1875, 1, 1.65, 11, 400, 45, 0
8, 1876, 1, 1.7, 24, 100, 90, 1
8, 1877, 1, 1.6, 7, 50, 45, 0
8, 1878, 1, 1.65, 15, 100, 315, 1
8, 1879, 1, 1.65, 11, 350, 135, 0
8, 1880, 1, 1.65, 13, 50, 90, 0
8, 1881, 0, 1.65, 114, NaN, NaN, 0
8, 1882, 1, 1.7, 21, 50, 270, 1
8, 1883, 0, 1.6, 49, NaN, NaN, 0
8, 1884, 1, 1.6, 8, 150, 315, 0
8, 1885, 1, 1.65, 16, 50, 90, 0
8, 1886, 1, 1.65, 18, 50, 135, 1
8, 1887, 1, 1.6, 1, 250, 180, 0
8, 1888, 1, 1.65, 10, 150, 270, 0
8, 1889, 0, 1.6, 111, NaN, NaN, 0
8, 1890, 1, 1.65, 16, 350, 135, 0
8, 1891, 1, 1.65, 18, 150, 270, 1
8, 1892, 1, 1.6, 1, 100, 90, 0
8, 1893, 1, 1.6, 3, 200, 0, 0
8, 1894, 1, 1.65, 18, 100, 0, 0
8, 1895, 1, 1.65, 13, 100, 315, 0
8, 1896, 1, 1.6, 3, 50, 180, 0
8, 1897, 1, 1.7, 21, 300, 135, 0
8, 1898, 1, 1.6, 5, 50, 45, 1
8, 1899, 1, 1.6, 6, 100, 90, 0
8, 1900, 1, 1.65, 11, 400, 0, 0
8, 1901, 1, 1.7, 27, 200, 180, 0
8, 1902, 0, 1.6, 106, NaN, NaN, 0
8, 1903, 1, 1.65, 13, 250, 315, 0
8, 1904, 1, 1.7, 19, 50, 270, 1
8, 1905, 0, 1.6, 43, NaN, NaN, 0
8, 1906, 1, 1.7, 23, 50, 225, 1
8, 1907, 1, 1.65, 10, 50, 180, 1
8, 1908, 1, 1.65, 17, 400, 135, 0
8, 1909, 0, 1.7, 269, NaN, NaN, 0
8, 1910, 1, 1.7, 23, 200, 180, 1
8, 1911, 1, 1.65, 18, 300, 180, 0
8, 1912, 1, 1.65, 10, 150, 180, 1
8, 1913, 1, 1.65, 11, 150, 315, 0
8, 1914, 1, 1.7, 26, 250, 90, 1
8, 1915, 1, 1.65, 17, 200, 0, 0
8, 1916, 1, 1.6, 7, 100, 180, 0
8, 1917, 1, 1.65, 11, 300, 315, 0
8, 1918, 1, 1.65, 14, 300, 0, 0
8, 1919, 1, 1.6, 5, 350, 135, 0
8, 1920, 1, 1.65, 16, 200, 180, 1
8, 1921, 1, 1.7, 23, 200, 135, 1
8, 1922, 0, 1.6, 41, NaN, NaN, 0
8, 1923, 0, 1.7, 203, NaN, NaN, 0
8, 1924, 0, 1.65, 115, NaN, NaN, 0
8, 1925, 1, 1.65, 11, 100, 180, 1
8, 1926, 1, 1.7, 25, 250, 270, 0
8, 1927, 1, 1.7, 21, 300, 90, 0
8, 1928, 1, 1.65, 16, 400, 180, 0
8, 1929, 1, 1.6, 4, 250, 0, 0
8, 1930, 1, 1.65, 10, 300, 270, 0
8, 1931, 0, 1.6, 98, NaN, NaN, 0
8, 1932, 1, 1.6, 7, 300, 45, 0
8, 1933, 1, 1.6, 4, 50, 270, 1
8, 1934, 1, 1.7, 23, 350, 90, 0
8, 1935, 1, 1.6, 3, 50, 270, 0
8, 1936, 1, 1.65, 17, 50, 180, 0
8, 1937, 1, 1.65, 14, 300, 90, 0
8, 1938, 1, 1.6, 6, 100, 135, 0
8, 1939, 1, 1.6, 7, 350, 135, 0
8, 1940, 1, 1.7, 24, 150, 225, 1
8, 1941, 1, 1.65, 11, 200, 135, 0
8, 1942, 1, 1.7, 27, 300, 45, 0
8, 1943, 1, 1.65, 15, 100, 45, 0
8, 1944, 1, 1.7, 20, 350, 135, 0
8, 1945, 1, 1.65, 14, 400, 135, 0
8, 1946, 1, 1.65, 18, 50, 180, 1
8, 1947, 0, 1.6, 63, NaN, NaN, 0
8, 1948, 1, 1.6, 1, 400, 0, 0
8, 1949, 1, 1.7, 19, 300, 225, 0
8, 1950, 1, 1.7, 25, 150, 270, 0
8, 1951, 1, 1.7, 26, 250, 270, 1
8, 1952, 1, 1.6, 5, 150, 270, 0
8, 1953, 1, 1.6, 2, 100, 180, 0
8, 1954, 1, 1.65, 13, 300, 315, 0
8, 1955, 1, 1.7, 26, 350, 90, 0
8, 1956, 1, 1.7, 26, 150, 135, 0
8, 1957, 1, 1.65, 15, 350, 225, 0
8, 1958, 1, 1.65, 17, 400, 45, 0
8, 1959, 1, 1.6, 2, 200, 0, 0
8, 1960, 0, 1.7, 258, NaN, NaN, 0
8, 1961, 1, 1.6, 5, 200, 45, 0
8, 1962, 1, 1.65, 16, 250, 0, 0
8, 1963, 1, 1.6, 3, 300, 0, 0
8, 1964, 0, 1.65, 125, NaN, NaN, 0
8, 1965, 1, 1.6, 5, 150, 135, 0
8, 1966, 1, 1.7, 22, 100, 45, 0
8, 1967, 1, 1.65, 11, 300, 45, 0
8, 1968, 1, 1.6, 1, 50, 180, 1
8, 1969, 1, 1.65, 18, 200, 315, 0
8, 1970, 1, 1.65, 10, 400, 225, 0
8, 1971, 1, 1.7, 22, 250, 270, 0
8, 1972, 0, 1.6, 109, NaN, NaN, 0
8, 1973, 1, 1.65, 13, 250, 0, 0
8, 1974, 1, 1.7, 21, 350, 180, 0
8, 1975, 1, 1.7, 23, 400, 225, 0
8, 1976, 1, 1.6, 8, 250, 45, 0
8, 1977, 1, 1.7, 22, 400, 180, 0
8, 1978, 1, 1.65, 17, 400, 180, 0
8, 1979, 1, 1.7, 21, 100, 0, 1
8, 1980, 1, 1.6, 8, 150, 0, 0
8, 1981, 1, 1.65, 12, 100, 135, 1
8, 1982, 1, 1.65, 17, 200, 315, 0
8, 1983, 1, 1.7, 27, 200, 225, 1
8, 1984, 1, 1.6, 5, 50, 315, 0
8, 1985, 1, 1.65, 14, 50, 45, 1
8, 1986, 1, 1.7, 20, 150, 135, 1
