participantNumber, trialNum, TargetPresent, beta, seed, x, y, RT
9, 1, 0, 1.6, 80, NaN, NaN, -1.000
9, 2, 1, 1.6, 65, 280, 261, 35.562
9, 3, 1, 1.6, 16, 852, 515, 1.652
9, 4, 0, 1.6, 71, NaN, NaN, 0.932
9, 5, 1, 1.7, 186, 135, 964, 1.087
9, 6, 1, 1.65, 123, 823, 86, 1.969
9, 7, 1, 1.7, 179, 873, 778, 1.461
9, 8, 1, 1.7, 200, 511, 298, 0.791
9, 9, 1, 1.7, 169, 314, 115, 0.727
9, 10, 1, 1.6, 39, 528, 342, 0.655
9, 11, 1, 1.6, 58, 735, 710, 2.013
9, 12, 1, 1.6, 18, 312, 195, 0.647
9, 13, 1, 1.7, 178, 376, 310, 0.587
9, 14, 1, 1.6, 70, 865, 179, 0.610
9, 15, 1, 1.7, 220, 848, 940, 1.216
9, 16, 1, 1.6, 60, 453, 362, 4.942
9, 17, 1, 1.6, 55, 380, 589, 0.670
9, 18, 1, 1.6, 38, 292, 481, 3.952
9, 19, 1, 1.65, 93, 433, 877, 1.326
9, 20, 1, 1.65, 108, 407, 424, 0.668
9, 21, 1, 1.6, 69, 657, 196, 28.058
9, 22, 1, 1.7, 170, 742, 289, 0.772
9, 23, 1, 1.65, 95, 710, 666, 1.471
9, 24, 1, 1.7, 209, 652, 175, 0.572
9, 25, 1, 1.65, 143, 436, 385, 6.811
9, 26, 0, 1.65, 151, NaN, NaN, -1.000
9, 27, 1, 1.6, 35, 897, 756, 6.041
9, 28, 1, 1.6, 13, 867, 538, 24.403
9, 29, 1, 1.7, 216, 470, 721, 0.771
9, 30, 1, 1.7, 161, 626, 73, 0.787
9, 31, 1, 1.7, 223, 126, 781, 0.774
9, 32, 1, 1.65, 106, 672, 402, 11.115
9, 33, 1, 1.7, 180, 228, 721, 1.120
9, 34, 1, 1.7, 219, 790, 322, 0.806
9, 35, 0, 1.7, 234, NaN, NaN, -1.000
9, 36, 1, 1.7, 167, 293, 404, 0.619
9, 37, 1, 1.6, 64, 734, 915, 23.227
9, 38, 1, 1.6, 31, 380, 720, 0.962
9, 39, 0, 1.65, 158, NaN, NaN, -1.000
9, 40, 1, 1.6, 23, 875, 608, 5.012
9, 41, 1, 1.65, 104, 241, 562, 4.111
9, 42, 0, 1.7, 233, NaN, NaN, -1.000
9, 43, 1, 1.7, 191, 384, 889, 0.569
9, 44, 1, 1.65, 101, 636, 749, 0.678
9, 45, 1, 1.7, 208, 676, 188, 0.655
9, 46, 1, 1.65, 100, 865, 377, 22.160
9, 47, 0, 1.7, 232, NaN, NaN, -1.000
9, 48, 1, 1.6, 21, 155, 715, 12.780
9, 49, 1, 1.65, 122, 443, 650, 0.606
9, 50, 1, 1.65, 84, 470, 891, 3.880
9, 51, 1, 1.6, 9, 143, 208, 2.881
9, 52, 0, 1.65, 153, NaN, NaN, -1.000
9, 53, 1, 1.65, 145, 859, 463, 1.466
9, 54, 1, 1.6, 15, 698, 389, 10.992
9, 55, 1, 1.7, 165, 350, 412, 0.608
9, 56, 1, 1.7, 206, 676, 220, 0.517
9, 57, 1, 1.7, 187, 719, 869, 0.899
9, 58, 1, 1.7, 213, 315, 949, 0.620
9, 59, 1, 1.65, 90, 753, 704, 3.296
9, 60, 1, 1.7, 168, 516, 740, 0.657
9, 61, 1, 1.7, 173, 462, 824, 1.624
9, 62, 1, 1.6, 41, 594, 779, 0.673
9, 63, 1, 1.6, 63, 124, 462, 1.232
9, 64, 1, 1.65, 141, 832, 625, 1.508
9, 65, 1, 1.6, 7, 958, 939, 11.385
9, 66, 0, 1.7, 235, NaN, NaN, -1.000
9, 67, 1, 1.7, 215, 233, 529, 0.528
9, 68, 1, 1.6, 46, 426, 313, 0.612
9, 69, 1, 1.7, 174, 849, 171, 1.027
9, 70, 1, 1.6, 62, 716, 745, 3.660
9, 71, 1, 1.6, 27, 351, 297, 4.268
9, 72, 0, 1.6, 74, NaN, NaN, -1.000
9, 73, 1, 1.7, 210, 553, 639, 0.562
9, 74, 1, 1.65, 107, 643, 716, 0.512
9, 75, 1, 1.6, 68, 238, 246, 0.912
9, 76, 1, 1.7, 217, 77, 198, 1.448
9, 77, 0, 1.65, 155, NaN, NaN, -1.000
9, 78, 0, 1.7, 236, NaN, NaN, -1.000
9, 79, 0, 1.7, 238, NaN, NaN, -1.000
9, 80, 1, 1.7, 196, 296, 911, 0.701
9, 81, 1, 1.65, 91, 355, 171, 5.872
9, 82, 1, 1.7, 166, 316, 422, 0.445
9, 83, 1, 1.6, 25, 842, 661, 9.031
9, 84, 1, 1.7, 227, 430, 219, 0.606
9, 85, 1, 1.65, 138, 931, 611, 0.829
9, 86, 1, 1.65, 124, 617, 260, 0.786
9, 87, 1, 1.6, 36, 916, 204, 1.328
9, 88, 1, 1.65, 97, 641, 751, 2.312
9, 89, 1, 1.7, 181, 535, 956, 0.647
9, 90, 1, 1.65, 137, 419, 486, 0.489
9, 91, 1, 1.6, 59, 87, 466, 3.045
9, 92, 1, 1.7, 172, 485, 925, 0.756
9, 93, 1, 1.7, 177, 90, 455, 0.549
9, 94, 1, 1.7, 205, 270, 772, 0.919
9, 95, 1, 1.7, 198, 240, 956, 0.608
9, 96, 1, 1.6, 29, 745, 317, 1.174
9, 97, 0, 1.65, 160, NaN, NaN, -1.000
9, 98, 1, 1.7, 226, 905, 279, 0.981
9, 99, 1, 1.6, 34, 278, 259, 14.439
9, 100, 1, 1.7, 195, 789, 385, 0.797
9, 101, 1, 1.65, 82, 322, 374, 1.184
9, 102, 1, 1.7, 162, 322, 623, 0.587
9, 103, 1, 1.7, 221, 116, 832, 0.653
9, 104, 1, 1.6, 44, 803, 698, 1.430
9, 105, 0, 1.6, 77, NaN, NaN, -1.000
9, 106, 0, 1.7, 237, NaN, NaN, 3.901
9, 107, 0, 1.7, 239, NaN, NaN, -1.000
9, 108, 1, 1.6, 51, 700, 218, 1.140
9, 109, 0, 1.6, 75, NaN, NaN, -1.000
9, 110, 1, 1.65, 148, 254, 362, 1.964
9, 111, 1, 1.6, 37, 306, 678, 2.881
9, 112, 1, 1.65, 112, 734, 524, 2.627
9, 113, 0, 1.65, 152, NaN, NaN, -1.000
9, 114, 1, 1.65, 142, 719, 95, 1.066
9, 115, 1, 1.6, 56, 700, 96, 1.282
9, 116, 1, 1.7, 171, 269, 726, 0.795
9, 117, 1, 1.65, 125, 895, 526, 0.623
9, 118, 1, 1.65, 121, 769, 758, 2.280
9, 119, 1, 1.65, 103, 583, 647, 6.092
9, 120, 1, 1.6, 17, 727, 440, 0.881
9, 121, 1, 1.7, 176, 736, 583, 0.663
9, 122, 1, 1.6, 48, 745, 422, 1.321
9, 123, 0, 1.6, 76, NaN, NaN, -1.000
9, 124, 1, 1.7, 194, 535, 120, 0.643
9, 125, 1, 1.6, 52, 860, 644, 2.376
9, 126, 1, 1.65, 115, 721, 497, 0.776
9, 127, 1, 1.65, 113, 796, 502, 0.702
9, 128, 1, 1.65, 94, 503, 836, 2.426
9, 129, 1, 1.6, 43, 215, 389, 1.049
9, 130, 1, 1.6, 5, 944, 756, 8.705
9, 131, 1, 1.65, 147, 455, 636, 0.610
9, 132, 1, 1.6, 67, 825, 931, 2.224
9, 133, 1, 1.6, 33, 536, 902, 0.874
9, 134, 0, 1.7, 231, NaN, NaN, -1.000
9, 135, 1, 1.6, 28, 350, 547, 0.768
9, 136, 1, 1.6, 57, 377, 647, 10.812
9, 137, 0, 1.65, 159, NaN, NaN, -1.000
9, 138, 1, 1.65, 140, 612, 166, 0.895
9, 139, 1, 1.65, 109, 671, 858, 0.817
9, 140, 1, 1.6, 20, 311, 555, 9.652
9, 141, 1, 1.6, 30, 859, 582, 4.194
9, 142, 1, 1.7, 214, 696, 77, 0.765
9, 143, 1, 1.7, 230, 235, 883, 1.392
9, 144, 1, 1.65, 139, 337, 490, 0.575
9, 145, 1, 1.65, 102, 199, 927, 0.623
9, 146, 1, 1.6, 11, 279, 204, 4.804
9, 147, 1, 1.65, 150, 420, 475, 0.779
9, 148, 1, 1.7, 229, 478, 936, 0.694
9, 149, 1, 1.7, 218, 389, 284, 0.515
9, 150, 1, 1.65, 135, 550, 61, 2.460
9, 151, 1, 1.65, 83, 403, 606, 0.647
9, 152, 1, 1.7, 193, 581, 125, 0.910
9, 153, 1, 1.7, 197, 105, 67, 0.996
9, 154, 0, 1.7, 240, NaN, NaN, -1.000
9, 155, 1, 1.65, 92, 160, 196, 2.499
9, 156, 1, 1.7, 192, 382, 76, 0.553
9, 157, 1, 1.7, 190, 576, 327, 0.525
9, 158, 1, 1.6, 6, 181, 416, 14.289
9, 159, 1, 1.65, 128, 879, 344, 1.257
9, 160, 1, 1.6, 42, 543, 656, 7.083
9, 161, 1, 1.65, 126, 751, 433, 0.564
9, 162, 1, 1.65, 120, 269, 612, 0.788
9, 163, 1, 1.65, 110, 381, 436, 0.466
9, 164, 1, 1.6, 53, 137, 213, 4.421
9, 165, 1, 1.7, 212, 318, 798, 0.595
9, 166, 0, 1.65, 157, NaN, NaN, -1.000
9, 167, 1, 1.6, 24, 509, 922, 13.596
9, 168, 1, 1.6, 2, 913, 781, 4.828
9, 169, 1, 1.65, 86, 165, 894, 0.884
9, 170, 1, 1.6, 10, 204, 619, 0.704
9, 171, 1, 1.6, 40, 444, 232, 1.084
9, 172, 1, 1.7, 204, 250, 842, 0.560
9, 173, 1, 1.6, 47, 220, 659, 2.818
9, 174, 1, 1.7, 225, 773, 680, 0.721
9, 175, 1, 1.6, 1, 622, 498, 0.885
9, 176, 1, 1.65, 105, 954, 344, 2.479
9, 177, 1, 1.65, 133, 687, 206, 0.775
9, 178, 1, 1.6, 22, 388, 881, 2.153
9, 179, 1, 1.7, 188, 215, 467, 1.364
9, 180, 1, 1.7, 164, 252, 602, 0.546
9, 181, 1, 1.7, 222, 931, 161, 0.692
9, 182, 1, 1.7, 202, 135, 98, 0.620
9, 183, 1, 1.7, 211, 703, 694, 0.585
9, 184, 1, 1.65, 129, 366, 511, 3.284
9, 185, 0, 1.65, 154, NaN, NaN, -1.000
9, 186, 1, 1.6, 49, 763, 275, 1.913
9, 187, 1, 1.65, 117, 375, 144, 1.147
9, 188, 1, 1.65, 131, 920, 773, 1.028
9, 189, 1, 1.65, 96, 410, 204, 2.645
9, 190, 1, 1.65, 89, 441, 912, 7.454
9, 191, 1, 1.7, 189, 84, 872, 1.146
9, 192, 1, 1.6, 12, 456, 955, 12.644
9, 193, 1, 1.7, 185, 258, 956, 1.777
9, 194, 1, 1.7, 182, 731, 234, 0.642
9, 195, 1, 1.65, 144, 171, 854, 1.193
9, 196, 0, 1.6, 79, NaN, NaN, -1.000
9, 197, 1, 1.6, 45, 814, 61, 1.684
9, 198, 1, 1.65, 88, 141, 839, 1.469
9, 199, 1, 1.7, 184, 917, 294, 0.897
9, 200, 1, 1.7, 175, 404, 534, 0.620
9, 201, 1, 1.7, 199, 65, 271, 1.292
9, 202, 1, 1.65, 116, 118, 681, 0.690
9, 203, 0, 1.65, 156, NaN, NaN, -1.000
9, 204, 1, 1.7, 224, 740, 668, 0.625
9, 205, 1, 1.65, 130, 632, 117, 4.040
9, 206, 1, 1.65, 134, 280, 642, 1.544
9, 207, 1, 1.7, 203, 637, 574, 0.645
9, 208, 1, 1.6, 4, 631, 811, 8.021
9, 209, 1, 1.65, 114, 191, 718, 1.194
9, 210, 1, 1.65, 127, 567, 299, 2.677
9, 211, 1, 1.65, 87, 244, 662, 0.573
9, 212, 1, 1.6, 50, 451, 956, 20.568
9, 213, 1, 1.65, 146, 891, 788, 1.495
9, 214, 1, 1.6, 32, 712, 637, 1.041
9, 215, 1, 1.7, 163, 180, 636, 0.800
9, 216, 1, 1.65, 149, 193, 503, 0.848
9, 217, 1, 1.6, 14, 208, 689, 8.344
9, 218, 1, 1.65, 98, 430, 772, 0.945
9, 219, 1, 1.6, 26, 838, 677, 1.626
9, 220, 1, 1.65, 99, 813, 943, 1.040
9, 221, 1, 1.7, 207, 617, 620, 0.644
9, 222, 1, 1.7, 201, 785, 683, 0.488
9, 223, 1, 1.6, 66, 887, 238, 40.348
9, 224, 1, 1.6, 61, 158, 692, 1.207
9, 225, 1, 1.65, 136, 92, 278, 4.622
9, 226, 1, 1.6, 3, 842, 456, 5.701
9, 227, 1, 1.65, 132, 811, 835, 1.471
9, 228, 1, 1.7, 228, 871, 349, 0.726
9, 229, 1, 1.65, 85, 957, 271, 0.920
9, 230, 1, 1.65, 111, 609, 580, 0.644
9, 231, 1, 1.7, 183, 461, 177, 0.496
9, 232, 1, 1.65, 119, 369, 562, 0.489
9, 233, 1, 1.6, 8, 421, 916, 3.465
9, 234, 1, 1.6, 54, 622, 646, 18.758
9, 235, 1, 1.65, 81, 451, 349, 0.516
9, 236, 0, 1.6, 72, NaN, NaN, -1.000
9, 237, 1, 1.65, 118, 581, 843, 0.835
9, 238, 0, 1.6, 73, NaN, NaN, -1.000
9, 239, 1, 1.6, 19, 199, 699, 1.518
9, 240, 0, 1.6, 78, NaN, NaN, -1.000
